0.0 0.46500200033187866 0.2584399878978729 0.04123598337173462 0.08413398265838623
0.0 0.4407620131969452 0.5573510080575943 0.06263101100921631 0.12386402487754822
0.0 0.9064610004425049 0.5191500186920166 0.052572011947631836 0.11623501777648926
0.0 0.6957110166549683 0.4718810021877289 0.052487969398498535 0.10413902997970581
0.0 0.22992298752069473 0.5354470014572144 0.05889199674129486 0.1254650354385376
0.0 0.29963698983192444 0.2735309898853302 0.03814899921417236 0.0896880030632019
0.0 0.6070110201835632 0.26326701790094376 0.03890502452850342 0.08289800584316254
0.0 0.06803999841213226 0.5224289894104004 0.04849199950695038 0.12055099010467529
0.0 0.9754809737205505 0.8528980016708374 0.04858601093292236 0.13138604164123535
0.0 0.8188779950141907 0.21142999827861786 0.028506040573120117 0.055821001529693604
0.0 0.8687189817428589 0.8441839814186096 0.07266998291015625 0.16129302978515625
0.0 0.19658799469470978 0.1334420032799244 0.01775398850440979 0.037095002830028534
0.0 0.3816390037536621 0.2087399959564209 0.03071802854537964 0.07836100459098816
0.0 0.18888799846172333 0.3216550052165985 0.0307140052318573 0.06950801610946655
0.0 0.979108989238739 0.4880400002002716 0.03978896141052246 0.0874139666557312
0.0 0.3606739938259125 0.11648599803447723 0.017722010612487793 0.033908993005752563
0.0 0.11833799257874489 0.16657300293445587 0.019332997500896454 0.03994998335838318
0.0 0.07085000164806843 0.1606229990720749 0.017504002898931503 0.03641200065612793
0.0 0.22755199670791626 0.09783799946308136 0.018144994974136353 0.03218500316143036
0.0 0.26783499121665955 0.13030999898910522 0.020641982555389404 0.040782004594802856
0.0 0.5151410102844238 0.06212099827826023 0.018522024154663086 0.036890994757413864
0.0 0.25835201889276505 0.08937700092792511 0.016821011900901794 0.03195199370384216
0.0 0.007132999831810594 0.3567569851875305 0.014246999751776457 0.09205502271652222
0.0 0.01018999982625246 0.2529970109462738 0.019828999415040016 0.0399399995803833
0.0 0.5946130156517029 0.10204099863767624 0.01826798915863037 0.0383480042219162
0.0 0.12616300955414772 0.11861299723386765 0.015895001590251923 0.03144000470638275
0.0 0.12630901113152504 0.23343800008296967 0.027074001729488373 0.05353400111198425
0.0 0.6366140246391296 0.17103199660778046 0.02374100685119629 0.049138009548187256
0.0 0.3134469985961914 0.07494699768722057 0.013599991798400879 0.027275998145341873
