0 0.440730 0.558402 0.060888 0.126045
0 0.696697 0.492498 0.054573 0.101385
0 0.426028 0.213045 0.042024 0.081530
0 0.081023 0.495615 0.043309 0.104506
0 0.907646 0.525388 0.053885 0.112187
0 0.601613 0.263269 0.038701 0.079332
0 0.249223 0.534912 0.058906 0.126059
0 0.303327 0.272102 0.041037 0.090461
0 0.971834 0.484492 0.042710 0.090290
0 0.819333 0.210813 0.027177 0.053035
0 0.357760 0.113749 0.017675 0.033165
0 0.194152 0.136152 0.016375 0.034469
0 0.193995 0.314617 0.030391 0.065401
0 0.308411 0.070292 0.017531 0.032556
0 0.515749 0.062956 0.019088 0.036006
0 0.874055 0.846978 0.072176 0.189272
0 0.593737 0.104331 0.019075 0.038566
0 0.072260 0.165195 0.016620 0.034946
0 0.462643 0.266375 0.038930 0.086010
0 0.269363 0.129995 0.015310 0.030657
0 0.006821 0.259354 0.013642 0.047993
0 0.125908 0.119280 0.015000 0.027950
0 0.435361 0.075122 0.018311 0.033205
0 0.695191 0.080031 0.021575 0.038437
0 0.226247 0.096540 0.015029 0.027787
0 0.123704 0.112054 0.014419 0.029536