0.0 0.5585650205612183 0.55662502348423 0.06231498718261719 0.12286803126335144
0.0 0.39534902572631836 0.25929298996925354 0.042114973068237305 0.08742499351501465
0.0 0.08678197860717773 0.5061089992523193 0.05594205856323242 0.10605502128601074
0.0 0.7493270039558411 0.5457379817962646 0.05652797222137451 0.11467397212982178
0.0 0.2980300188064575 0.4960559904575348 0.05574202537536621 0.11210399866104126
0.0 0.9318700134754181 0.4993380010128021 0.043886005878448486 0.10884898900985718
0.0 0.5240949988365173 0.2449369952082634 0.038369059562683105 0.07172699272632599
0.0 0.47125697135925293 0.1458670049905777 0.03681004047393799 0.0607990026473999
0.0 0.6541000008583069 0.2008640021085739 0.03467297554016113 0.06546100974082947
0.0 0.10455000400543213 0.8155739903450012 0.07161295413970947 0.1830669641494751
0.0 0.5689300298690796 0.09064099937677383 0.021574974060058594 0.04404400289058685
0.0 0.555418998003006 0.19120199978351593 0.030312001705169678 0.05384698510169983
0.0 0.4840790033340454 0.0656799953430891 0.020558953285217285 0.040338996797800064
0.0 0.7544029951095581 0.03750799968838692 0.020501017570495605 0.04061400145292282
0.0 0.5116130113601685 0.09473100304603577 0.022734999656677246 0.044992998242378235
0.0 0.7700760066509247 0.17751599848270416 0.026706039905548096 0.04709500074386597
0.0 0.646138995885849 0.11521200090646744 0.020759999752044678 0.03763200342655182
0.0 0.8730390071868896 0.16753099858760834 0.019217967987060547 0.037321001291275024
0.0 0.9253810048103333 0.1589920073747635 0.016587018966674805 0.03440400958061218
0.0 0.864100992679596 0.11346099898219109 0.014068007469177246 0.029089994728565216
0.0 0.7392860054969788 0.12570099532604218 0.022822976112365723 0.044248998165130615
0.0 0.694907009601593 0.07447999715805054 0.018124938011169434 0.033295005559921265
0.0 0.8236429989337921 0.10829000174999237 0.014746010303497314 0.025766000151634216
0.0 0.9853010177612305 0.36575499176979065 0.027791976928710938 0.06500101089477539
0.0 0.35307300090789795 0.10124699771404266 0.01709294319152832 0.03345099091529846
0.0 0.9114460051059723 0.1871979981660843 0.018860042095184326 0.03568801283836365
0.0 0.9325610101222992 0.3495579957962036 0.024071037769317627 0.05514901876449585
0.0 0.934777021408081 0.3397969901561737 0.02322399616241455 0.05239301919937134
0.0 0.8715070188045502 0.699068009853363 0.07371801137924194 0.14639294147491455
0.0 0.8676100075244904 0.22118499875068665 0.025317013263702393 0.04500299692153931
0.0 0.30458998680114746 0.08429300040006638 0.025156021118164062 0.046129003167152405
0.0 0.9933840036392212 0.2598789930343628 0.013231039047241211 0.0453220009803772
0.0 0.8260449767112732 0.11010599881410599 0.015540003776550293 0.029532000422477722
