0 0.441547 0.557573 0.060237 0.119970
0 0.688105 0.469802 0.055882 0.109746
0 0.223376 0.539977 0.060912 0.126901
0 0.475936 0.271210 0.039612 0.088921
0 0.433413 0.213353 0.033331 0.081613
0 0.082793 0.500601 0.044747 0.114445
0 0.234486 0.266108 0.042269 0.087399
0 0.912129 0.526074 0.053378 0.122413
0 0.130157 0.164526 0.018943 0.042037
0 0.195685 0.135764 0.018080 0.039163
0 0.631263 0.268196 0.044291 0.081600
0 0.599348 0.102651 0.021908 0.041345
0 0.642869 0.103639 0.020126 0.038752
0 0.073929 0.158560 0.017122 0.037402
0 0.197538 0.318226 0.030989 0.073633
0 0.228834 0.104516 0.017612 0.034240
0 0.980743 0.505396 0.038157 0.094910
0 0.009100 0.359593 0.018145 0.078397
0 0.088694 0.187594 0.020618 0.040023
0 0.283643 0.126746 0.018589 0.035360
0 0.513154 0.066812 0.017398 0.034962
0 0.695519 0.084851 0.025316 0.048440
0 0.511366 0.062144 0.018210 0.033191
0 0.433062 0.075706 0.018292 0.035173
0 0.164570 0.292636 0.023230 0.052945