0 0.084454 0.378708 0.058879 0.111429
0 0.401005 0.255801 0.039439 0.076366
0 0.324410 0.468513 0.054895 0.101795
0 0.529357 0.271617 0.038949 0.091649
0 0.559401 0.554726 0.059818 0.119173
0 0.931111 0.491720 0.047955 0.111724
0 0.773469 0.539147 0.058406 0.123193
0 0.698602 0.272768 0.038263 0.086205
0 0.608533 0.196369 0.030635 0.070789
0 0.181349 0.212384 0.029038 0.057232
0 0.804477 0.318299 0.034521 0.074665
0 0.804937 0.136677 0.016527 0.033954
0 0.870150 0.228568 0.029072 0.054080
0 0.406323 0.102487 0.019804 0.040593
0 0.484463 0.063852 0.019235 0.037593
0 0.928994 0.162257 0.016622 0.035574
0 0.989704 0.252677 0.020187 0.039987
0 0.304683 0.086012 0.022454 0.043842
0 0.626062 0.117474 0.020701 0.041679
0 0.738269 0.093126 0.017696 0.033878
0 0.695464 0.078365 0.018272 0.034123
0 0.773203 0.097375 0.015553 0.029248
0 0.729285 0.128965 0.018103 0.036318
0 0.874069 0.119547 0.016226 0.028993
0 0.014791 0.878039 0.029582 0.193253
0 0.980714 0.221153 0.019640 0.036286
0 0.875515 0.114771 0.015842 0.031943
0 0.774757 0.096862 0.013519 0.025167
0 0.993079 0.349752 0.013828 0.083539
0 0.111044 0.851672 0.071602 0.181230