0 0.542559 0.660281 0.058931 0.124403
0 0.174484 0.593262 0.048603 0.122189
0 0.569508 0.353759 0.039260 0.090120
0 0.698127 0.351919 0.038673 0.083674
0 0.983926 0.628667 0.032148 0.123048
0 0.531304 0.318708 0.032497 0.083631
0 0.786745 0.585643 0.049471 0.100023
0 0.414540 0.358885 0.036290 0.088883
0 0.462348 0.198643 0.017409 0.034708
0 0.305009 0.221318 0.014789 0.032223
0 0.305413 0.400667 0.028665 0.067328
0 0.908063 0.295406 0.024683 0.055094
0 0.748279 0.172127 0.018575 0.042771
0 0.691555 0.185635 0.018867 0.042567
0 0.614186 0.142967 0.018798 0.038039
0 0.191632 0.243511 0.015360 0.034597
0 0.331463 0.637425 0.065614 0.136501
0 0.124245 0.349597 0.015043 0.045987
0 0.411308 0.146208 0.014756 0.030109
0 0.376609 0.214977 0.014745 0.031596
0 0.238409 0.202796 0.014398 0.029629
0 0.959657 0.936786 0.080686 0.126428
0 0.362286 0.179510 0.012737 0.028084
0 0.788203 0.165940 0.023592 0.045928
0 0.335505 0.178755 0.013927 0.027461
0 0.536732 0.264018 0.023369 0.043010
0 0.739587 0.254822 0.023460 0.051720