0 0.440092 0.556704 0.061480 0.124065
0 0.696965 0.491427 0.054367 0.104163
0 0.425635 0.212071 0.040484 0.080539
0 0.081387 0.496504 0.043879 0.103433
0 0.248214 0.532218 0.057495 0.125973
0 0.601837 0.262950 0.039167 0.079348
0 0.907283 0.524895 0.053662 0.110883
0 0.465875 0.273116 0.041148 0.094794
0 0.303898 0.273357 0.039853 0.090056
0 0.972703 0.484592 0.044442 0.089454
0 0.357584 0.114069 0.017506 0.032260
0 0.819276 0.210514 0.027149 0.052934
0 0.193982 0.136069 0.015907 0.033611
0 0.193146 0.313558 0.029621 0.064498
0 0.872033 0.840035 0.071645 0.190068
0 0.515884 0.061689 0.018136 0.033696
0 0.072027 0.164655 0.016360 0.034304
0 0.593370 0.104630 0.018469 0.037534
0 0.269387 0.129687 0.015358 0.030551
0 0.981668 0.894981 0.036664 0.134856
0 0.306582 0.073027 0.011979 0.023857
0 0.125718 0.119629 0.015179 0.027778
0 0.006400 0.257382 0.012800 0.046992
0 0.136886 0.221101 0.024438 0.048958
0 0.123753 0.113028 0.014596 0.029814
0 0.226208 0.096394 0.014633 0.026213
0 0.309737 0.073206 0.012143 0.025022
0 0.253136 0.095189 0.013158 0.024731