0 0.439812 0.555990 0.061590 0.123048
0 0.728280 0.524727 0.054063 0.111733
0 0.471324 0.256958 0.044216 0.084221
0 0.602751 0.261693 0.038868 0.075768
0 0.308039 0.272837 0.038815 0.090886
0 0.408479 0.228294 0.034310 0.080906
0 0.967840 0.481195 0.040234 0.086024
0 0.925410 0.539969 0.056877 0.116389
0 0.593721 0.102094 0.021378 0.043089
0 0.226749 0.171414 0.026093 0.053521
0 0.183928 0.585509 0.071360 0.111252
0 0.066834 0.492362 0.045505 0.117043
0 0.517064 0.060561 0.020830 0.038669
0 0.819625 0.209501 0.026867 0.053537
0 0.073243 0.160622 0.015930 0.033019
0 0.308381 0.062981 0.016408 0.032326
0 0.649472 0.106152 0.020959 0.037344
0 0.009760 0.351438 0.019166 0.060698
0 0.360949 0.107263 0.017811 0.034498
0 0.962948 0.739732 0.057131 0.128918
0 0.127021 0.119043 0.016599 0.031061
0 0.695183 0.081680 0.023119 0.041499
0 0.226071 0.097953 0.018183 0.031927
0 0.138636 0.222556 0.028190 0.053942
0 0.087768 0.185706 0.018998 0.035622
0 0.200940 0.368837 0.065387 0.098793
0 0.007581 0.260432 0.015162 0.039378
0 0.267912 0.128040 0.018624 0.035831
0 0.433859 0.076052 0.020631 0.032362