0.0 0.5581380128860474 0.5561979860067368 0.06063401699066162 0.12011697888374329
0.0 0.9354889988899231 0.5014569759368896 0.04815495014190674 0.10169601440429688
0.0 0.39565300941467285 0.25837699323892593 0.041087985038757324 0.08653001487255096
0.0 0.7515769898891449 0.5442900210618973 0.056044042110443115 0.11452803015708923
0.0 0.29805999994277954 0.49263598024845123 0.05623197555541992 0.1123029887676239
0.0 0.10926598310470581 0.7858399748802185 0.06461799144744873 0.16191601753234863
0.0 0.08733701705932617 0.5052310079336166 0.05754399299621582 0.104576975107193
0.0 0.5290639996528625 0.2530219852924347 0.03813600540161133 0.07369500398635864
0.0 0.6511679887771606 0.19908100366592407 0.03461194038391113 0.06531199812889099
0.0 0.4714779853820801 0.14644799754023552 0.03702199459075928 0.06040499359369278
0.0 0.7746360003948212 0.17000700533390045 0.025873959064483643 0.04832100868225098
0.0 0.5526989996433258 0.18871499598026276 0.031081020832061768 0.05293399095535278
0.0 0.4839850068092346 0.06430800259113312 0.020277023315429688 0.03816099464893341
0.0 0.8692960143089294 0.06608100235462189 0.017338991165161133 0.033528998494148254
0.0 0.6454429924488068 0.11466900259256363 0.020775973796844482 0.038842007517814636
0.0 0.9260300099849701 0.15876300632953644 0.01609903573989868 0.03420498967170715
0.0 0.7370209693908691 0.11302500218153 0.02255702018737793 0.04480500519275665
0.0 0.5642670094966888 0.08436000347137451 0.020196974277496338 0.0442190021276474
0.0 0.6937870383262634 0.072953000664711 0.017567992210388184 0.0336260050535202
0.0 0.8728620111942291 0.17710499465465546 0.016411006450653076 0.058950990438461304
0.0 0.9855580031871796 0.3595750033855438 0.02837294340133667 0.06857901811599731
0.0 0.8789480030536652 0.6939129829406738 0.0722079873085022 0.1404719352722168
0.0 0.7557629942893982 0.08404400199651718 0.015756964683532715 0.030284002423286438
0.0 0.5114260017871857 0.09280399978160858 0.022913992404937744 0.04295499622821808
0.0 0.8237879872322083 0.10723599791526794 0.014680027961730957 0.02638000249862671
0.0 0.5364579856395721 0.062105998396873474 0.021269023418426514 0.038568004965782166
0.0 0.3536589741706848 0.09965100139379501 0.017364025115966797 0.03195299208164215
0.0 0.3030700087547302 0.08616500161588192 0.025562047958374023 0.048531997948884964
0.0 0.9935640096664429 0.2567700073122978 0.012871980667114258 0.04854799807071686
0.0 0.9099259972572327 0.18682099878787994 0.01798701286315918 0.03372800350189209
0.0 0.9171430170536041 0.3390809893608093 0.02685600519180298 0.05408197641372681
0.0 0.5325239896774292 0.06141899712383747 0.021147966384887695 0.03960999473929405
0.0 0.8695389926433563 0.22599799185991287 0.023057997226715088 0.05609498918056488
