0 0.561003 0.556332 0.060177 0.119374
0 0.700187 0.277356 0.038408 0.089821
0 0.082746 0.521041 0.053262 0.112394
0 0.322568 0.474245 0.057084 0.103568
0 0.938301 0.517439 0.049097 0.111247
0 0.770471 0.538369 0.059425 0.131293
0 0.530542 0.260016 0.043952 0.087724
0 0.599947 0.201124 0.031609 0.070400
0 0.641440 0.115380 0.018533 0.034044
0 0.021105 0.487142 0.040264 0.087210
0 0.385262 0.270171 0.038636 0.082775
0 0.928195 0.161836 0.017993 0.038531
0 0.403057 0.101909 0.020544 0.039602
0 0.872949 0.159287 0.018207 0.040929
0 0.806364 0.325014 0.031498 0.071724
0 0.125149 0.874689 0.078138 0.178640
0 0.732686 0.089128 0.015782 0.029694
0 0.021048 0.872027 0.042095 0.159580
0 0.179802 0.210737 0.027025 0.055303
0 0.989856 0.251858 0.019839 0.040029
0 0.992701 0.355446 0.014598 0.078022
0 0.773346 0.098410 0.017167 0.031292
0 0.442174 0.937450 0.102480 0.121716
0 0.484391 0.063089 0.018960 0.037933
0 0.874767 0.118958 0.016042 0.031114
0 0.729258 0.128169 0.018014 0.036496
0 0.693181 0.073997 0.014556 0.026747
0 0.980766 0.220695 0.019413 0.036147