0 0.911746 0.504434 0.054451 0.106828
0 0.441575 0.557417 0.059953 0.119419
0 0.605787 0.258646 0.039939 0.084575
0 0.247533 0.543833 0.055442 0.111604
0 0.701206 0.497026 0.055798 0.112890
0 0.888356 0.804229 0.068852 0.170337
0 0.358432 0.187217 0.034894 0.062385
0 0.475142 0.245989 0.039115 0.067264
0 0.535832 0.151316 0.030565 0.055885
0 0.449246 0.191645 0.028717 0.050519
0 0.068683 0.501292 0.044656 0.104620
0 0.268475 0.029372 0.021335 0.041417
0 0.226380 0.170098 0.026510 0.050576
0 0.267038 0.128686 0.022551 0.041120
0 0.073060 0.161875 0.016524 0.035276
0 0.984008 0.545051 0.031984 0.114675
0 0.487615 0.093015 0.022323 0.043297
0 0.126435 0.167180 0.018850 0.036695
0 0.305593 0.077876 0.020918 0.037863
0 0.133036 0.114350 0.014056 0.028977
0 0.133465 0.224313 0.027384 0.052423
0 0.516829 0.069344 0.019829 0.038295
0 0.352771 0.111640 0.023504 0.041305
0 0.460656 0.062493 0.018432 0.035204
0 0.094297 0.302480 0.034709 0.069672
0 0.437195 0.092015 0.020375 0.037811
0 0.433738 0.070049 0.015944 0.027895
0 0.174436 0.106716 0.015504 0.027679
0 0.014754 0.362048 0.028592 0.064788
0 0.130461 0.710356 0.074029 0.140237