0 0.301956 0.554662 0.087432 0.190138
0 0.893575 0.642489 0.066114 0.135799
0 0.668168 0.659486 0.066668 0.126128
0 0.144487 0.620819 0.059372 0.120972
0 0.817109 0.357850 0.043888 0.093804
0 0.936644 0.414302 0.036473 0.075349
0 0.630288 0.341117 0.047219 0.087880
0 0.755604 0.190778 0.021880 0.039397
0 0.717449 0.288720 0.034639 0.075632
0 0.077406 0.589686 0.044718 0.093935
0 0.394801 0.567395 0.059377 0.108507
0 0.495692 0.176912 0.021388 0.041382
0 0.993220 0.312613 0.013560 0.054401
0 0.498064 0.352710 0.045651 0.086204
0 0.253353 0.291654 0.030263 0.059050
0 0.582441 0.139877 0.021279 0.040260
0 0.897732 0.172837 0.019080 0.032431
0 0.990096 0.230545 0.019000 0.038976
0 0.927101 0.212431 0.019228 0.033958
0 0.537529 0.991579 0.105277 0.016842
0 0.860443 0.164350 0.017806 0.034129
0 0.449784 0.248250 0.027555 0.047802
0 0.386676 0.158006 0.026601 0.048467
0 0.812086 0.152438 0.018585 0.034597
0 0.077201 0.952680 0.044402 0.094640
0 0.181329 0.929482 0.070109 0.141036