0 0.398311 0.572530 0.054717 0.101178
0 0.662057 0.649602 0.062673 0.107331
0 0.879458 0.634003 0.062728 0.114861
0 0.493526 0.381181 0.040964 0.073533
0 0.213730 0.910796 0.075518 0.160702
0 0.127084 0.901674 0.064788 0.125837
0 0.637774 0.386705 0.043843 0.078400
0 0.806007 0.392131 0.039951 0.082231
0 0.721351 0.337553 0.030597 0.067265
0 0.747094 0.246568 0.018999 0.033772
0 0.140563 0.625935 0.067615 0.101123
0 0.919844 0.266930 0.015818 0.029693
0 0.921809 0.426912 0.033177 0.065595
0 0.502087 0.237232 0.020422 0.035154
0 0.582115 0.202907 0.020558 0.034708
0 0.264676 0.337456 0.025279 0.045751
0 0.395513 0.221021 0.023731 0.040698
0 0.991037 0.253044 0.017926 0.028349
0 0.800737 0.210053 0.015765 0.025998
0 0.885499 0.232848 0.017029 0.026571
0 0.982027 0.347278 0.025834 0.045152
0 0.841006 0.261195 0.018154 0.031948
0 0.290473 0.335505 0.016482 0.029608
0 0.667302 0.211004 0.017456 0.027311
0 0.862979 0.237467 0.016489 0.028635
0 0.688257 0.222697 0.014982 0.024405