0 0.440969 0.556193 0.061405 0.119461
0 0.695681 0.463625 0.051375 0.107948
0 0.233366 0.537018 0.060700 0.128782
0 0.600396 0.255839 0.038706 0.077276
0 0.473748 0.272706 0.041413 0.088858
0 0.079638 0.490429 0.044436 0.113000
0 0.382304 0.211268 0.031925 0.072871
0 0.304124 0.274785 0.040515 0.096908
0 0.195480 0.135303 0.016549 0.034006
0 0.937313 0.527374 0.060762 0.113192
0 0.190494 0.316293 0.031279 0.068072
0 0.639935 0.170120 0.028815 0.054365
0 0.819902 0.210580 0.025819 0.051070
0 0.595175 0.102660 0.019165 0.040119
0 0.361622 0.109655 0.020155 0.038341
0 0.071328 0.161941 0.017293 0.037267
0 0.517431 0.060875 0.019607 0.036354
0 0.694997 0.084794 0.022330 0.042725
0 0.010444 0.252722 0.019847 0.038728
0 0.127022 0.233400 0.027577 0.048328
0 0.268798 0.132134 0.017269 0.033265
0 0.125997 0.118490 0.015099 0.028641
0 0.430978 0.200155 0.022977 0.043606
0 0.304027 0.078547 0.016396 0.031164
0 0.225921 0.098027 0.016722 0.029323
0 0.988109 0.875249 0.023782 0.172608
0 0.249110 0.104691 0.015837 0.031082
0 0.252124 0.099122 0.015641 0.030270
0 0.305059 0.073006 0.014709 0.028433
0 0.018613 0.219914 0.018058 0.033384
0 0.005867 0.361076 0.011725 0.087483
0 0.089746 0.186968 0.017748 0.033358
0 0.224512 0.099041 0.013262 0.024397