0 0.692916 0.469916 0.052337 0.110808
0 0.440642 0.554323 0.059947 0.117546
0 0.232698 0.537239 0.059999 0.125793
0 0.601843 0.260354 0.039182 0.080532
0 0.869468 0.840377 0.072233 0.175997
0 0.952345 0.830387 0.061970 0.137814
0 0.076062 0.492669 0.046374 0.101463
0 0.463869 0.266404 0.041936 0.085862
0 0.302954 0.272346 0.038213 0.090058
0 0.383928 0.212574 0.029266 0.073667
0 0.359304 0.112929 0.018173 0.036986
0 0.939452 0.528403 0.064674 0.110748
0 0.194069 0.135229 0.015130 0.032519
0 0.192189 0.310438 0.031734 0.071838
0 0.069706 0.164504 0.018987 0.041076
0 0.593654 0.102705 0.019534 0.038500
0 0.517107 0.065112 0.019664 0.038011
0 0.820738 0.212468 0.024179 0.050106
0 0.010028 0.251851 0.019611 0.038030
0 0.695592 0.084951 0.022699 0.044572
0 0.125964 0.120021 0.017163 0.031047
0 0.307995 0.072939 0.015079 0.028472
0 0.226920 0.097903 0.016288 0.029100
0 0.134591 0.223224 0.024710 0.049450
0 0.269477 0.128948 0.017364 0.034989
0 0.796063 0.210331 0.015765 0.032426
0 0.435626 0.073980 0.016697 0.029910
0 0.019004 0.220974 0.018758 0.035120
0 0.248460 0.102962 0.015772 0.031360
0 0.415582 0.086786 0.014330 0.026728