0 0.544298 0.655433 0.056866 0.122426
0 0.695359 0.350943 0.037446 0.085618
0 0.571321 0.363557 0.035712 0.095702
0 0.768845 0.593408 0.047894 0.094814
0 0.948543 0.918693 0.069958 0.162614
0 0.416086 0.368914 0.039623 0.094301
0 0.983437 0.628965 0.033125 0.115772
0 0.687856 0.189991 0.019494 0.043932
0 0.317090 0.219230 0.018622 0.038972
0 0.192859 0.590353 0.043993 0.121198
0 0.504393 0.295279 0.031429 0.079939
0 0.934959 0.579677 0.036787 0.085859
0 0.313113 0.396814 0.040210 0.080130
0 0.467297 0.195914 0.017236 0.037346
0 0.344615 0.186250 0.017078 0.033167
0 0.616025 0.148618 0.018535 0.038047
0 0.733178 0.194728 0.017468 0.038625
0 0.421004 0.150244 0.015900 0.033252
0 0.898229 0.299825 0.023589 0.052963
0 0.250606 0.208899 0.015522 0.032074
0 0.202025 0.249949 0.015057 0.035134
0 0.362982 0.192001 0.016704 0.034603
0 0.139712 0.452161 0.015057 0.092636
0 0.138864 0.352592 0.013496 0.045323
0 0.782517 0.169623 0.020861 0.040717
0 0.383840 0.218964 0.015990 0.034080