0 0.237043 0.532630 0.057559 0.126208
0 0.442307 0.553470 0.062200 0.119374
0 0.299530 0.272344 0.040314 0.088368
0 0.705438 0.473267 0.052319 0.102184
0 0.913421 0.520428 0.053949 0.113266
0 0.089727 0.489948 0.048917 0.112822
0 0.979681 0.490093 0.040630 0.089318
0 0.619625 0.267253 0.039703 0.080535
0 0.471012 0.269709 0.038912 0.087549
0 0.425757 0.210649 0.033858 0.067952
0 0.134574 0.158059 0.017159 0.036847
0 0.819436 0.210532 0.027105 0.052324
0 0.192110 0.141308 0.017300 0.035146
0 0.370778 0.101838 0.020226 0.039578
0 0.597085 0.100813 0.018859 0.037045
0 0.073654 0.161664 0.016442 0.036468
0 0.011365 0.352362 0.022730 0.061487
0 0.516890 0.063018 0.018316 0.034861
0 0.227324 0.096030 0.014687 0.029622
0 0.305696 0.065095 0.017379 0.031960
0 0.010002 0.251075 0.019589 0.040090
0 0.268951 0.132509 0.016698 0.032817
0 0.131640 0.227959 0.026446 0.053513
0 0.089608 0.187240 0.019646 0.034984
0 0.186179 0.324620 0.038386 0.073189
0 0.433978 0.075587 0.019112 0.035921
0 0.123402 0.113713 0.015501 0.032735
0 0.989509 0.745731 0.020982 0.212991
0 0.019196 0.220222 0.019262 0.035393
0 0.633210 0.079816 0.014555 0.026926