0 0.325401 0.471945 0.053243 0.106990
0 0.559494 0.552928 0.060530 0.119007
0 0.400457 0.254811 0.038982 0.078576
0 0.775555 0.536797 0.059207 0.129149
0 0.705031 0.274939 0.044183 0.092402
0 0.530300 0.267955 0.040780 0.091542
0 0.917327 0.489619 0.044968 0.116794
0 0.085476 0.417764 0.053644 0.095734
0 0.805173 0.135951 0.016684 0.034962
0 0.605780 0.199096 0.032425 0.069890
0 0.181194 0.212526 0.028851 0.056975
0 0.405719 0.102597 0.019296 0.039844
0 0.929097 0.161389 0.016628 0.035826
0 0.806422 0.324955 0.026891 0.058414
0 0.636035 0.115757 0.017239 0.032866
0 0.774843 0.099096 0.018702 0.032463
0 0.484009 0.066736 0.019590 0.038978
0 0.989628 0.252358 0.019809 0.039333
0 0.874210 0.119017 0.015841 0.029264
0 0.692822 0.073952 0.016375 0.033191
0 0.013872 0.864210 0.027744 0.157256
0 0.047906 0.526400 0.060096 0.122378
0 0.729668 0.128492 0.019474 0.036979
0 0.564277 0.074382 0.017254 0.031326
0 0.754070 0.107948 0.016305 0.033037
0 0.305006 0.083879 0.023219 0.043769
0 0.874316 0.236831 0.027580 0.049211
0 0.112864 0.843042 0.065534 0.172600