0 0.440673 0.553833 0.061849 0.117882
0 0.085086 0.499703 0.058239 0.114609
0 0.601272 0.262624 0.039545 0.079464
0 0.692764 0.490493 0.052102 0.091575
0 0.909920 0.526371 0.055347 0.116163
0 0.315131 0.279051 0.037813 0.086915
0 0.658224 0.090129 0.018329 0.035980
0 0.970589 0.482281 0.044758 0.092096
0 0.357938 0.115239 0.018333 0.034210
0 0.595039 0.102989 0.019007 0.039120
0 0.194562 0.135108 0.015775 0.033164
0 0.820229 0.209207 0.024935 0.050608
0 0.221926 0.536065 0.059955 0.123700
0 0.195447 0.306947 0.040528 0.075389
0 0.309747 0.069374 0.015272 0.029186
0 0.425090 0.229936 0.033536 0.079060
0 0.072617 0.165677 0.016706 0.035566
0 0.515324 0.067499 0.018158 0.035054
0 0.254048 0.097928 0.015562 0.030691
0 0.140586 0.226052 0.026333 0.051554
0 0.126328 0.118988 0.014784 0.028628
0 0.269241 0.129664 0.015645 0.031170
0 0.006802 0.258716 0.013603 0.048523
0 0.006760 0.359838 0.013520 0.083491
0 0.226429 0.098120 0.015776 0.030376
0 0.695059 0.080957 0.021930 0.039182
0 0.433744 0.071672 0.016246 0.029178