0.0 0.23704299330711365 0.5326300114393234 0.05755901336669922 0.12620797753334045
0.0 0.4423069953918457 0.5534700304269791 0.06220000982284546 0.11937400698661804
0.0 0.2995299994945526 0.2723439931869507 0.04031401872634888 0.0883679986000061
0.0 0.7054380178451538 0.47326698899269104 0.05231904983520508 0.102183997631073
0.0 0.9134209752082825 0.5204280018806458 0.05394899845123291 0.1132659912109375
0.0 0.0897269994020462 0.48994800448417664 0.04891699552536011 0.11282199621200562
0.0 0.9796810150146484 0.49009300768375397 0.04062998294830322 0.08931800723075867
0.0 0.6196249723434448 0.26725301146507263 0.03970301151275635 0.08053499460220337
0.0 0.4710119962692261 0.2697089836001396 0.03891199827194214 0.08754898607730865
0.0 0.4257569909095764 0.21064899861812592 0.03385800123214722 0.06795200705528259
0.0 0.13457399606704712 0.1580590009689331 0.017158985137939453 0.03684699535369873
0.0 0.8194360136985779 0.21053199470043182 0.027104973793029785 0.052323997020721436
0.0 0.19211000204086304 0.14130799472332 0.017300009727478027 0.03514599800109863
0.0 0.37077799439430237 0.10183800011873245 0.020226001739501953 0.03957800567150116
0.0 0.5970849990844727 0.10081300139427185 0.018859028816223145 0.03704500198364258
0.0 0.07365400344133377 0.1616639941930771 0.01644200086593628 0.03646799921989441
0.0 0.011365000158548355 0.3523620069026947 0.02273000031709671 0.061487019062042236
0.0 0.5168899893760681 0.06301800161600113 0.018316030502319336 0.0348609983921051
0.0 0.2273239940404892 0.09602999687194824 0.014687001705169678 0.029622003436088562
0.0 0.3056960105895996 0.06509499996900558 0.01737898588180542 0.03195999562740326
0.0 0.010002000257372856 0.25107500702142715 0.019588999450206757 0.040090009570121765
0.0 0.2689509987831116 0.1325089931488037 0.016698002815246582 0.03281700611114502
0.0 0.1316400058567524 0.22795900702476501 0.026446007192134857 0.05351299047470093
0.0 0.08960799872875214 0.18724000453948975 0.01964600384235382 0.03498399257659912
0.0 0.1861789971590042 0.32462000846862793 0.038385987281799316 0.07318902015686035
0.0 0.43397799134254456 0.07558699510991573 0.019111990928649902 0.035920996218919754
0.0 0.12340199947357178 0.11371300369501114 0.0155009925365448 0.032735005021095276
0.0 0.9895089864730835 0.745730996131897 0.020982027053833008 0.21299099922180176
0.0 0.019195999950170517 0.22022199630737305 0.019262000918388367 0.03539299964904785
0.0 0.6332100033760071 0.07981599867343903 0.014554977416992188 0.02692599594593048
