0 0.230436 0.535757 0.058386 0.121167
0 0.701198 0.478848 0.053692 0.105951
0 0.442619 0.556608 0.062441 0.120898
0 0.913729 0.521355 0.054625 0.114409
0 0.474065 0.267505 0.039649 0.085479
0 0.294451 0.277470 0.042016 0.084499
0 0.979739 0.486499 0.040515 0.093661
0 0.422547 0.212281 0.032793 0.071097
0 0.629732 0.270225 0.042548 0.081770
0 0.819352 0.211462 0.027871 0.055019
0 0.129663 0.231010 0.027569 0.053856
0 0.091480 0.500445 0.044061 0.097239
0 0.196504 0.131291 0.016940 0.035662
0 0.195620 0.318761 0.033656 0.070390
0 0.589814 0.097680 0.021338 0.039826
0 0.021608 0.137620 0.017161 0.034713
0 0.369689 0.100850 0.019197 0.037267
0 0.515716 0.060908 0.018845 0.036048
0 0.306609 0.063878 0.018217 0.034023
0 0.232884 0.098916 0.018168 0.034362
0 0.071877 0.158734 0.016937 0.033862
0 0.009796 0.251690 0.019331 0.038624
0 0.136834 0.152819 0.018881 0.039559
0 0.432418 0.080725 0.019882 0.037752
0 0.268836 0.130903 0.018051 0.035703
0 0.126058 0.117945 0.015928 0.029057
0 0.879414 0.828365 0.071054 0.166894
0 0.007361 0.347035 0.014721 0.064427
0 0.021101 0.224655 0.019978 0.034550
0 0.089659 0.186444 0.018078 0.033345
0 0.415155 0.096180 0.019117 0.035330
0 0.124664 0.114365 0.015684 0.032112
0 0.960442 0.790798 0.055954 0.149851