0 0.546077 0.657763 0.054632 0.123433
0 0.771834 0.585914 0.045493 0.098975
0 0.197083 0.595008 0.046746 0.114255
0 0.570130 0.356954 0.034786 0.088044
0 0.967730 0.628099 0.050367 0.120259
0 0.691872 0.358727 0.035930 0.087316
0 0.325416 0.403854 0.028751 0.076439
0 0.425066 0.363946 0.034322 0.089679
0 0.470972 0.203420 0.016522 0.034485
0 0.324036 0.225505 0.013796 0.031868
0 0.887797 0.300118 0.024273 0.056556
0 0.535730 0.318908 0.031161 0.078936
0 0.613694 0.148891 0.017707 0.039452
0 0.685730 0.189877 0.017699 0.042176
0 0.217280 0.246844 0.014064 0.033587
0 0.155559 0.351759 0.015224 0.047714
0 0.940793 0.935277 0.085875 0.129445
0 0.734760 0.176523 0.018836 0.043823
0 0.348359 0.639813 0.059909 0.136908
0 0.428467 0.149488 0.013561 0.031101
0 0.391316 0.219708 0.012733 0.028843
0 0.154944 0.457962 0.013913 0.072568
0 0.776009 0.170867 0.022991 0.047085
0 0.261845 0.206908 0.013145 0.028593
0 0.992480 0.595683 0.015040 0.075832
0 0.376755 0.182001 0.011755 0.026332
0 0.352375 0.184657 0.013571 0.027711
0 0.731119 0.263195 0.023042 0.051132