0.0 0.5593909919261932 0.5560969710350037 0.06073099374771118 0.11752200126647949
0.0 0.7696570158004761 0.5393540114164352 0.061506032943725586 0.1291159689426422
0.0 0.3032289743423462 0.4730600267648697 0.05336499214172363 0.10407301783561707
0.0 0.9137719869613647 0.4959920197725296 0.04423403739929199 0.10231003165245056
0.0 0.3957809805870056 0.2618269920349121 0.03906905651092529 0.0848659873008728
0.0 0.09609198570251465 0.5208049863576889 0.05207502841949463 0.11240199208259583
0.0 0.7028549909591675 0.2724350020289421 0.04037201404571533 0.08758099377155304
0.0 0.5281530022621155 0.25906801223754883 0.044023990631103516 0.08623999357223511
0.0 0.17980599403381348 0.2115360051393509 0.029597997665405273 0.056508004665374756
0.0 0.5810049772262573 0.2153179943561554 0.033782005310058594 0.08094799518585205
0.0 0.8060140013694763 0.32302701473236084 0.03201699256896973 0.07277899980545044
0.0 0.13264399766921997 0.8354430198669434 0.07427704334259033 0.17762994766235352
0.0 0.87008997797966 0.23091598600149155 0.026346981525421143 0.04985798895359039
0.0 0.8033320009708405 0.1323309987783432 0.017455995082855225 0.03552299737930298
0.0 0.4028729796409607 0.10059399902820587 0.02028501033782959 0.04028800129890442
0.0 0.48462098836898804 0.061093999072909355 0.01897597312927246 0.036222998052835464
0.0 0.020703017711639404 0.4884969890117645 0.03952598571777344 0.08642500638961792
0.0 0.6403859853744507 0.11530300229787827 0.016700029373168945 0.031182006001472473
0.0 0.740181028842926 0.08684200048446655 0.016430974006652832 0.03202199935913086
0.0 0.9303140044212341 0.16055099666118622 0.016556978225708008 0.035026997327804565
0.0 0.6924200057983398 0.06320200115442276 0.01707601547241211 0.030590996146202087
0.0 0.885930985212326 0.17288699746131897 0.018413007259368896 0.035425007343292236
0.0 0.990140974521637 0.25186800956726074 0.01949000358581543 0.04019498825073242
0.0 0.7731980085372925 0.09923599660396576 0.01753401756286621 0.03141699731349945
0.0 0.020586013793945312 0.8703809976577759 0.041172027587890625 0.16330397129058838
0.0 0.8739310204982758 0.1195719949901104 0.015327036380767822 0.029603995382785797
0.0 0.9931870102882385 0.35242199897766113 0.01362597942352295 0.07497000694274902
0.0 0.3046579957008362 0.08501899987459183 0.022372961044311523 0.0434889942407608
0.0 0.7315719723701477 0.1290840059518814 0.022503018379211426 0.041767001152038574
0.0 0.9094719886779785 0.18451300263404846 0.016234993934631348 0.03280100226402283
0.0 0.981130987405777 0.220443993806839 0.01889699697494507 0.03487500548362732
0.0 0.5658180117607117 0.07389199733734131 0.01773703098297119 0.031995996832847595
