0 0.700572 0.472616 0.058199 0.108470
0 0.437587 0.559836 0.062823 0.124144
0 0.231180 0.534231 0.062579 0.123964
0 0.918097 0.523419 0.051009 0.102444
0 0.471352 0.264528 0.039235 0.087012
0 0.578890 0.081672 0.034344 0.069848
0 0.082023 0.496947 0.046106 0.113740
0 0.301962 0.272887 0.041150 0.089133
0 0.979135 0.501930 0.039420 0.090395
0 0.405839 0.228561 0.034083 0.077221
0 0.129323 0.165778 0.019630 0.040730
0 0.610711 0.048710 0.019753 0.040272
0 0.195389 0.134681 0.016314 0.034308
0 0.517444 0.063579 0.020170 0.037055
0 0.200530 0.283662 0.028800 0.063788
0 0.074042 0.156121 0.016009 0.034374
0 0.632287 0.271637 0.044975 0.084715
0 0.882545 0.832120 0.068670 0.164467
0 0.009655 0.251816 0.019120 0.039124
0 0.283359 0.126530 0.018026 0.034199
0 0.228197 0.097155 0.014916 0.028717
0 0.006537 0.362688 0.013043 0.093966
0 0.122309 0.115675 0.014565 0.030270
0 0.303831 0.076023 0.011665 0.023232
0 0.090569 0.187890 0.016983 0.032196
0 0.278586 0.070408 0.013007 0.022920
0 0.433291 0.074560 0.017239 0.032097