0 0.246288 0.532755 0.057795 0.131001
0 0.440887 0.556095 0.060522 0.124329
0 0.685792 0.489788 0.054139 0.099892
0 0.601254 0.262223 0.039891 0.082660
0 0.463930 0.266452 0.040044 0.087914
0 0.907106 0.528418 0.053456 0.117663
0 0.101612 0.505198 0.041827 0.070214
0 0.316453 0.283461 0.039427 0.090951
0 0.357788 0.115082 0.018446 0.034377
0 0.194928 0.138218 0.015623 0.032504
0 0.515011 0.062731 0.018562 0.037377
0 0.971396 0.484008 0.041757 0.088076
0 0.657862 0.105170 0.017856 0.037610
0 0.821160 0.212074 0.027515 0.053432
0 0.424789 0.227283 0.032544 0.076711
0 0.594206 0.102919 0.019181 0.039137
0 0.854831 0.484405 0.043785 0.091835
0 0.310274 0.067202 0.016294 0.030549
0 0.074714 0.161178 0.016592 0.036499
0 0.007292 0.257434 0.014584 0.047091
0 0.126131 0.118389 0.014835 0.028734
0 0.940833 0.491066 0.028219 0.067415
0 0.227137 0.098308 0.015884 0.029541
0 0.268996 0.130186 0.015482 0.029937
0 0.139836 0.222600 0.025045 0.049099
0 0.252344 0.098076 0.014855 0.028274
0 0.641990 0.172060 0.029126 0.051780