0 0.439360 0.554698 0.062950 0.121636
0 0.235210 0.537133 0.059101 0.132648
0 0.470577 0.263329 0.039271 0.086539
0 0.915374 0.529253 0.060418 0.117357
0 0.601826 0.261568 0.040710 0.081492
0 0.688261 0.496834 0.049993 0.094267
0 0.072959 0.492385 0.044549 0.108122
0 0.306110 0.272493 0.036029 0.092250
0 0.971005 0.478861 0.042410 0.092713
0 0.357652 0.113840 0.017792 0.033576
0 0.875017 0.860661 0.078208 0.169154
0 0.595450 0.101896 0.020747 0.042489
0 0.516710 0.062149 0.019885 0.038191
0 0.435017 0.228618 0.034723 0.081491
0 0.818896 0.209322 0.027265 0.054006
0 0.193096 0.325155 0.030710 0.067261
0 0.307507 0.064813 0.017196 0.030720
0 0.226787 0.097533 0.017239 0.031283
0 0.074608 0.159816 0.015709 0.033150
0 0.649866 0.102963 0.019664 0.036317
0 0.268915 0.129182 0.015567 0.031115
0 0.134191 0.226140 0.025457 0.053114
0 0.006337 0.357115 0.012542 0.099497
0 0.694590 0.083008 0.023034 0.041870
0 0.739675 0.467816 0.039495 0.077934
0 0.433552 0.073824 0.017541 0.033115
0 0.252535 0.097921 0.014680 0.029169
0 0.855813 0.481934 0.041229 0.087150
0 0.202207 0.138353 0.014873 0.026829
0 0.984985 0.641586 0.030030 0.174297
0 0.225258 0.097914 0.013558 0.026143
0 0.124020 0.112318 0.014913 0.030333
0 0.434920 0.177872 0.025847 0.042855
0 0.643811 0.172060 0.025485 0.056095