0 0.716941 0.519348 0.054591 0.114482
0 0.438873 0.556766 0.062942 0.122359
0 0.916585 0.528373 0.060228 0.121073
0 0.601504 0.258332 0.040878 0.084492
0 0.068309 0.493363 0.046584 0.114048
0 0.472757 0.270178 0.039904 0.089145
0 0.197297 0.301629 0.036545 0.070411
0 0.948392 0.486793 0.045623 0.099528
0 0.304085 0.276002 0.038682 0.090190
0 0.428799 0.225301 0.032308 0.076963
0 0.357069 0.113826 0.017085 0.031431
0 0.594968 0.101046 0.019874 0.040846
0 0.195261 0.138474 0.016354 0.032697
0 0.656262 0.085708 0.017609 0.035292
0 0.819014 0.207232 0.025850 0.052239
0 0.514798 0.068716 0.021675 0.042613
0 0.225081 0.535894 0.061181 0.122771
0 0.309281 0.063576 0.017038 0.032873
0 0.077937 0.156198 0.015196 0.031521
0 0.856573 0.480485 0.041099 0.085177
0 0.133433 0.224289 0.024347 0.051280
0 0.269662 0.130035 0.014100 0.027849
0 0.243725 0.105035 0.012271 0.027010
0 0.694862 0.082991 0.024299 0.043498
0 0.006356 0.357935 0.012634 0.101619
0 0.433574 0.072054 0.016705 0.030426
0 0.226536 0.096528 0.014874 0.027396
0 0.642597 0.172060 0.035194 0.064725