0 0.222702 0.536161 0.061437 0.126266
0 0.675137 0.471135 0.055166 0.107780
0 0.440496 0.553384 0.061189 0.118654
0 0.599691 0.254823 0.039304 0.078220
0 0.925319 0.399862 0.061063 0.111519
0 0.299942 0.271473 0.042756 0.093390
0 0.083692 0.491239 0.046037 0.116518
0 0.466098 0.269551 0.041475 0.089293
0 0.407620 0.197599 0.032731 0.079443
0 0.818913 0.212609 0.030144 0.057800
0 0.194860 0.135744 0.016351 0.033812
0 0.594689 0.103345 0.019288 0.039285
0 0.071423 0.160087 0.016201 0.034016
0 0.226695 0.098954 0.018148 0.031785
0 0.194081 0.331046 0.027391 0.054604
0 0.010226 0.252392 0.019864 0.039723
0 0.515906 0.066775 0.019516 0.038332
0 0.125824 0.119009 0.016013 0.029629
0 0.363857 0.116509 0.016944 0.032446
0 0.986966 0.864934 0.026068 0.167674
0 0.270355 0.128087 0.017260 0.034525
0 0.695220 0.083695 0.023363 0.044158
0 0.305287 0.077579 0.016741 0.033370
0 0.247676 0.103764 0.017664 0.033473
0 0.639914 0.167323 0.024847 0.043814
0 0.436631 0.073513 0.015594 0.031152
0 0.018912 0.220612 0.018468 0.034949
0 0.887743 0.851672 0.057039 0.194175