0 0.465002 0.258440 0.041236 0.084134
0 0.440762 0.557351 0.062631 0.123864
0 0.906461 0.519150 0.052572 0.116235
0 0.695711 0.471881 0.052488 0.104139
0 0.229923 0.535447 0.058892 0.125465
0 0.299637 0.273531 0.038149 0.089688
0 0.607011 0.263267 0.038905 0.082898
0 0.068040 0.522429 0.048492 0.120551
0 0.975481 0.852898 0.048586 0.131386
0 0.818878 0.211430 0.028506 0.055821
0 0.868719 0.844184 0.072670 0.161293
0 0.196588 0.133442 0.017754 0.037095
0 0.381639 0.208740 0.030718 0.078361
0 0.188888 0.321655 0.030714 0.069508
0 0.979109 0.488040 0.039789 0.087414
0 0.360674 0.116486 0.017722 0.033909
0 0.118338 0.166573 0.019333 0.039950
0 0.070850 0.160623 0.017504 0.036412
0 0.227552 0.097838 0.018145 0.032185
0 0.267835 0.130310 0.020642 0.040782
0 0.515141 0.062121 0.018522 0.036891
0 0.258352 0.089377 0.016821 0.031952
0 0.007133 0.356757 0.014247 0.092055
0 0.010190 0.252997 0.019829 0.039940
0 0.594613 0.102041 0.018268 0.038348
0 0.126163 0.118613 0.015895 0.031440
0 0.126309 0.233438 0.027074 0.053534
0 0.636614 0.171032 0.023741 0.049138
0 0.313447 0.074947 0.013600 0.027276