0 0.939493 0.414522 0.062897 0.124103
0 0.695771 0.473679 0.054832 0.102397
0 0.229401 0.537382 0.058256 0.129786
0 0.438684 0.554827 0.061186 0.118193
0 0.063494 0.520438 0.050218 0.114573
0 0.474681 0.273829 0.040977 0.089119
0 0.591456 0.259984 0.039069 0.079414
0 0.300999 0.269239 0.039573 0.083744
0 0.431740 0.210541 0.032353 0.077535
0 0.190146 0.328183 0.032621 0.071948
0 0.131935 0.228962 0.026878 0.050384
0 0.819061 0.208944 0.026835 0.051590
0 0.070100 0.164888 0.018504 0.040439
0 0.516081 0.066501 0.019878 0.038707
0 0.978523 0.474332 0.039917 0.083495
0 0.364753 0.109440 0.019695 0.039047
0 0.590088 0.098851 0.018292 0.035237
0 0.227468 0.096369 0.016170 0.029728
0 0.010159 0.252411 0.019984 0.039811
0 0.201541 0.134371 0.015993 0.030197
0 0.983711 0.851642 0.032578 0.135954
0 0.272384 0.127329 0.018503 0.036680
0 0.304536 0.078181 0.017751 0.034682
0 0.266824 0.087089 0.015837 0.030388
0 0.636988 0.169529 0.023168 0.042947
0 0.126343 0.118779 0.014809 0.027975
0 0.019442 0.221104 0.019819 0.036816
0 0.088049 0.188519 0.020005 0.037379
0 0.225722 0.096579 0.013729 0.026158
0 0.884709 0.836570 0.053398 0.168285