0 0.439909 0.555403 0.062093 0.120914
0 0.727345 0.524402 0.055250 0.109957
0 0.601167 0.256811 0.039473 0.080558
0 0.397825 0.219633 0.034325 0.079878
0 0.468941 0.254717 0.042493 0.082405
0 0.301331 0.269583 0.045870 0.092054
0 0.197529 0.300681 0.035721 0.076349
0 0.880590 0.822375 0.075359 0.145500
0 0.968935 0.479336 0.039719 0.084147
0 0.970549 0.694382 0.053268 0.109233
0 0.856019 0.481372 0.043412 0.084976
0 0.144446 0.220172 0.026572 0.049867
0 0.594012 0.101392 0.020346 0.040973
0 0.517125 0.063653 0.020703 0.039085
0 0.819060 0.209802 0.027041 0.053235
0 0.359251 0.106543 0.018121 0.036231
0 0.230226 0.167182 0.025607 0.048463
0 0.927522 0.528917 0.047683 0.094219
0 0.077028 0.157909 0.016237 0.034185
0 0.305514 0.067740 0.016531 0.031300
0 0.126028 0.120472 0.016031 0.030245
0 0.006026 0.258780 0.012052 0.045958
0 0.007674 0.357111 0.015348 0.103603
0 0.226536 0.099051 0.017854 0.031583
0 0.065173 0.490641 0.046702 0.121930
0 0.647325 0.106968 0.017175 0.032871
0 0.232889 0.545577 0.057825 0.102759
0 0.695211 0.081199 0.021196 0.038115
0 0.268103 0.128556 0.016088 0.031869
0 0.434677 0.075062 0.017858 0.033550