0 0.440479 0.555670 0.060831 0.117978
0 0.916885 0.521482 0.053183 0.109966
0 0.702237 0.478989 0.055036 0.106585
0 0.083220 0.497769 0.045123 0.114136
0 0.475797 0.267675 0.037128 0.075906
0 0.978182 0.496935 0.039745 0.088607
0 0.196331 0.315890 0.037814 0.081572
0 0.129875 0.169872 0.022603 0.044867
0 0.633044 0.272436 0.043963 0.079611
0 0.181438 0.155593 0.030787 0.059982
0 0.422020 0.218523 0.029610 0.059807
0 0.074195 0.157735 0.016979 0.037014
0 0.227490 0.099288 0.017403 0.033160
0 0.598465 0.103163 0.023067 0.040990
0 0.512504 0.065378 0.020864 0.037837
0 0.197558 0.131199 0.018021 0.034083
0 0.009920 0.253418 0.019587 0.040105
0 0.219388 0.537239 0.061718 0.123843
0 0.008169 0.358721 0.016338 0.067067
0 0.090267 0.186712 0.020756 0.038601
0 0.639743 0.101915 0.018110 0.033440
0 0.125563 0.117208 0.016181 0.031653
0 0.281991 0.127385 0.020837 0.039674
0 0.883225 0.834633 0.071200 0.172885
0 0.433870 0.075431 0.017574 0.032496
0 0.304557 0.075847 0.013323 0.024397
0 0.695976 0.082580 0.023193 0.042980
0 0.148885 0.130028 0.016616 0.033752
0 0.019823 0.223435 0.021111 0.039758