0.0 0.542910190146972 0.6543051000253706 0.05951501241124524 0.11230336325168944
0.0 0.7986441346285698 0.5748274182135873 0.05641988502690809 0.10108684716969718
0.0 0.9930342382979032 0.6215433400100442 0.01393152340419379 0.09962032225658413
0.0 0.189396868232086 0.5995255591154167 0.04444483541263283 0.10309638220471107
0.0 0.5729015510750688 0.3855669785938931 0.0392224916083348 0.08058538718188218
0.0 0.32444617678079646 0.6353547355432849 0.05984059475936493 0.11541023007475792
0.0 0.23239032972507562 0.3536676468309805 0.02923851515172235 0.051044155410159164
0.0 0.5148625903875452 0.3413068308532979 0.031376581866237874 0.07641687313301337
0.0 0.4219661027940231 0.3817827000640185 0.04519668143286948 0.07270685461117282
0.0 0.301376223159787 0.4062234473363423 0.03482594637388026 0.05827819594771538
0.0 0.7313917742299585 0.38362785372202507 0.04368016899015803 0.07756023506649479
0.0 0.30070923879289635 0.25456876156548724 0.017463769620119307 0.03354623240861376
0.0 0.6959501839073241 0.2253366443394132 0.02055298668140615 0.0382107884717475
0.0 0.2310257949176098 0.28929310250762774 0.01940650162805929 0.03744602728428764
0.0 0.6169990888481767 0.1892801030721672 0.019639327189803435 0.0351264467411338
0.0 0.17930832904529398 0.2770403341766613 0.015423384961187642 0.03170107875060724
0.0 0.4122939326340429 0.19567330248755516 0.01714411229734597 0.03042056434305504
0.0 0.11643180248089044 0.36682234282291365 0.019407493114155558 0.03805388279354127
0.0 0.33232461535311303 0.22477859182357665 0.018424770505307442 0.03384968418241807
0.0 0.7333088360288302 0.22591724994657647 0.01933246086467555 0.0391408829978597
0.0 0.793331959794829 0.20942550840556962 0.024957441751186416 0.044329661939839726
0.0 0.9717565460349429 0.9125351118328708 0.05648690793011424 0.15855525974391504
0.0 0.3772894121711917 0.23058085404806505 0.04311583605494823 0.07805533911855056
0.0 0.22835393561255038 0.23616891790269318 0.015454958142157915 0.030222332329903706
0.0 0.19465770999883836 0.3065834138739306 0.01855403309300971 0.031872067861386244
0.0 0.12537779774859575 0.33651639186203874 0.01863296696432895 0.03226007622837085
0.0 0.5340085967325165 0.20093630643897933 0.01813275349928567 0.0323606061779782
