0 0.440744 0.556053 0.060998 0.126248
0 0.693551 0.470022 0.052497 0.097359
0 0.601854 0.260543 0.038104 0.075394
0 0.080804 0.495495 0.045416 0.105255
0 0.956080 0.846008 0.060497 0.137123
0 0.871319 0.849150 0.073886 0.177007
0 0.427265 0.214999 0.033353 0.076484
0 0.910719 0.523988 0.053164 0.110932
0 0.305387 0.275742 0.038700 0.094832
0 0.254933 0.538207 0.057974 0.125561
0 0.357380 0.114599 0.017966 0.033060
0 0.977930 0.488200 0.033529 0.085517
0 0.194168 0.312925 0.028585 0.059198
0 0.193778 0.137238 0.016071 0.034343
0 0.820620 0.209599 0.025074 0.051430
0 0.072141 0.164099 0.016530 0.034283
0 0.008032 0.252308 0.015829 0.041649
0 0.463750 0.262565 0.037583 0.085499
0 0.518392 0.065720 0.020306 0.038902
0 0.270255 0.131465 0.016800 0.032558
0 0.593275 0.103405 0.019704 0.040074
0 0.943417 0.499349 0.028803 0.070812
0 0.125865 0.119509 0.015363 0.028242
0 0.434104 0.075718 0.017061 0.031224
0 0.695638 0.081241 0.021421 0.039598
0 0.008744 0.356767 0.017316 0.095099
0 0.226142 0.096591 0.014935 0.028313
0 0.123957 0.113128 0.014848 0.030916
0 0.138534 0.219515 0.024471 0.047921
0 0.250000 0.109282 0.009709 0.025468