0 0.692581 0.465874 0.054404 0.111955
0 0.440249 0.556369 0.060712 0.120499
0 0.232296 0.538703 0.061563 0.129349
0 0.082391 0.490226 0.044682 0.111489
0 0.601776 0.261343 0.039670 0.079938
0 0.426411 0.229398 0.034186 0.080848
0 0.869591 0.841426 0.073071 0.172625
0 0.295868 0.264959 0.040053 0.087196
0 0.465518 0.267084 0.042509 0.089973
0 0.952009 0.830037 0.060889 0.143186
0 0.359171 0.111114 0.017616 0.035692
0 0.069606 0.164693 0.017835 0.037917
0 0.190702 0.306666 0.032928 0.070953
0 0.194278 0.137210 0.016921 0.035320
0 0.128494 0.233899 0.026771 0.051732
0 0.515564 0.065422 0.018812 0.036305
0 0.821017 0.210001 0.026025 0.049993
0 0.593956 0.102739 0.019942 0.039501
0 0.007513 0.354893 0.014873 0.095683
0 0.270015 0.129401 0.017658 0.034317
0 0.010528 0.252286 0.019983 0.039813
0 0.942509 0.531735 0.062762 0.126785
0 0.126451 0.119002 0.015344 0.028987
0 0.226436 0.097723 0.016776 0.030937
0 0.307592 0.072953 0.016497 0.031190
0 0.253685 0.098131 0.015851 0.031475
0 0.695841 0.083458 0.023088 0.043615
0 0.019062 0.220597 0.018703 0.034957
0 0.436852 0.072287 0.014890 0.029901
0 0.415059 0.085932 0.014906 0.026800
0 0.247171 0.104460 0.013717 0.030828