0 0.294854 0.475564 0.054487 0.106160
0 0.066363 0.415771 0.058780 0.130161
0 0.560393 0.553735 0.059747 0.119624
0 0.918371 0.489502 0.043613 0.113865
0 0.529370 0.261711 0.043135 0.093968
0 0.399778 0.260384 0.039069 0.086078
0 0.770888 0.538691 0.059911 0.128064
0 0.574206 0.204247 0.031984 0.077841
0 0.699465 0.270638 0.038118 0.086436
0 0.812672 0.326096 0.032694 0.069367
0 0.181089 0.212200 0.027529 0.054582
0 0.406349 0.102162 0.019502 0.040487
0 0.631914 0.108180 0.020347 0.040785
0 0.484076 0.066466 0.019460 0.037736
0 0.929628 0.161763 0.016923 0.036720
0 0.867785 0.227892 0.025660 0.049324
0 0.801784 0.138343 0.017574 0.034886
0 0.739856 0.090753 0.017016 0.034222
0 0.989675 0.252739 0.020123 0.040092
0 0.022580 0.474478 0.042940 0.087269
0 0.304971 0.086628 0.023835 0.047262
0 0.729376 0.128674 0.018278 0.035094
0 0.012854 0.869923 0.025708 0.153915
0 0.874093 0.119475 0.015472 0.028923
0 0.773845 0.097500 0.016029 0.029536
0 0.693578 0.073941 0.015976 0.030147
0 0.981041 0.220406 0.018716 0.035386
0 0.566141 0.074973 0.023058 0.038835
0 0.120752 0.822546 0.074029 0.174757