0 0.659022 0.657499 0.059710 0.122473
0 0.199764 0.629008 0.055141 0.126050
0 0.852678 0.637338 0.055660 0.135066
0 0.996121 0.594220 0.007758 0.110551
0 0.503360 0.351481 0.039014 0.085863
0 0.418798 0.594657 0.049416 0.099517
0 0.631231 0.360494 0.037884 0.089648
0 0.148834 0.573700 0.041658 0.094109
0 0.788262 0.367946 0.037692 0.092482
0 0.666274 0.308176 0.031862 0.082697
0 0.737747 0.206660 0.017683 0.035147
0 0.508231 0.192532 0.020531 0.044695
0 0.293583 0.302000 0.025740 0.053978
0 0.891906 0.232008 0.015642 0.033420
0 0.583085 0.151163 0.019979 0.040116
0 0.454593 0.177264 0.020819 0.044330
0 0.782545 0.153557 0.016675 0.033861
0 0.861573 0.188620 0.016174 0.031354
0 0.414335 0.172890 0.022579 0.043464
0 0.993676 0.277412 0.012648 0.039909
0 0.958593 0.209681 0.014417 0.028824
0 0.951401 0.314160 0.021521 0.045050
0 0.821443 0.221514 0.015421 0.032727
0 0.663616 0.162927 0.016055 0.032516