0 0.917902 0.520767 0.052938 0.110952
0 0.230533 0.538459 0.060944 0.133689
0 0.676551 0.473715 0.057402 0.098270
0 0.061790 0.516268 0.049410 0.115018
0 0.436707 0.556766 0.059697 0.116862
0 0.300582 0.273988 0.036852 0.088193
0 0.469369 0.260194 0.043895 0.085803
0 0.394109 0.210126 0.032833 0.076846
0 0.191482 0.330970 0.033138 0.076568
0 0.979267 0.488708 0.040139 0.090629
0 0.359457 0.114327 0.018074 0.034624
0 0.613890 0.264922 0.040751 0.086948
0 0.569942 0.931182 0.106330 0.137636
0 0.071136 0.164180 0.017897 0.038140
0 0.597881 0.101756 0.021734 0.041675
0 0.820354 0.210850 0.026713 0.054761
0 0.129990 0.157550 0.016101 0.034682
0 0.515619 0.064238 0.021011 0.040966
0 0.978839 0.874923 0.042322 0.171836
0 0.010289 0.252260 0.019964 0.039823
0 0.267435 0.089818 0.015954 0.030236
0 0.007079 0.356108 0.014158 0.085060
0 0.226771 0.097974 0.016722 0.030574
0 0.269506 0.129535 0.017457 0.033453
0 0.875527 0.866213 0.077361 0.168417
0 0.089904 0.186238 0.016688 0.033315
0 0.306809 0.075157 0.014919 0.029039
0 0.130059 0.163474 0.016703 0.036725