0.0 0.44079598784446716 0.5567169934511185 0.06102997064590454 0.1240520179271698
0.0 0.231687992811203 0.5379189997911453 0.061351001262664795 0.1292320191860199
0.0 0.6975389719009399 0.4884919971227646 0.053179025650024414 0.10718098282814026
0.0 0.9195290207862854 0.5238610059022903 0.04932701587677002 0.10266301035881042
0.0 0.3005479872226715 0.27179500460624695 0.0406000018119812 0.08945298194885254
0.0 0.08217799477279186 0.49693597853183746 0.047026995569467545 0.11104997992515564
0.0 0.7539929747581482 0.10340099781751633 0.03178095817565918 0.06226600706577301
0.0 0.46891799569129944 0.2737880051136017 0.03624701499938965 0.07732200622558594
0.0 0.40991899371147156 0.23146600276231766 0.03140902519226074 0.08364401757717133
0.0 0.9779239892959595 0.5047550201416016 0.04181396961212158 0.08981096744537354
0.0 0.19890999794006348 0.28085601329803467 0.031094998121261597 0.06772100925445557
0.0 0.6323720216751099 0.2679220139980316 0.04530298709869385 0.08445298671722412
0.0 0.12631100416183472 0.16630999743938446 0.020280003547668457 0.04164600372314453
0.0 0.19503599405288696 0.13445700332522392 0.01631900668144226 0.03410399705171585
0.0 0.0740870013833046 0.15818500518798828 0.01673799753189087 0.035050004720687866
0.0 0.612841010093689 0.048406003043055534 0.019096970558166504 0.03621900454163551
0.0 0.5987979769706726 0.10538300126791 0.021206021308898926 0.03837600350379944
0.0 0.009920000564306974 0.251861996948719 0.019428000785410404 0.03997300565242767
0.0 0.8832100033760071 0.8333489894866943 0.07107698917388916 0.16992104053497314
0.0 0.5174229741096497 0.06577099673449993 0.020220041275024414 0.03944799676537514
0.0 0.22807000577449799 0.09668400138616562 0.015042990446090698 0.02854199707508087
0.0 0.2836570143699646 0.12605999410152435 0.016402006149291992 0.03127899765968323
0.0 0.6957830190658569 0.08487500250339508 0.025864005088806152 0.048777997493743896
0.0 0.006448999745771289 0.3608640134334564 0.012746999505907297 0.10014098882675171
0.0 0.12549099698662758 0.11729899793863297 0.01567300409078598 0.029934003949165344
0.0 0.22736600041389465 0.10070899873971939 0.015684008598327637 0.030063003301620483
0.0 0.08960899710655212 0.1872040033340454 0.017486006021499634 0.033908993005752563
0.0 0.5838649868965149 0.0909700021147728 0.01403796672821045 0.03156000375747681
