0 0.662873 0.652993 0.063603 0.117456
0 0.382365 0.576501 0.057451 0.107224
0 0.861162 0.632745 0.060544 0.121142
0 0.688024 0.324585 0.035551 0.079899
0 0.131817 0.926846 0.066775 0.124790
0 0.494223 0.370074 0.040433 0.073446
0 0.175409 0.624382 0.058534 0.105893
0 0.217184 0.924372 0.078084 0.151256
0 0.908503 0.411832 0.035610 0.067051
0 0.803270 0.385632 0.042452 0.084292
0 0.105790 0.576712 0.041046 0.081863
0 0.747097 0.228533 0.018782 0.031822
0 0.916242 0.249417 0.016346 0.032383
0 0.635394 0.375230 0.040508 0.085181
0 0.268055 0.320424 0.026052 0.049395
0 0.580343 0.176902 0.020569 0.036009
0 0.502892 0.216844 0.021788 0.039852
0 0.397829 0.198366 0.023944 0.042252
0 0.839797 0.240616 0.018305 0.034180
0 0.986445 0.233090 0.016419 0.027796
0 0.865546 0.224151 0.011456 0.025445
0 0.853043 0.208674 0.013531 0.024910
0 0.882507 0.211440 0.015810 0.026234
0 0.885190 0.211091 0.015686 0.026614
0 0.988200 0.227678 0.015728 0.030743
0 0.802085 0.190372 0.012670 0.022886