0 0.440691 0.555039 0.060875 0.122005
0 0.896888 0.818005 0.070505 0.166082
0 0.064702 0.500988 0.048126 0.100109
0 0.701364 0.491951 0.056337 0.112099
0 0.473034 0.249388 0.039499 0.073840
0 0.603931 0.256183 0.041119 0.082922
0 0.912156 0.505889 0.057296 0.104055
0 0.249503 0.545109 0.056558 0.114364
0 0.348543 0.199263 0.034372 0.065123
0 0.529000 0.146626 0.037639 0.061488
0 0.225201 0.172327 0.026466 0.051490
0 0.489416 0.092907 0.024057 0.045857
0 0.516424 0.064755 0.021057 0.039572
0 0.979352 0.541302 0.039783 0.081667
0 0.023750 0.135773 0.017706 0.038271
0 0.353812 0.114391 0.020420 0.038034
0 0.447885 0.188112 0.030394 0.052123
0 0.072225 0.160430 0.016322 0.032982
0 0.136391 0.111500 0.015235 0.030855
0 0.305180 0.073087 0.017044 0.031858
0 0.436513 0.088096 0.022164 0.046231
0 0.122304 0.106585 0.013294 0.027373
0 0.124680 0.167608 0.018510 0.037337
0 0.176028 0.107206 0.015123 0.026791
0 0.463733 0.063064 0.021924 0.040073
0 0.261212 0.125595 0.020474 0.039787
0 0.696254 0.083835 0.024845 0.046141
0 0.244524 0.082936 0.015234 0.029067
0 0.436407 0.076871 0.020386 0.040863
0 0.006515 0.257565 0.013029 0.049300
0 0.116912 0.716663 0.073256 0.141219
0 0.088411 0.187642 0.019076 0.034693
0 0.648665 0.106257 0.015777 0.036677
0 0.010922 0.354369 0.021844 0.071197
0 0.083738 0.340345 0.029126 0.056095