0.0 0.44089800119400024 0.5582500249147415 0.061829984188079834 0.12109801173210144
0.0 0.2304460033774376 0.54025799036026 0.06075800955295563 0.13084101676940918
0.0 0.6973729729652405 0.47412799298763275 0.052925944328308105 0.10109499096870422
0.0 0.8951629996299744 0.5235839933156967 0.04818999767303467 0.10820499062538147
0.0 0.6052020192146301 0.25996000319719315 0.03923904895782471 0.08295701444149017
0.0 0.4735350012779236 0.2588519975543022 0.04523199796676636 0.08799399435520172
0.0 0.08747299760580063 0.4933129996061325 0.04471300542354584 0.10748198628425598
0.0 0.29828399419784546 0.2729560136795044 0.03943502902984619 0.08698099851608276
0.0 0.41947200894355774 0.21498600393533707 0.0329890251159668 0.07780401408672333
0.0 0.1283789984881878 0.23237399756908417 0.02733699232339859 0.05265900492668152
0.0 0.8197150230407715 0.21104000508785248 0.029214024543762207 0.056470006704330444
0.0 0.19683100283145905 0.13236099481582642 0.017450004816055298 0.03619199991226196
0.0 0.1942259967327118 0.32358598709106445 0.031489014625549316 0.07362598180770874
0.0 0.9792879819869995 0.4875180274248123 0.040164947509765625 0.09068700671195984
0.0 0.12367799878120422 0.16136999428272247 0.019225001335144043 0.037286996841430664
0.0 0.5973889827728271 0.10125499963760376 0.020099997520446777 0.03990499675273895
0.0 0.8647000193595886 0.8471390008926392 0.07300996780395508 0.16784095764160156
0.0 0.35982099175453186 0.11539600044488907 0.01684701442718506 0.0315680056810379
0.0 0.07001399993896484 0.16173399984836578 0.017653003334999084 0.037346988916397095
0.0 0.2596679925918579 0.08699899911880493 0.017111003398895264 0.033421993255615234
0.0 0.22721299529075623 0.09745000302791595 0.017271995544433594 0.031139999628067017
0.0 0.5154690146446228 0.061114998534321785 0.018620014190673828 0.03623899444937706
0.0 0.009937000926584005 0.25169700384140015 0.019710001535713673 0.04079699516296387
0.0 0.30767399072647095 0.06362099945545197 0.016723990440368652 0.030670002102851868
0.0 0.007089000195264816 0.35856500267982483 0.014178000390529633 0.07453298568725586
0.0 0.1261180080473423 0.11974000558257103 0.015536002814769745 0.030316002666950226
0.0 0.7387800216674805 0.4670329838991165 0.040544986724853516 0.0809679925441742
0.0 0.9777010083198547 0.8674370050430298 0.04459702968597412 0.15060806274414062
0.0 0.6954370141029358 0.08541499823331833 0.022456049919128418 0.043779000639915466
0.0 0.019113000016659498 0.22120100259780884 0.01951599959284067 0.03621399402618408
0.0 0.8542010188102722 0.48830898106098175 0.04390895366668701 0.10209497809410095
0.0 0.09011399745941162 0.18563500046730042 0.016956999897956848 0.0336189866065979
0.0 0.2688109874725342 0.1364620067179203 0.020631015300750732 0.04530700296163559
0.0 0.6438109874725342 0.18500499427318573 0.0351940393447876 0.060409992933273315
