0 0.213420 0.621939 0.048970 0.117213
0 0.849270 0.640629 0.056376 0.141233
0 0.436682 0.572232 0.053100 0.103815
0 0.991256 0.617186 0.017487 0.121508
0 0.658549 0.659969 0.055223 0.123456
0 0.784472 0.361235 0.034090 0.093169
0 0.628335 0.346663 0.040605 0.090645
0 0.697954 0.293769 0.030372 0.081182
0 0.885395 0.421432 0.030654 0.080888
0 0.156654 0.588071 0.037131 0.095743
0 0.730009 0.192565 0.016719 0.036578
0 0.494646 0.351657 0.037697 0.091854
0 0.535300 0.991405 0.098361 0.017189
0 0.994221 0.245231 0.011557 0.040292
0 0.509455 0.179285 0.020105 0.044027
0 0.303657 0.294534 0.024711 0.057851
0 0.942278 0.238227 0.014894 0.036639
0 0.585552 0.139650 0.019436 0.043278
0 0.157050 0.952656 0.039150 0.094688
0 0.815134 0.166673 0.014758 0.031942
0 0.852750 0.175289 0.015469 0.032299
0 0.813218 0.208631 0.016149 0.035341
0 0.252619 0.948958 0.071563 0.102083
0 0.979359 0.268534 0.015437 0.035195
0 0.778711 0.151185 0.013801 0.030678
0 0.942214 0.244485 0.015451 0.038797