0 0.658471 0.651717 0.059641 0.114175
0 0.410716 0.590385 0.053593 0.095621
0 0.500246 0.373611 0.037193 0.069792
0 0.987494 0.601796 0.025011 0.095309
0 0.869701 0.634881 0.060006 0.121712
0 0.190771 0.621535 0.052360 0.100428
0 0.636606 0.378135 0.037543 0.084736
0 0.782834 0.390387 0.037022 0.080626
0 0.134930 0.583563 0.043407 0.085660
0 0.740391 0.234186 0.017944 0.032601
0 0.674401 0.342200 0.031793 0.076959
0 0.506351 0.221660 0.018476 0.036775
0 0.902324 0.254684 0.015289 0.030302
0 0.584888 0.188791 0.019065 0.036468
0 0.282978 0.323973 0.025660 0.050115
0 0.787813 0.189246 0.014533 0.028226
0 0.444991 0.221614 0.017326 0.034472
0 0.232571 0.920599 0.073973 0.158802
0 0.957108 0.336829 0.025556 0.046728
0 0.969575 0.236997 0.014341 0.027012
0 0.828471 0.247522 0.014536 0.027575
0 0.665126 0.193235 0.016514 0.029135
0 0.406916 0.201754 0.023103 0.040078
0 0.459635 0.285739 0.026393 0.049296
0 0.845340 0.216931 0.020395 0.034917
0 0.875332 0.221039 0.022794 0.034917
0 0.906525 0.425411 0.044389 0.069836