0.0 0.19980656463193122 0.9202099598192578 0.07283873634182891 0.1595800803614844
0.0 0.49388879249236606 0.34430938102092756 0.04158281159323041 0.09092547555724023
0.0 0.18294130534884534 0.6045024814887485 0.05668627095860024 0.11645514963545767
0.0 0.6589903074857093 0.6619646377662074 0.06139989827632775 0.13029505897672755
0.0 0.3952114739844738 0.5952085146436146 0.057640738123476476 0.11829511989231944
0.0 0.7699329224697802 0.2745900375111589 0.037349504593857996 0.06658888895224235
0.0 0.6252353976533711 0.32932611590363914 0.038920350554365046 0.07504867263598025
0.0 0.8554207999776829 0.6473646577182444 0.059501010969363444 0.12327930078599658
0.0 0.5709110243892623 0.2260142926792487 0.03625583169155511 0.061497782937667556
0.0 0.8795168894565688 0.2512168497160186 0.02832025731897525 0.05640137641547674
0.0 0.6472194334743291 0.27073543265123046 0.02843597965374023 0.05560314520901219
0.0 0.5852681594293252 0.138078508496624 0.01972170049084332 0.039889395998226815
0.0 0.9715573323357196 0.19021664009931744 0.01453277636615502 0.031798021256784825
0.0 0.8772250788246598 0.12173591656690108 0.018051231641725618 0.03696113174888943
0.0 0.9724763020375521 0.30786171820010755 0.02744192964004788 0.05415064836901179
0.0 0.7950698471949805 0.14883664591876983 0.017985260227032285 0.036176658593629146
0.0 0.6678945722180765 0.16303015117658717 0.019621109214494226 0.04122013891626092
0.0 0.9254203445183485 0.18289703740839056 0.016145323523656385 0.030123226490976263
0.0 0.9800686434810253 0.2500152751204851 0.019186545216789086 0.039600376355269556
0.0 0.7501473083881881 0.1896142634380319 0.02129460427529506 0.03986292501078717
0.0 0.614218020088987 0.1652914644629639 0.022773998118736483 0.04432730910104524
0.0 0.10764328782056005 0.6639210772127395 0.030714717051177814 0.15585009976996467
0.0 0.6388492648419271 0.1371278245949169 0.020905615025538782 0.039785641716706704
0.0 0.8360982265457347 0.1990395440492253 0.02423214795616202 0.043674116189288875
0.0 0.9840379437731568 0.18550135348374278 0.01298934788349726 0.027720061524589057
0.0 0.44906981064937224 0.18115765848133167 0.016990120777134077 0.03363798362598641
0.0 0.6670263823482876 0.14960523727033231 0.017426803123017476 0.03365175153676589
0.0 0.9725242675340907 0.8135600390031538 0.05495146493181857 0.15303196500345795
