0.0 0.5380142237904306 0.6520524867377802 0.06656522795126385 0.11252860448391522
0.0 0.3121284877742992 0.6367284900263708 0.06295167545100244 0.11976104302424695
0.0 0.8147395561804127 0.581902989393408 0.05971096862360903 0.09948422414339131
0.0 0.5737072950715906 0.38416388609173924 0.04180036555679201 0.08066056444900033
0.0 0.38309466549179577 0.3931116659701337 0.04114752739937988 0.07798920720591246
0.0 0.7388573577955411 0.3846311953557162 0.0465710324548253 0.07797429367190944
0.0 0.5167122822064513 0.33744106970997484 0.03461927319588781 0.07484493943677573
0.0 0.2682082689620271 0.4352043929499715 0.034756005565799386 0.06309244919134999
0.0 0.941268965565145 0.33021233523004556 0.029715058193660493 0.051088986267926795
0.0 0.275926849454725 0.2558831948911263 0.017294129223899446 0.032609526212693474
0.0 0.20362293782729288 0.34921598585205826 0.029321801377543144 0.05134642194062272
0.0 0.1643996860830213 0.5978882825021394 0.047425832665372786 0.0984199287540698
0.0 0.4562020628877373 0.2276733940161019 0.020568955458456384 0.033619692284051816
0.0 0.3924170173344663 0.19617475929966838 0.01940860903098124 0.032713066167544325
0.0 0.14333067353628084 0.28489887560938676 0.018940633419801567 0.034530988435438115
0.0 0.6954852386805666 0.22639834245450285 0.022337241896726145 0.03601870032044088
0.0 0.6168378876318888 0.19086933212322835 0.01928034680787838 0.03274477653830643
0.0 0.15644605105571813 0.2233184336035401 0.017698005566184893 0.03016948163469796
0.0 0.07612867254569154 0.3684985320689482 0.02054652927205755 0.03674344525711376
0.0 0.3529266454998138 0.25594008661811385 0.018436325336784576 0.031469724976707386
0.0 0.3124885565809754 0.22527532415636262 0.017777086805280173 0.029671400176608687
0.0 0.19147558504665504 0.300290031870006 0.01682613769139113 0.028042836703921048
0.0 0.4779965785355643 0.22997260090532584 0.0165141751790428 0.030290735754587766
0.0 0.07280682366223368 0.4656751474300077 0.014075922219049603 0.06660509375938167
0.0 0.20925052247257594 0.2704703163892543 0.018078382027474804 0.033490043220510746
0.0 0.1966020657762994 0.23434902124006896 0.015505519209687374 0.027879607865775063
0.0 0.08625769641275505 0.339443659889826 0.020813645382106352 0.03299568667119401
