0.0 0.29942798614501953 0.4726159870624542 0.05819904804229736 0.10847002267837524
0.0 0.5624130070209503 0.5598359555006027 0.06282299757003784 0.12414398789405823
0.0 0.7688199877738953 0.5342309921979904 0.06257903575897217 0.12396398186683655
0.0 0.08190298080444336 0.5234190374612808 0.05100893974304199 0.10244402289390564
0.0 0.5286479592323303 0.2645280063152313 0.03923499584197998 0.08701199293136597
0.0 0.42110997438430786 0.08167199790477753 0.03434395790100098 0.06984800100326538
0.0 0.9179770052433014 0.4969469904899597 0.046106040477752686 0.1137399673461914
0.0 0.6980380415916443 0.2728869989514351 0.04114997386932373 0.08913300931453705
0.0 0.020865023136138916 0.5019299983978271 0.03942000865936279 0.09039497375488281
0.0 0.5941609740257263 0.22856099903583527 0.034083008766174316 0.07722100615501404
0.0 0.8706769943237305 0.1657779961824417 0.019629955291748047 0.04072999954223633
0.0 0.3892890214920044 0.048710000701248646 0.019752979278564453 0.040272003039717674
0.0 0.8046109974384308 0.13468099758028984 0.01631397008895874 0.034307993948459625
0.0 0.48255598545074463 0.0635790005326271 0.020169973373413086 0.03705500066280365
0.0 0.7994700074195862 0.28366199135780334 0.028800010681152344 0.06378799676895142
0.0 0.9259580075740814 0.15612100064754486 0.016009032726287842 0.03437399864196777
0.0 0.36771297454833984 0.2716369926929474 0.04497504234313965 0.08471500873565674
0.0 0.11745500564575195 0.8321200013160706 0.06867003440856934 0.1644669771194458
0.0 0.9903450012207031 0.2518160045146942 0.019119977951049805 0.0391240119934082
0.0 0.7166410088539124 0.1265300065279007 0.018025994300842285 0.03419899940490723
0.0 0.7718029916286469 0.09715499728918076 0.014916002750396729 0.02871699631214142
0.0 0.993463009595871 0.36268800497055054 0.013042986392974854 0.09396600723266602
0.0 0.8776910305023193 0.11567500606179237 0.014564990997314453 0.030270002782344818
0.0 0.6961689591407776 0.07602299749851227 0.011664986610412598 0.023231998085975647
0.0 0.9094310104846954 0.18788999319076538 0.016982972621917725 0.032195985317230225
0.0 0.7214139997959137 0.07040800154209137 0.013006985187530518 0.022919997572898865
0.0 0.5667089819908142 0.0745600014925003 0.017238974571228027 0.032096996903419495
