0.0 0.5595209896564484 0.5556700229644775 0.06083101034164429 0.11797797679901123
0.0 0.08311498165130615 0.5214820057153702 0.05318295955657959 0.10996600985527039
0.0 0.29776298999786377 0.47898900508880615 0.055035948753356934 0.10658502578735352
0.0 0.9167799949645996 0.49776899814605713 0.04512298107147217 0.1141359806060791
0.0 0.5242030024528503 0.2676750048995018 0.03712797164916992 0.07590599358081818
0.0 0.02181798219680786 0.49693499505519867 0.03974497318267822 0.08860698342323303
0.0 0.8036690056324005 0.31589001417160034 0.03781396150588989 0.08157199621200562
0.0 0.8701249957084656 0.1698720008134842 0.02260303497314453 0.04486700892448425
0.0 0.3669559955596924 0.2724359929561615 0.043962955474853516 0.07961100339889526
0.0 0.8185620307922363 0.15559299290180206 0.030786991119384766 0.05998200178146362
0.0 0.5779800117015839 0.21852299571037292 0.029609978199005127 0.059807002544403076
0.0 0.925805002450943 0.15773500502109528 0.01697903871536255 0.037014007568359375
0.0 0.7725099921226501 0.09928800165653229 0.017403006553649902 0.033160001039505005
0.0 0.4015349745750427 0.10316299647092819 0.023066997528076172 0.04098999500274658
0.0 0.487496018409729 0.06537800282239914 0.020864009857177734 0.03783699870109558
0.0 0.8024420142173767 0.13119900226593018 0.018020987510681152 0.034083008766174316
0.0 0.9900799989700317 0.2534179985523224 0.019587039947509766 0.04010498523712158
0.0 0.7806119918823242 0.5372390002012253 0.061717987060546875 0.1238429844379425
0.0 0.9918310046195984 0.358720988035202 0.016337990760803223 0.0670669674873352
0.0 0.90973299741745 0.18671199679374695 0.020756006240844727 0.03860101103782654
0.0 0.36025702953338623 0.10191500186920166 0.018110036849975586 0.0334399938583374
0.0 0.8744369745254517 0.11720799654722214 0.016180992126464844 0.03165300190448761
0.0 0.7180089950561523 0.12738500908017159 0.020837068557739258 0.03967400640249252
0.0 0.11677497625350952 0.8346329927444458 0.07120001316070557 0.17288494110107422
0.0 0.5661300122737885 0.07543099671602249 0.017574012279510498 0.03249600529670715
0.0 0.6954430043697357 0.07584699988365173 0.013323009014129639 0.024397000670433044
0.0 0.30402398109436035 0.08258000016212463 0.023193001747131348 0.042980000376701355
0.0 0.8511149883270264 0.13002799451351166 0.016615986824035645 0.033751994371414185
0.0 0.9801769852638245 0.22343499958515167 0.021111011505126953 0.039757996797561646
