0.0 0.5586879849433899 0.5590119957923889 0.06334197521209717 0.12299597263336182
0.0 0.9139679968357086 0.49411000311374664 0.04391199350357056 0.10482701659202576
0.0 0.7693729996681213 0.5393049716949463 0.06178998947143555 0.1294879913330078
0.0 0.10539299249649048 0.5250950008630753 0.04884803295135498 0.11048302054405212
0.0 0.3022630214691162 0.47512201964855194 0.05198705196380615 0.10249701142311096
0.0 0.579815000295639 0.21702399849891663 0.03324002027511597 0.08226698637008667
0.0 0.3942379951477051 0.26295799016952515 0.04070305824279785 0.08426600694656372
0.0 0.526578962802887 0.258978009223938 0.044793009757995605 0.08821898698806763
0.0 0.7032110095024109 0.2698200047016144 0.03901493549346924 0.08217000961303711
0.0 0.18016201257705688 0.21198999881744385 0.030311942100524902 0.05766099691390991
0.0 0.8028800189495087 0.13237500190734863 0.01743096113204956 0.03681999444961548
0.0 0.40492498874664307 0.10116899758577347 0.020758986473083496 0.042437002062797546
0.0 0.808866024017334 0.32883700728416443 0.03202199935913086 0.07003897428512573
0.0 0.874638020992279 0.16847999393939972 0.019917011260986328 0.03839901089668274
0.0 0.1359339952468872 0.8534219861030579 0.08458995819091797 0.1819469928741455
0.0 0.9295429885387421 0.16251300275325775 0.017628014087677002 0.03896400332450867
0.0 0.02038198709487915 0.4881629943847656 0.04005694389343262 0.09407997131347656
0.0 0.6944290101528168 0.0657230019569397 0.016223013401031494 0.03039500117301941
0.0 0.7411189675331116 0.08602400124073029 0.01678597927093506 0.032722994685173035
0.0 0.4836300015449524 0.06139000132679939 0.018903017044067383 0.03700200468301773
0.0 0.9899759888648987 0.2514289915561676 0.019353032112121582 0.03927898406982422
0.0 0.8741230070590973 0.1193929985165596 0.01612800359725952 0.03070099651813507
0.0 0.9930469989776611 0.35799500346183777 0.013906002044677734 0.07488501071929932
0.0 0.7730379998683929 0.09731300175189972 0.016300976276397705 0.030834004282951355
0.0 0.6362279951572418 0.11473699286580086 0.016838014125823975 0.03307899087667465
0.0 0.011619985103607178 0.8276849985122681 0.023239970207214355 0.1567779779434204
0.0 0.3044130206108093 0.08642199635505676 0.02353799343109131 0.046087995171546936
0.0 0.9101880192756653 0.18570399284362793 0.017248988151550293 0.03377801179885864
0.0 0.9812089800834656 0.21974200010299683 0.018182992935180664 0.03386199474334717
