0 0.440983 0.556079 0.060846 0.124476
0 0.245346 0.530890 0.058077 0.127457
0 0.700352 0.492716 0.054239 0.101443
0 0.601332 0.262515 0.039668 0.079880
0 0.907520 0.524791 0.054779 0.113356
0 0.462801 0.264897 0.041175 0.087340
0 0.082399 0.495742 0.044654 0.102366
0 0.303476 0.274138 0.038718 0.091079
0 0.429496 0.217377 0.034871 0.080248
0 0.971816 0.484135 0.044461 0.093361
0 0.357640 0.114757 0.017703 0.032892
0 0.193112 0.313143 0.029733 0.063612
0 0.193726 0.136688 0.015928 0.033832
0 0.819577 0.210265 0.026023 0.051233
0 0.515755 0.063357 0.019153 0.035900
0 0.008360 0.252518 0.016343 0.040172
0 0.072041 0.163359 0.015899 0.032778
0 0.270243 0.130730 0.015469 0.031255
0 0.309079 0.074475 0.014687 0.028504
0 0.593402 0.104099 0.019171 0.038478
0 0.253657 0.097741 0.015254 0.030209
0 0.020721 0.223183 0.019293 0.035147
0 0.125881 0.119587 0.014994 0.027399
0 0.990648 0.874173 0.018581 0.124594
0 0.942512 0.494682 0.028804 0.071682
0 0.872476 0.845070 0.071845 0.193934
0 0.123835 0.112913 0.014374 0.029205
0 0.697209 0.079288 0.015777 0.030205
0 0.646238 0.176375 0.025485 0.047465