0.0 0.44188299775123596 0.5556250065565109 0.06357699632644653 0.1211799681186676
0.0 0.6103829741477966 0.26112300157546997 0.04007303714752197 0.07902300357818604
0.0 0.7013429999351501 0.481550008058548 0.05827796459197998 0.10733002424240112
0.0 0.9131770133972168 0.5206430107355118 0.05453896522521973 0.11402902007102966
0.0 0.47527799010276794 0.2688390016555786 0.038832008838653564 0.08667701482772827
0.0 0.2901880145072937 0.27834901958703995 0.04415100812911987 0.08981101214885712
0.0 0.4225740134716034 0.21061600744724274 0.03305399417877197 0.07351401448249817
0.0 0.22144900262355804 0.5397530049085617 0.05914899706840515 0.12509098649024963
0.0 0.9791190028190613 0.48694899678230286 0.040191054344177246 0.09081500768661499
0.0 0.19656699895858765 0.1317570060491562 0.016689002513885498 0.0357930064201355
0.0 0.5890880227088928 0.09774299710988998 0.02250194549560547 0.04105599224567413
0.0 0.09090399742126465 0.49324700236320496 0.045173004269599915 0.11301499605178833
0.0 0.37077999114990234 0.09982900321483612 0.020725011825561523 0.03997600078582764
0.0 0.8198300004005432 0.20994700491428375 0.02622997760772705 0.05237299203872681
0.0 0.13067300617694855 0.23255401104688644 0.02633500099182129 0.052019014954566956
0.0 0.2276490032672882 0.09926100075244904 0.01771301031112671 0.03222900629043579
0.0 0.5159569978713989 0.06335300207138062 0.01985001564025879 0.03889000415802002
0.0 0.07296500355005264 0.16363899409770966 0.017101004719734192 0.036855995655059814
0.0 0.30788999795913696 0.0647059977054596 0.019279003143310547 0.03453700244426727
0.0 0.19885900616645813 0.3202419877052307 0.03233999013900757 0.06834501028060913
0.0 0.12613199651241302 0.1190590001642704 0.016005992889404297 0.029166005551815033
0.0 0.009883999824523926 0.2529410123825073 0.0191040001809597 0.038652002811431885
0.0 0.9725540280342102 0.7759069800376892 0.0512620210647583 0.15906095504760742
0.0 0.26958099007606506 0.13219499588012695 0.017796993255615234 0.035892993211746216
0.0 0.8727459907531738 0.8285210132598877 0.07700598239898682 0.18307805061340332
0.0 0.007925000041723251 0.361050009727478 0.015850000083446503 0.06466299295425415
0.0 0.14094500243663788 0.15431000292301178 0.01840999722480774 0.03772100806236267
0.0 0.12482500076293945 0.11576400324702263 0.015686005353927612 0.03318200260400772
0.0 0.08954399824142456 0.186832994222641 0.018410995602607727 0.03340300917625427
0.0 0.6395630240440369 0.17853300273418427 0.026698946952819824 0.056095004081726074
