0.0 0.36434031898033525 0.6409679886426626 0.05305057560410498 0.1059726658244764
0.0 0.5442782752510288 0.6545300908085834 0.0577289138750221 0.11462553110456397
0.0 0.7915244555008228 0.5960427433937329 0.05280801190124507 0.10650777174346904
0.0 0.19077019147463503 0.5989222939181116 0.04165621937258901 0.09909520382934878
0.0 0.9827196992683949 0.6037577575796578 0.03456060146321038 0.10266959191109881
0.0 0.6998930966821593 0.3741247777134258 0.038934592823218206 0.08271026509760943
0.0 0.6283165056461506 0.266195202101864 0.03393567129471087 0.0576857098383971
0.0 0.577174205568368 0.36084535082059155 0.036633526260999916 0.07002829989564224
0.0 0.45054177761096836 0.3110212225754315 0.032869309546302905 0.05800998379991584
0.0 0.9608090853842274 0.9238139530852321 0.07591631536735566 0.15237209382953576
0.0 0.5504748479748753 0.3056326921659893 0.028321268467805805 0.0512497250177093
0.0 0.3430536955718246 0.2902101298641932 0.024272671610122698 0.04907163290527816
0.0 0.5338684764709825 0.21267095645090062 0.021247627806210034 0.04454051725036148
0.0 0.5886551289184772 0.21514306381074538 0.022363488879675653 0.0415730502293675
0.0 0.6177963965145583 0.18897084680193238 0.01916910975584929 0.036784805939180626
0.0 0.4594666249894126 0.23384035009010135 0.01731983084776567 0.03369821988351587
0.0 0.1933395778318181 0.28156482926263204 0.016433237266706507 0.03458117423239543
0.0 0.25116362410812704 0.33903311446282836 0.025208714903514035 0.04742481506834045
0.0 0.34157921954285075 0.17361162371543637 0.017415909434604526 0.034103773639283796
0.0 0.786627310935063 0.2084839702777686 0.024082413895081367 0.045155946813594056
0.0 0.25149752129500147 0.23581614692138428 0.0124064983584046 0.026544696426415437
0.0 0.4153389973051156 0.19869100792660674 0.017962868471453397 0.03425124437063781
0.0 0.37711400820824 0.23875999016977387 0.02073868629221476 0.04144731034012067
0.0 0.13111494437009424 0.37052864646350936 0.013502361073756547 0.045951942576733074
0.0 0.18975994171885052 0.44818408630923506 0.027946479763760607 0.05903187748642047
0.0 0.24582603548355814 0.28099194221178186 0.0184223390105199 0.036091856029709546
0.0 0.5648190776435282 0.18714535745645083 0.02088996258001996 0.03776325555012655
0.0 0.29187048625804046 0.22975262038791183 0.013450038253048857 0.02422100186100931
0.0 0.2901610443607515 0.2314344160587057 0.013546116839887656 0.023793703176209546
0.0 0.7419307812141491 0.2247374991330976 0.016692896097292742 0.03039324423531331
0.0 0.535842382545706 0.20162634267251991 0.01844419695990096 0.03436468637468265
0.0 0.2496225713452 0.791723213256492 0.061185843542582524 0.13461420098205745
0.0 0.1411033047519628 0.4715051027294872 0.031170346565408263 0.07342589707328662
