0 0.934293 0.419045 0.060966 0.133719
0 0.228352 0.538315 0.058493 0.126764
0 0.439803 0.553565 0.060756 0.118292
0 0.713729 0.481128 0.054804 0.101694
0 0.599723 0.257207 0.038344 0.073319
0 0.081757 0.491168 0.043313 0.113741
0 0.469565 0.265892 0.045717 0.093577
0 0.298950 0.270750 0.037399 0.080074
0 0.188272 0.325308 0.033465 0.070316
0 0.428599 0.199710 0.030847 0.071115
0 0.976728 0.473195 0.042284 0.085869
0 0.196809 0.130614 0.018870 0.037302
0 0.593932 0.101742 0.019804 0.040650
0 0.818986 0.210332 0.026433 0.052877
0 0.132421 0.227225 0.026491 0.049210
0 0.071494 0.161930 0.018096 0.039005
0 0.515406 0.064995 0.019548 0.037859
0 0.227473 0.097785 0.017376 0.031485
0 0.010092 0.252630 0.019980 0.040846
0 0.270403 0.129032 0.018120 0.034874
0 0.007323 0.350668 0.014603 0.086356
0 0.694816 0.085847 0.023475 0.046141
0 0.125784 0.118810 0.015747 0.030090
0 0.089987 0.185994 0.018177 0.035124
0 0.261124 0.089457 0.016938 0.032284
0 0.370366 0.118546 0.015845 0.030792
0 0.306201 0.074515 0.016660 0.032714
0 0.019404 0.221397 0.020033 0.037425
0 0.637533 0.169748 0.027021 0.046139
0 0.993305 0.853539 0.013389 0.135059
0 0.124426 0.114096 0.015425 0.033363
0 0.432646 0.071737 0.023058 0.040992