0 0.441986 0.555806 0.062300 0.120643
0 0.230574 0.539377 0.058918 0.128397
0 0.700980 0.480598 0.055885 0.106658
0 0.913610 0.520280 0.054634 0.115101
0 0.979644 0.487586 0.040683 0.095078
0 0.475392 0.268600 0.039122 0.086477
0 0.296993 0.278193 0.038511 0.083613
0 0.629960 0.269101 0.043587 0.083597
0 0.422049 0.218508 0.032401 0.080242
0 0.189468 0.323321 0.032529 0.067642
0 0.819402 0.210758 0.027811 0.054773
0 0.196692 0.131069 0.016186 0.034961
0 0.129021 0.231132 0.027443 0.055049
0 0.092311 0.497736 0.044387 0.105517
0 0.365416 0.100825 0.019251 0.036044
0 0.305718 0.067055 0.018165 0.035072
0 0.072592 0.162177 0.017727 0.037021
0 0.589367 0.099458 0.020906 0.038616
0 0.515759 0.061367 0.018045 0.035106
0 0.084867 0.096156 0.016564 0.032345
0 0.009696 0.251805 0.019230 0.039393
0 0.268758 0.131130 0.017255 0.033739
0 0.230911 0.098254 0.016638 0.031811
0 0.117652 0.178678 0.015748 0.030065
0 0.385814 0.103290 0.015456 0.032475
0 0.006587 0.355989 0.013174 0.071408
0 0.134288 0.146708 0.016920 0.035905
0 0.122450 0.107982 0.014512 0.029890
0 0.019176 0.220655 0.019480 0.035375