0 0.935909 0.419779 0.060005 0.130325
0 0.438663 0.554191 0.061559 0.115853
0 0.689982 0.470978 0.055044 0.104230
0 0.230167 0.537344 0.058093 0.129331
0 0.064991 0.521408 0.047897 0.121859
0 0.300789 0.273528 0.038731 0.086801
0 0.473045 0.269887 0.045728 0.093429
0 0.592316 0.262292 0.039005 0.080201
0 0.190469 0.326557 0.033371 0.071683
0 0.434941 0.205875 0.034136 0.074628
0 0.817730 0.210483 0.028697 0.054595
0 0.132393 0.229226 0.026769 0.051159
0 0.069910 0.164867 0.018283 0.039128
0 0.592816 0.103794 0.019042 0.037543
0 0.365567 0.109660 0.020483 0.040537
0 0.516286 0.067239 0.019451 0.037794
0 0.227332 0.097782 0.018217 0.032669
0 0.010415 0.252774 0.020129 0.039957
0 0.984139 0.864299 0.031721 0.148875
0 0.007682 0.354644 0.015363 0.083879
0 0.979144 0.480498 0.040362 0.088519
0 0.273023 0.123222 0.020332 0.040091
0 0.304879 0.077835 0.017891 0.035835
0 0.266311 0.086442 0.016278 0.030989
0 0.201035 0.138863 0.017476 0.031036
0 0.126156 0.118441 0.015108 0.028572
0 0.019643 0.222748 0.020550 0.038429
0 0.878641 0.830097 0.058252 0.159655
0 0.642597 0.186084 0.035194 0.066882