0 0.440610 0.555292 0.060452 0.122784
0 0.231369 0.536150 0.058528 0.127942
0 0.694203 0.471735 0.053362 0.103871
0 0.080262 0.491664 0.046573 0.113100
0 0.921840 0.525306 0.056817 0.112879
0 0.302827 0.269839 0.037531 0.087914
0 0.468777 0.272292 0.037885 0.084728
0 0.192110 0.307252 0.041989 0.079467
0 0.406950 0.206800 0.033040 0.083240
0 0.637440 0.271433 0.045783 0.085351
0 0.980333 0.504496 0.038518 0.090683
0 0.194653 0.135005 0.016137 0.034147
0 0.308803 0.068797 0.017808 0.033290
0 0.805226 0.194182 0.025932 0.050411
0 0.125666 0.164361 0.019330 0.039552
0 0.073851 0.159008 0.016818 0.036194
0 0.358705 0.105989 0.022304 0.043138
0 0.517588 0.062553 0.019816 0.037372
0 0.130058 0.234608 0.025900 0.053810
0 0.598579 0.103334 0.022229 0.041174
0 0.009681 0.252325 0.019072 0.039514
0 0.228251 0.097569 0.016472 0.032143
0 0.283085 0.125108 0.020922 0.040359
0 0.885938 0.833203 0.068888 0.162770
0 0.695765 0.083924 0.023900 0.045523
0 0.005488 0.359518 0.010837 0.090488