0 0.439150 0.554907 0.061557 0.121698
0 0.710633 0.475652 0.055603 0.111096
0 0.081329 0.491331 0.045743 0.116070
0 0.247241 0.533928 0.058596 0.125517
0 0.414808 0.214638 0.034407 0.082785
0 0.953120 0.838650 0.064627 0.129297
0 0.602374 0.261770 0.039132 0.076099
0 0.910930 0.525263 0.056651 0.109717
0 0.870499 0.847052 0.075572 0.178649
0 0.201423 0.305036 0.034464 0.069473
0 0.303270 0.277890 0.041086 0.087336
0 0.978309 0.475871 0.039725 0.084820
0 0.357636 0.115118 0.018178 0.032971
0 0.193933 0.136756 0.015820 0.033553
0 0.465745 0.267113 0.039205 0.088257
0 0.821265 0.210327 0.025214 0.051179
0 0.070553 0.172409 0.017691 0.040204
0 0.519025 0.061622 0.019907 0.037309
0 0.593984 0.103006 0.021087 0.041291
0 0.007149 0.252741 0.014168 0.039972
0 0.695666 0.083861 0.023174 0.043778
0 0.267918 0.127637 0.017716 0.035414
0 0.007015 0.356458 0.013956 0.106743
0 0.125988 0.119839 0.015891 0.028800
0 0.242998 0.110577 0.011087 0.026364
0 0.255098 0.094541 0.013096 0.025810
0 0.226582 0.097407 0.015301 0.027181
0 0.223986 0.097046 0.015181 0.027575
0 0.124290 0.114232 0.015222 0.031853
0 0.304417 0.075578 0.012262 0.023713