0 0.439292 0.552344 0.062439 0.118464
0 0.601503 0.258654 0.039957 0.080149
0 0.469033 0.263817 0.038950 0.087218
0 0.913713 0.528616 0.060126 0.120235
0 0.245040 0.538414 0.055589 0.122335
0 0.073044 0.493676 0.044903 0.108758
0 0.688904 0.496349 0.050765 0.094522
0 0.969104 0.476160 0.042289 0.093832
0 0.433988 0.215415 0.032174 0.082541
0 0.304450 0.273875 0.039310 0.091885
0 0.357371 0.114167 0.017507 0.032875
0 0.595454 0.101792 0.021141 0.042901
0 0.876278 0.859574 0.077893 0.173001
0 0.516606 0.063855 0.020329 0.038797
0 0.190702 0.327090 0.032604 0.068127
0 0.819118 0.209416 0.027225 0.052927
0 0.309022 0.063407 0.016109 0.031184
0 0.226824 0.097559 0.017528 0.031826
0 0.074816 0.159907 0.015993 0.033830
0 0.647212 0.102269 0.018054 0.034334
0 0.694884 0.083877 0.024251 0.044598
0 0.005978 0.359150 0.011937 0.095312
0 0.126083 0.118863 0.015381 0.028454
0 0.134217 0.223145 0.023904 0.048716
0 0.269201 0.129520 0.015648 0.031230
0 0.005955 0.259028 0.011910 0.044850
0 0.252587 0.098723 0.015626 0.030994
0 0.740102 0.466984 0.040305 0.079266
0 0.225425 0.097925 0.014108 0.027318
0 0.124165 0.112397 0.014943 0.030775
0 0.432646 0.069579 0.023058 0.036677