0 0.654471 0.655119 0.056787 0.120698
0 0.977109 0.599696 0.045781 0.117346
0 0.507017 0.356954 0.036308 0.081362
0 0.423013 0.590266 0.047838 0.093762
0 0.223631 0.627001 0.050817 0.118938
0 0.769738 0.373774 0.034718 0.088991
0 0.454726 0.180339 0.016829 0.036839
0 0.167927 0.581858 0.041095 0.094296
0 0.730435 0.206049 0.016833 0.035027
0 0.512740 0.193506 0.017451 0.040054
0 0.880439 0.226393 0.014484 0.033956
0 0.305981 0.302261 0.022894 0.051817
0 0.855315 0.636926 0.055048 0.126655
0 0.879626 0.402336 0.037211 0.077190
0 0.774681 0.159089 0.014022 0.029883
0 0.668779 0.323486 0.030791 0.080948
0 0.992367 0.257692 0.015266 0.036415
0 0.585930 0.157169 0.016672 0.035891
0 0.825822 0.188325 0.014288 0.031424
0 0.929997 0.319509 0.024178 0.052785
0 0.943088 0.209888 0.013574 0.029312
0 0.811872 0.220819 0.014365 0.031914
0 0.851180 0.188521 0.014485 0.031102
0 0.420906 0.170948 0.020135 0.040118
0 0.660833 0.161441 0.014916 0.029875