0 0.441709 0.553900 0.059882 0.121846
0 0.701895 0.491515 0.055730 0.109752
0 0.065145 0.506926 0.047829 0.105146
0 0.912760 0.506292 0.057847 0.105143
0 0.250926 0.553801 0.059712 0.118049
0 0.142173 0.544146 0.063289 0.135623
0 0.602436 0.261798 0.041936 0.089042
0 0.471709 0.251499 0.036255 0.069995
0 0.529155 0.147047 0.037762 0.061675
0 0.225563 0.171438 0.026130 0.052955
0 0.448747 0.191703 0.029627 0.051189
0 0.350208 0.201336 0.033897 0.066212
0 0.489380 0.092452 0.023697 0.043991
0 0.903208 0.860174 0.067885 0.181485
0 0.983633 0.560570 0.032617 0.110908
0 0.516483 0.064294 0.020242 0.038204
0 0.354124 0.115145 0.020842 0.038611
0 0.135392 0.115150 0.014735 0.030946
0 0.434387 0.090265 0.022676 0.043111
0 0.124849 0.167764 0.019229 0.038823
0 0.071847 0.163099 0.016900 0.036300
0 0.306048 0.073687 0.017903 0.034579
0 0.261937 0.126036 0.021867 0.040715
0 0.180279 0.106965 0.014898 0.026801
0 0.440018 0.067589 0.017436 0.032071
0 0.244282 0.087347 0.016363 0.030208
0 0.086268 0.333781 0.035698 0.069185
0 0.014272 0.361515 0.027698 0.064928
0 0.006698 0.256503 0.013396 0.047804