0 0.705146 0.475564 0.054487 0.106160
0 0.933637 0.415771 0.058780 0.130161
0 0.439607 0.553735 0.059747 0.119624
0 0.081629 0.489502 0.043613 0.113865
0 0.470630 0.261711 0.043135 0.093968
0 0.600222 0.260384 0.039069 0.086078
0 0.229112 0.538691 0.059911 0.128064
0 0.425794 0.204247 0.031984 0.077841
0 0.300535 0.270638 0.038118 0.086436
0 0.187328 0.326096 0.032694 0.069367
0 0.818911 0.212200 0.027529 0.054582
0 0.593651 0.102162 0.019502 0.040487
0 0.368086 0.108180 0.020347 0.040785
0 0.515924 0.066466 0.019460 0.037736
0 0.070372 0.161763 0.016923 0.036720
0 0.132215 0.227892 0.025660 0.049324
0 0.198216 0.138343 0.017574 0.034886
0 0.260144 0.090753 0.017016 0.034222
0 0.010325 0.252739 0.020123 0.040092
0 0.977420 0.474478 0.042940 0.087269
0 0.695029 0.086628 0.023835 0.047262
0 0.270624 0.128674 0.018278 0.035094
0 0.987146 0.869923 0.025708 0.153915
0 0.125907 0.119475 0.015472 0.028923
0 0.226155 0.097500 0.016029 0.029536
0 0.306422 0.073941 0.015976 0.030147
0 0.018959 0.220406 0.018716 0.035386
0 0.433859 0.074973 0.023058 0.038835
0 0.879248 0.822546 0.074029 0.174757