0 0.915197 0.522050 0.053701 0.112628
0 0.442694 0.554316 0.061491 0.120719
0 0.693417 0.467563 0.053719 0.104488
0 0.235183 0.534900 0.057615 0.121952
0 0.473468 0.268715 0.039957 0.087368
0 0.084184 0.487360 0.046149 0.104911
0 0.297726 0.269170 0.039309 0.085027
0 0.426890 0.219294 0.034399 0.083001
0 0.620302 0.269727 0.040262 0.078553
0 0.819412 0.209362 0.026035 0.052088
0 0.187584 0.318805 0.034508 0.074977
0 0.979215 0.490761 0.041420 0.094672
0 0.370075 0.108992 0.021677 0.041281
0 0.122910 0.162350 0.019207 0.037106
0 0.593630 0.102481 0.021272 0.041101
0 0.885137 0.835719 0.069676 0.166458
0 0.309536 0.067435 0.017879 0.032411
0 0.516929 0.062388 0.018817 0.036278
0 0.076989 0.154815 0.016233 0.033541
0 0.190917 0.149730 0.019351 0.039300
0 0.009774 0.251864 0.018879 0.038331
0 0.434153 0.076892 0.019321 0.037481
0 0.223593 0.099060 0.016888 0.031654
0 0.269101 0.131834 0.017971 0.035577
0 0.415901 0.090354 0.016387 0.034676
0 0.123739 0.115591 0.016211 0.035811