0 0.441502 0.557318 0.061810 0.119099
0 0.247621 0.543919 0.056013 0.109885
0 0.605356 0.259675 0.039680 0.085048
0 0.701129 0.496283 0.056496 0.111346
0 0.913097 0.506514 0.058026 0.109219
0 0.475353 0.247401 0.038831 0.072503
0 0.071120 0.501387 0.044490 0.105749
0 0.349817 0.188571 0.029348 0.060067
0 0.889916 0.805304 0.069749 0.176270
0 0.539605 0.153571 0.030002 0.054433
0 0.449279 0.190525 0.029527 0.050048
0 0.073198 0.161692 0.016514 0.035803
0 0.133647 0.224430 0.027420 0.052285
0 0.487810 0.091538 0.020522 0.041515
0 0.227398 0.171328 0.026092 0.051629
0 0.983773 0.542891 0.032377 0.105936
0 0.126142 0.166959 0.019570 0.037987
0 0.266900 0.129654 0.021062 0.040895
0 0.306588 0.076814 0.017344 0.033535
0 0.516055 0.068414 0.017933 0.034819
0 0.253114 0.037872 0.019249 0.035685
0 0.352347 0.112109 0.021853 0.039079
0 0.174312 0.108281 0.015248 0.028929
0 0.129059 0.106968 0.014473 0.027181
0 0.460133 0.062352 0.017295 0.034025
0 0.089607 0.186993 0.020170 0.036152
0 0.435176 0.074428 0.017513 0.032893
0 0.005290 0.255079 0.010580 0.054481
0 0.651699 0.106257 0.021845 0.036677
0 0.699636 0.090076 0.018204 0.038835
0 0.436893 0.099784 0.019417 0.045307
0 0.132282 0.698490 0.070388 0.146710