0 0.440771 0.555980 0.059700 0.123048
0 0.694980 0.465780 0.052805 0.103388
0 0.233940 0.536863 0.058440 0.130397
0 0.601719 0.260814 0.039887 0.079826
0 0.870280 0.840883 0.074975 0.170491
0 0.465281 0.264242 0.040986 0.086634
0 0.083025 0.489852 0.045474 0.112953
0 0.957147 0.828359 0.062345 0.140258
0 0.418305 0.253485 0.033194 0.080151
0 0.302743 0.270874 0.043283 0.086914
0 0.356858 0.114875 0.018018 0.033865
0 0.193598 0.137272 0.017752 0.036416
0 0.068872 0.166835 0.017875 0.036756
0 0.175055 0.308176 0.035505 0.072437
0 0.820015 0.208484 0.024914 0.049653
0 0.939919 0.538115 0.060127 0.110455
0 0.594023 0.102422 0.019967 0.038942
0 0.308066 0.071760 0.014763 0.028800
0 0.007832 0.251709 0.015318 0.041178
0 0.516815 0.063510 0.017785 0.033176
0 0.225708 0.098724 0.018529 0.033024
0 0.268652 0.129758 0.017346 0.034129
0 0.008234 0.358783 0.016457 0.077669
0 0.253928 0.098231 0.015300 0.030948
0 0.126151 0.119051 0.015788 0.029793
0 0.695872 0.082957 0.022848 0.043342
0 0.435036 0.074821 0.017352 0.031683
0 0.245802 0.106779 0.012812 0.030761
0 0.432471 0.177741 0.026645 0.050222
0 0.224479 0.098671 0.013691 0.025140