0 0.913314 0.377466 0.061245 0.117764
0 0.696016 0.463740 0.054654 0.105470
0 0.440779 0.554212 0.060888 0.120513
0 0.227611 0.535424 0.055115 0.119787
0 0.466620 0.265690 0.040081 0.087907
0 0.599738 0.255780 0.038464 0.077949
0 0.304535 0.272545 0.037541 0.087439
0 0.387897 0.206422 0.031338 0.073891
0 0.818601 0.212759 0.029630 0.056094
0 0.084885 0.497172 0.043267 0.112247
0 0.190528 0.328878 0.032041 0.068251
0 0.131787 0.233203 0.027781 0.052603
0 0.195856 0.136459 0.016804 0.034148
0 0.515689 0.063588 0.018967 0.037604
0 0.071390 0.162687 0.016857 0.036320
0 0.594505 0.102688 0.018535 0.038400
0 0.010332 0.252920 0.020337 0.040510
0 0.126280 0.119296 0.016236 0.029367
0 0.983549 0.864441 0.032902 0.175342
0 0.304562 0.078714 0.016721 0.031765
0 0.373798 0.117652 0.018597 0.037432
0 0.270907 0.128661 0.017554 0.035848
0 0.227278 0.096901 0.014922 0.027617
0 0.263989 0.087785 0.014877 0.029688
0 0.695425 0.085927 0.022421 0.042251
0 0.640452 0.164981 0.022128 0.042543
0 0.089001 0.187789 0.018811 0.035145
0 0.019370 0.221501 0.020090 0.037228
0 0.124729 0.114648 0.016041 0.032342
0 0.882888 0.839806 0.069175 0.187702