0.0 0.44180598855018616 0.558230996131897 0.06111299991607666 0.11891698837280273
0.0 0.6891850233078003 0.47442400455474854 0.053547024726867676 0.11209499835968018
0.0 0.6336299777030945 0.27317601442337036 0.04404604434967041 0.0834839940071106
0.0 0.40108299255371094 0.23055100440979004 0.03617900609970093 0.08041101694107056
0.0 0.47689399123191833 0.2680419981479645 0.04005098342895508 0.08774799108505249
0.0 0.9177190065383911 0.5258920192718506 0.05889904499053955 0.12317001819610596
0.0 0.21826699376106262 0.5372400283813477 0.06460201740264893 0.1272740364074707
0.0 0.20016199350357056 0.31547901034355164 0.0325779914855957 0.06758898496627808
0.0 0.5157949924468994 0.0619060005992651 0.02058100700378418 0.03805600479245186
0.0 0.5962290167808533 0.10036499798297882 0.019073009490966797 0.03769700229167938
0.0 0.19658200442790985 0.13137799128890038 0.016449004411697388 0.03452999144792557
0.0 0.13031400740146637 0.17221799492835999 0.019874006509780884 0.03931000828742981
0.0 0.6432449817657471 0.10723300278186798 0.018807053565979004 0.03675699234008789
0.0 0.0437299981713295 0.12132600322365761 0.018146000802516937 0.03521900624036789
0.0 0.08584299683570862 0.5040550231933594 0.046310991048812866 0.1002190113067627
0.0 0.20235000550746918 0.018918000161647797 0.016519993543624878 0.03141599893569946
0.0 0.07471200078725815 0.1562740057706833 0.016446992754936218 0.03411400318145752
0.0 0.009474000427871943 0.2522510066628456 0.018722000531852245 0.038591012358665466
0.0 0.9540550112724304 0.5201830416917801 0.044651031494140625 0.10911902785301208
0.0 0.8840810060501099 0.8336499929428101 0.07070600986480713 0.17034995555877686
0.0 0.2823899984359741 0.1270730011165142 0.01996999979019165 0.03840399533510208
0.0 0.2270909994840622 0.09809999912977219 0.016122013330459595 0.03148899972438812
0.0 0.3065130114555359 0.07192900218069553 0.013453006744384766 0.025294002145528793
0.0 0.0213600005954504 0.22431500256061554 0.019152000546455383 0.03525799512863159
0.0 0.6962209939956665 0.08247300423681736 0.022843003273010254 0.042646002024412155
0.0 0.12527499720454216 0.11688999831676483 0.015311993658542633 0.02932599186897278
0.0 0.6376670002937317 0.07666800171136856 0.01377105712890625 0.028485000133514404
0.0 0.09178599715232849 0.18675899505615234 0.0181799978017807 0.03510099649429321
0.0 0.30952098965644836 0.07200799696147442 0.01298600435256958 0.025999996811151505
0.0 0.43417900800704956 0.07524000108242035 0.019414007663726807 0.03549300134181976
