0 0.441182 0.555224 0.060478 0.120782
0 0.604428 0.257846 0.042239 0.085653
0 0.701477 0.494441 0.057158 0.114857
0 0.068494 0.498899 0.044795 0.109411
0 0.913142 0.504660 0.055484 0.103110
0 0.251542 0.549667 0.057155 0.115209
0 0.476195 0.245311 0.038639 0.073365
0 0.529101 0.147164 0.036999 0.060115
0 0.898600 0.808913 0.076260 0.189017
0 0.346030 0.198940 0.035528 0.063730
0 0.442832 0.192530 0.030033 0.052964
0 0.228002 0.172195 0.027628 0.051629
0 0.242651 0.041033 0.020232 0.039924
0 0.515916 0.065645 0.020545 0.039749
0 0.487730 0.094277 0.022588 0.043661
0 0.354329 0.115515 0.021039 0.037379
0 0.073297 0.161289 0.016148 0.033376
0 0.126665 0.167291 0.018375 0.036610
0 0.015919 0.366201 0.028626 0.062945
0 0.435095 0.083929 0.021962 0.045125
0 0.136529 0.112973 0.014400 0.029246
0 0.122853 0.107518 0.013612 0.026517
0 0.305395 0.075009 0.018010 0.032797
0 0.462858 0.062940 0.021757 0.039362
0 0.176617 0.109147 0.014840 0.024934
0 0.127130 0.701526 0.072791 0.143314
0 0.066050 0.348844 0.024558 0.059520
0 0.261624 0.126111 0.022233 0.043197
0 0.695491 0.084989 0.025552 0.046535