0.0 0.6549074970392335 0.6572958462554117 0.05730932493813368 0.1177438613131605
0.0 0.8612708349032447 0.640384583944107 0.05848757482502076 0.12394751763506084
0.0 0.4211177735368497 0.5697532501556437 0.05351025969247314 0.10757243245039128
0.0 0.6226463364805346 0.3713636371949336 0.03599227582162834 0.08252992783729457
0.0 0.9864959727890118 0.6005618698363288 0.027008054421976402 0.11195208296624481
0.0 0.21295875538386266 0.6244480406462004 0.05333086048340843 0.11535702918388346
0.0 0.8851850927385603 0.4130359468121706 0.032160178162002784 0.0814880928737749
0.0 0.6756703387810605 0.3138337091643497 0.03213271680252239 0.07952392494869526
0.0 0.8098329230691848 0.39356207950945266 0.04082806366095204 0.08661333228696766
0.0 0.8874821116578863 0.2407967850669519 0.016655989804203353 0.037228478830290374
0.0 0.9514691050852483 0.270336459326939 0.018845357943434893 0.040062674598599135
0.0 0.9972316761475255 0.2613125057271684 0.005536647704948883 0.03750005489200273
0.0 0.5069363226580315 0.20746505962509126 0.019082380988786396 0.03849745000255875
0.0 0.9493108560685426 0.34154350993902866 0.026791932569802723 0.051732197392103996
0.0 0.46493484861206774 0.21143686412612966 0.01844502984641927 0.03899614755783673
0.0 0.8561962514103244 0.21052044666817607 0.016903367132637737 0.033229031857797575
0.0 0.7832336139286883 0.18056108618917155 0.014344846292193791 0.027845081131718158
0.0 0.41513778114360117 0.19051626439989072 0.02465444839254005 0.048562241612194024
0.0 0.14559283300157944 0.6207033355659528 0.03529358680665126 0.12272989509422205
0.0 0.9877181840093128 0.2888040582636914 0.01870090443977468 0.037488194454423696
0.0 0.8038302806816926 0.23033304644948158 0.017172409672956856 0.03487029716251011
0.0 0.14626220363891457 0.6522189903642537 0.03663334100031873 0.18146849147672806
0.0 0.9535263154319804 0.22066720552647723 0.014778094256619245 0.030891569167822902
0.0 0.47642934084606076 0.373224099867112 0.041497378025009635 0.07810979585273142
