0.0 0.7011579871177673 0.4935709983110428 0.05709695816040039 0.11023697257041931
0.0 0.44189900159835815 0.5556970238685608 0.06068497896194458 0.1185070276260376
0.0 0.6044020056724548 0.2579999938607216 0.040542006492614746 0.08283500373363495
0.0 0.9112359881401062 0.5036069750785828 0.05662894248962402 0.10697901248931885
0.0 0.06876199506223202 0.4987639933824539 0.044280994683504105 0.10682198405265808
0.0 0.4748910069465637 0.24565500020980835 0.039633989334106445 0.07304298877716064
0.0 0.529570996761322 0.14614500477910042 0.036198973655700684 0.06168200820684433
0.0 0.25130999088287354 0.545494019985199 0.05497300624847412 0.11116898059844971
0.0 0.3465380072593689 0.2010129988193512 0.03549998998641968 0.06551000475883484
0.0 0.2297160029411316 0.1727679967880249 0.02641800045967102 0.05245101451873779
0.0 0.4471929967403412 0.1892009973526001 0.028105974197387695 0.05274900794029236
0.0 0.4319159984588623 0.08857899904251099 0.019659996032714844 0.0404839962720871
0.0 0.25353000313043594 0.028123999945819378 0.019577011466026306 0.039357999339699745
0.0 0.48930901288986206 0.09379400312900543 0.022276997566223145 0.04296199977397919
0.0 0.5212820172309875 0.06507399678230286 0.01969897747039795 0.036375001072883606
0.0 0.13440699875354767 0.22363199293613434 0.026831001043319702 0.0511699914932251
0.0 0.07249899953603745 0.16302500665187836 0.017054006457328796 0.03580901026725769
0.0 0.26516100764274597 0.119377002120018 0.021170973777770996 0.04240599274635315
0.0 0.1346530020236969 0.11294999346137047 0.01323699951171875 0.02860099822282791
0.0 0.3539769947528839 0.11469400301575661 0.020895004272460938 0.037279002368450165
0.0 0.12666599452495575 0.16950799524784088 0.018438994884490967 0.036615997552871704
0.0 0.06756799481809139 0.33848801255226135 0.028717998415231705 0.06001502275466919
0.0 0.01757399830967188 0.3620089888572693 0.033243997022509575 0.06622803211212158
0.0 0.30524900555610657 0.07682099752128124 0.017980992794036865 0.033973995596170425
0.0 0.17609700560569763 0.10813099890947342 0.014586001634597778 0.025996997952461243
0.0 0.4627310037612915 0.06308099627494812 0.02035200595855713 0.038644999265670776
0.0 0.130499005317688 0.7083849906921387 0.06996199488639832 0.14215004444122314
0.0 0.6959879994392395 0.08589799702167511 0.02453899383544922 0.046890005469322205
0.0 0.46605798602104187 0.0638279989361763 0.02185201644897461 0.04107600450515747
0.0 0.43350300192832947 0.07190199941396713 0.016583025455474854 0.029919996857643127
0.0 0.17367799580097198 0.1092739999294281 0.014892011880874634 0.02796800434589386
0.0 0.901091992855072 0.8969799876213074 0.06674802303314209 0.1639699935913086
0.0 0.649878978729248 0.10409899801015854 0.020630955696105957 0.04530699551105499
