0.0 0.4418269991874695 0.5554210096597672 0.06075197458267212 0.11715802550315857
0.0 0.2484550029039383 0.5394999980926514 0.05675700306892395 0.11155402660369873
0.0 0.7013790011405945 0.49513399600982666 0.05709505081176758 0.11226999759674072
0.0 0.8697440028190613 0.8406990170478821 0.07646596431732178 0.1771329641342163
0.0 0.910726010799408 0.5041589587926865 0.05667698383331299 0.10827496647834778
0.0 0.06769999861717224 0.4995479881763458 0.04530400037765503 0.10693198442459106
0.0 0.47557199001312256 0.24493099749088287 0.038358986377716064 0.07287600636482239
0.0 0.6049050092697144 0.26019999384880066 0.040060997009277344 0.0861089825630188
0.0 0.5293570160865784 0.1463090069591999 0.0350949764251709 0.059900008141994476
0.0 0.3467850089073181 0.20161299407482147 0.03684300184249878 0.06790900230407715
0.0 0.4483020007610321 0.18869799375534058 0.02641397714614868 0.05243200063705444
0.0 0.22945299744606018 0.17326299846172333 0.025936007499694824 0.051835983991622925
0.0 0.48813700675964355 0.09570799767971039 0.02161097526550293 0.042441993951797485
0.0 0.24657799303531647 0.0295590003952384 0.019035011529922485 0.037644000723958015
0.0 0.2642419934272766 0.11833500117063522 0.021556973457336426 0.04276399314403534
0.0 0.5202879905700684 0.0636340007185936 0.02009105682373047 0.0369659960269928
0.0 0.1268180012702942 0.16996900737285614 0.01834699511528015 0.03604799509048462
0.0 0.3540419936180115 0.11438500136137009 0.021420001983642578 0.03781299293041229
0.0 0.30556800961494446 0.07710299640893936 0.019569993019104004 0.03654700517654419
0.0 0.07255200296640396 0.16282999515533447 0.016496002674102783 0.03461000323295593
0.0 0.13812700286507607 0.7078959941864014 0.07443200796842575 0.13787901401519775
0.0 0.13462699949741364 0.11372999846935272 0.0135670006275177 0.02882900834083557
0.0 0.13394199311733246 0.22391299903392792 0.026535004377365112 0.05156698822975159
0.0 0.017628000117838383 0.36241599917411804 0.03126700036227703 0.0630989670753479
0.0 0.46120399236679077 0.06322900205850601 0.018182992935180664 0.036125004291534424
0.0 0.302031010389328 0.538802981376648 0.04148602485656738 0.07639598846435547
0.0 0.43449699878692627 0.0699630007147789 0.014346003532409668 0.02870599925518036
0.0 0.06742899678647518 0.33903399109840393 0.025273997336626053 0.05931299924850464
0.0 0.1760990023612976 0.1082639992237091 0.014369994401931763 0.025609001517295837
0.0 0.6960890293121338 0.08529499918222427 0.024960041046142578 0.04715000092983246
0.0 0.4659140110015869 0.06368599832057953 0.019864976406097412 0.038725003600120544
0.0 0.17365600168704987 0.10958900302648544 0.015031993389129639 0.028334006667137146
0.0 0.6492720246315002 0.10409899801015854 0.01941704750061035 0.04530699551105499
