0 0.419099 0.559380 0.051528 0.107149
0 0.657478 0.657475 0.058285 0.123204
0 0.501840 0.345738 0.037951 0.083144
0 0.859560 0.639220 0.059149 0.135811
0 0.991374 0.583818 0.017252 0.108777
0 0.635289 0.350161 0.041232 0.087492
0 0.713596 0.302715 0.031530 0.077531
0 0.738622 0.192968 0.017769 0.037171
0 0.790120 0.355894 0.037142 0.093187
0 0.903254 0.417332 0.033128 0.080462
0 0.894175 0.217021 0.017062 0.036257
0 0.171223 0.628341 0.063993 0.127339
0 0.507447 0.182634 0.019473 0.042859
0 0.287606 0.298428 0.026053 0.054914
0 0.582759 0.140002 0.019402 0.038507
0 0.409482 0.165625 0.022901 0.047288
0 0.792007 0.157248 0.017071 0.035103
0 0.964405 0.201104 0.016821 0.032831
0 0.125455 0.933585 0.024737 0.132830
0 0.866056 0.179268 0.016839 0.032029
0 0.840519 0.180565 0.016277 0.034268
0 0.952295 0.312435 0.026437 0.057565
0 0.235426 0.931566 0.063518 0.136868
0 0.824531 0.212297 0.017683 0.037317
0 0.661684 0.153836 0.014902 0.031339