0 0.560640 0.554698 0.062950 0.121636
0 0.764790 0.537133 0.059101 0.132648
0 0.529423 0.263329 0.039271 0.086539
0 0.084626 0.529253 0.060418 0.117357
0 0.398174 0.261568 0.040710 0.081492
0 0.311739 0.496834 0.049993 0.094267
0 0.927041 0.492385 0.044549 0.108122
0 0.693890 0.272493 0.036029 0.092250
0 0.028995 0.478861 0.042410 0.092713
0 0.642348 0.113840 0.017792 0.033576
0 0.124983 0.860661 0.078208 0.169154
0 0.404550 0.101896 0.020747 0.042489
0 0.483290 0.062149 0.019885 0.038191
0 0.564983 0.228618 0.034723 0.081491
0 0.181104 0.209322 0.027265 0.054006
0 0.806904 0.325155 0.030710 0.067261
0 0.692493 0.064813 0.017196 0.030720
0 0.773213 0.097533 0.017239 0.031283
0 0.925392 0.159816 0.015709 0.033150
0 0.350134 0.102963 0.019664 0.036317
0 0.731085 0.129182 0.015567 0.031115
0 0.865809 0.226140 0.025457 0.053114
0 0.993663 0.357115 0.012542 0.099497
0 0.305410 0.083008 0.023034 0.041870
0 0.566448 0.073824 0.017541 0.033115
0 0.747465 0.097921 0.014680 0.029169
0 0.797793 0.138353 0.014873 0.026829
0 0.015015 0.641586 0.030030 0.174297
0 0.774742 0.097914 0.013558 0.026143
0 0.875980 0.112318 0.014913 0.030333
0 0.565080 0.177872 0.025847 0.042855
0 0.356189 0.172060 0.025485 0.056095