0 0.440749 0.556299 0.060322 0.124877
0 0.691165 0.476312 0.052565 0.098535
0 0.461771 0.265114 0.042045 0.086384
0 0.908180 0.526011 0.056328 0.116391
0 0.601721 0.261383 0.038549 0.078616
0 0.082297 0.494888 0.044791 0.103572
0 0.249159 0.535544 0.056758 0.122243
0 0.301557 0.274994 0.039072 0.088652
0 0.426634 0.214800 0.034031 0.077379
0 0.972341 0.484925 0.043578 0.093115
0 0.357707 0.114615 0.017941 0.033625
0 0.194202 0.136937 0.016213 0.034476
0 0.192667 0.310747 0.030428 0.064565
0 0.819193 0.210335 0.026856 0.052134
0 0.072213 0.164160 0.016338 0.034196
0 0.010066 0.245675 0.020102 0.037636
0 0.515700 0.067860 0.020567 0.041135
0 0.135260 0.221380 0.024648 0.048632
0 0.593583 0.103356 0.020188 0.040326
0 0.269497 0.129924 0.016304 0.033159
0 0.007559 0.348675 0.015118 0.089762
0 0.126209 0.119397 0.014680 0.027316
0 0.695875 0.082275 0.022816 0.041296
0 0.252430 0.098198 0.014741 0.030431
0 0.021338 0.221258 0.017795 0.033404
0 0.987814 0.860643 0.024372 0.118076
0 0.225568 0.097198 0.016522 0.030434
0 0.311201 0.073966 0.011882 0.025128
0 0.941338 0.494665 0.030949 0.069973