0 0.440106 0.554552 0.061152 0.121390
0 0.686852 0.486075 0.056724 0.102340
0 0.243482 0.533306 0.056812 0.130759
0 0.600982 0.263549 0.039438 0.083684
0 0.101656 0.495664 0.044406 0.082014
0 0.462562 0.269452 0.039388 0.087857
0 0.911591 0.525463 0.055511 0.115459
0 0.357570 0.114849 0.018172 0.033540
0 0.970264 0.483033 0.044412 0.091837
0 0.194500 0.136949 0.016110 0.032831
0 0.657489 0.103642 0.017180 0.035707
0 0.821204 0.211288 0.026284 0.051286
0 0.594632 0.102669 0.017957 0.037629
0 0.515865 0.064095 0.019036 0.038006
0 0.858010 0.483365 0.039663 0.095847
0 0.425229 0.227214 0.033554 0.078735
0 0.310552 0.068065 0.014911 0.029072
0 0.316306 0.288874 0.038950 0.093105
0 0.007789 0.258805 0.015578 0.047730
0 0.126270 0.119071 0.014889 0.029017
0 0.140201 0.222192 0.025071 0.047860
0 0.194020 0.308608 0.038717 0.073541
0 0.269099 0.130051 0.015428 0.029850
0 0.227146 0.096232 0.015154 0.027649
0 0.253261 0.095904 0.013884 0.026196
0 0.434175 0.072234 0.016141 0.028963
0 0.881668 0.846754 0.080444 0.192576
0 0.075714 0.169615 0.017996 0.038378
0 0.006022 0.362585 0.012021 0.078905
0 0.644417 0.169903 0.026699 0.056095