0 0.696014 0.475974 0.059425 0.114267
0 0.441779 0.556655 0.060959 0.119048
0 0.475634 0.269098 0.040121 0.086782
0 0.916275 0.525777 0.055553 0.117504
0 0.388458 0.225552 0.034609 0.073923
0 0.217043 0.537555 0.061767 0.125978
0 0.195839 0.132305 0.016522 0.034152
0 0.202396 0.314116 0.029632 0.065759
0 0.956849 0.523385 0.046925 0.103731
0 0.517471 0.062885 0.021510 0.040315
0 0.085161 0.505196 0.044821 0.098877
0 0.597306 0.101579 0.021658 0.039829
0 0.073933 0.157091 0.015087 0.031961
0 0.009959 0.253128 0.019641 0.040533
0 0.129369 0.172127 0.017811 0.035384
0 0.226849 0.097720 0.015905 0.030139
0 0.148115 0.037507 0.014709 0.030222
0 0.695707 0.083520 0.024559 0.045039
0 0.281138 0.128434 0.019962 0.038068
0 0.643013 0.108573 0.018268 0.035429
0 0.635478 0.269540 0.047864 0.083493
0 0.883391 0.834337 0.070238 0.174368
0 0.005817 0.356173 0.011484 0.110854
0 0.008626 0.356274 0.017252 0.108229
0 0.433460 0.076359 0.018931 0.034793
0 0.089633 0.187171 0.017198 0.031607