0 0.441791 0.555205 0.061027 0.120558
0 0.065128 0.501115 0.047756 0.102039
0 0.245428 0.547294 0.058299 0.116324
0 0.700951 0.490704 0.056387 0.112782
0 0.606357 0.258568 0.040665 0.084395
0 0.913477 0.504887 0.055673 0.102456
0 0.881000 0.765400 0.067230 0.141699
0 0.470764 0.250928 0.037152 0.070232
0 0.528858 0.146397 0.037306 0.060654
0 0.346933 0.198135 0.036483 0.065964
0 0.227115 0.171130 0.028064 0.052811
0 0.515890 0.063856 0.020448 0.038057
0 0.448233 0.188528 0.030609 0.051324
0 0.072919 0.160867 0.017025 0.035107
0 0.354218 0.114444 0.021091 0.038227
0 0.135377 0.113368 0.014817 0.029888
0 0.014500 0.359311 0.028583 0.067668
0 0.187465 0.050122 0.018124 0.039079
0 0.487971 0.092145 0.023226 0.042632
0 0.437371 0.085787 0.019354 0.039671
0 0.306593 0.073616 0.017650 0.033018
0 0.085104 0.329376 0.029937 0.066928
0 0.262033 0.121092 0.021920 0.040511
0 0.646855 0.101298 0.017140 0.032589
0 0.463782 0.062749 0.021556 0.038517
0 0.126452 0.164655 0.017698 0.034106
0 0.121558 0.107608 0.013462 0.026313
0 0.246004 0.083707 0.015747 0.030347
0 0.695830 0.084351 0.025201 0.047038
0 0.124671 0.693465 0.071422 0.141916
0 0.132238 0.222204 0.026068 0.048702
0 0.006102 0.258232 0.012204 0.044867