0 0.558774 0.553989 0.060053 0.120549
0 0.908165 0.492695 0.053789 0.112782
0 0.304580 0.488589 0.053838 0.100058
0 0.398451 0.263802 0.039485 0.086769
0 0.760431 0.534575 0.059083 0.134783
0 0.579995 0.205690 0.038383 0.073271
0 0.534177 0.266842 0.038504 0.087380
0 0.089203 0.527901 0.056011 0.116498
0 0.693345 0.275767 0.038235 0.091393
0 0.028277 0.484743 0.044516 0.088651
0 0.484578 0.067000 0.020403 0.039367
0 0.180553 0.211221 0.026768 0.052692
0 0.642781 0.113422 0.017853 0.032476
0 0.754815 0.038898 0.022101 0.039622
0 0.405730 0.103132 0.019213 0.039477
0 0.690182 0.070422 0.017337 0.031498
0 0.806311 0.136363 0.015626 0.033155
0 0.859937 0.224769 0.025568 0.047797
0 0.926890 0.165694 0.016832 0.036000
0 0.304882 0.081093 0.022318 0.039428
0 0.874370 0.118859 0.015873 0.028719
0 0.993218 0.261166 0.013564 0.045630
0 0.803836 0.313023 0.031577 0.071430
0 0.124420 0.849712 0.079863 0.189035
0 0.730248 0.128702 0.016846 0.034411
0 0.875692 0.113467 0.015477 0.031284