0 0.083896 0.497645 0.046406 0.112895
0 0.440437 0.556944 0.060898 0.118997
0 0.916412 0.522640 0.053292 0.111267
0 0.697169 0.474289 0.055374 0.106805
0 0.474515 0.269232 0.038616 0.081028
0 0.193324 0.297730 0.037570 0.069047
0 0.412718 0.218268 0.031037 0.062804
0 0.201158 0.123804 0.032286 0.065458
0 0.632163 0.268858 0.043307 0.083802
0 0.303109 0.286598 0.035752 0.080851
0 0.126827 0.167282 0.019835 0.040043
0 0.983532 0.502975 0.032516 0.090420
0 0.597228 0.102472 0.020767 0.039246
0 0.073866 0.157041 0.016086 0.034694
0 0.515915 0.063491 0.018292 0.034858
0 0.228628 0.099770 0.020046 0.038310
0 0.220313 0.538296 0.062956 0.127534
0 0.129416 0.237135 0.030365 0.059402
0 0.307422 0.072721 0.014932 0.029478
0 0.009901 0.251750 0.019548 0.039670
0 0.644173 0.100552 0.019982 0.034377
0 0.883249 0.832621 0.069844 0.166201
0 0.123977 0.115211 0.017218 0.036377
0 0.089659 0.187731 0.019589 0.036851
0 0.006363 0.355298 0.012725 0.104187
0 0.695576 0.083732 0.024378 0.044594
0 0.019176 0.220806 0.019777 0.036077
0 0.433007 0.074991 0.017457 0.032632
0 0.280947 0.132147 0.023058 0.040992