0 0.9261284722222222 0.669704861111111 0.049444444444444714 0.06325231481481489
0 0.8926967592592593 0.7458333333333333 0.08322916666666665 0.1162962962962963
0 0.8909606481481482 0.908136574074074 0.1140509259259261 0.14287037037037037
0 0.6938078703703703 0.6134027777777777 0.04864583333333332 0.05856481481481488
0 0.6579918981481481 0.6437615740740741 0.04864583333333332 0.05856481481481488
0 0.6301678240740741 0.44413194444444437 0.04974537037037034 0.07409722222222222
0 0.5972395833333334 0.6548553240740741 0.07115740740740754 0.0908333333333335
0 0.7210069444444445 0.940318287037037 0.1706018518518519 0.11936342592592589
0 0.4571469907407407 0.7540509259259259 0.10284722222222217 0.14065972222222206
0 0.20385995370370372 0.7653356481481481 0.13633101851851848 0.18285879629629634
0 0.22192129629629628 0.6171469907407408 0.08369212962962962 0.10085648148148145
0 0.20736689814814815 0.5544155092592592 0.058090277777777824 0.07768518518518519
0 0.2857002314814815 0.5103356481481482 0.03950231481481481 0.050289351851851904
0 0.34285300925925927 0.5462037037037037 0.051539351851851836 0.06646990740740737
0 0.3991087962962963 0.5858854166666667 0.05988425925925931 0.07005787037037052
0 0.4247800925925926 0.5232175925925926 0.042928240740740795 0.06131944444444439
0 0.4800578703703703 0.5798553240740741 0.05210648148148138 0.07887731481481489
0 0.5436863425925926 0.5720254629629629 0.041597222222222285 0.05350694444444457