0 0.021875 0.43203125 0.0359375 0.07265625
0 0.07109375 0.52890625 0.0421875 0.06640625
0 0.08203125 0.47890625 0.0359375 0.06328125
0 0.13515625 0.4640625 0.03828125 0.06328125
0 0.18125 0.465625 0.034375 0.06015625
0 0.178125 0.53046875 0.03203125 0.0453125
0 0.1953125 0.56171875 0.0421875 0.06015625
0 0.23203125 0.4890625 0.0359375 0.06015625
0 0.303125 0.47734375 0.034375 0.07265625
0 0.346875 0.465625 0.034375 0.06015625
0 0.3921875 0.4984375 0.0359375 0.06640625
0 0.44765625 0.47734375 0.0359375 0.06640625
0 0.478125 0.4609375 0.0359375 0.06328125
0 0.51171875 0.5015625 0.0359375 0.06640625
0 0.54765625 0.48515625 0.0359375 0.05703125
0 0.5703125 0.5375 0.0359375 0.06640625
0 0.61484375 0.540625 0.034375 0.0546875
0 0.60234375 0.4890625 0.03203125 0.0546875
0 0.66015625 0.5109375 0.028125 0.0484375
0 0.671875 0.4625 0.03203125 0.06640625
0 0.6828125 0.553125 0.03828125 0.06015625
0 0.696875 0.52734375 0.034375 0.05703125
0 0.72421875 0.496875 0.03203125 0.06328125
0 0.75078125 0.52734375 0.0296875 0.05703125
0 0.7953125 0.53203125 0.03828125 0.06015625
0 0.79921875 0.48671875 0.034375 0.0546875
0 0.86796875 0.51953125 0.0359375 0.07265625