0 0.05083333333333333 0.3760416666666667 0.0584837962962963 0.05601851851851851
0 0.1189988425925926 0.3753472222222222 0.05060185185185184 0.04988425925925917
0 0.21298032407407405 0.3770833333333333 0.04265046296296297 0.0390625
0 0.2254803240740741 0.48515625 0.11692129629629629 0.10891203703703703
0 0.2730034722222222 0.4500868055555555 0.08376157407407411 0.07939814814814809
0 0.3291898148148148 0.41192129629629626 0.0647337962962963 0.05717592592592595
0 0.38968171296296295 0.40040509259259255 0.05365740740740739 0.045775462962962976
0 0.7420833333333333 0.567505787037037 0.09488425925925928 0.09392361111111107
0 0.6577141203703704 0.49861111111111117 0.06965277777777779 0.07366898148148149
0 0.6385185185185185 0.472337962962963 0.05211805555555564 0.04704861111111107
0 0.58640625 0.44701967592592595 0.05062499999999996 0.051446759259259164
0 0.8053530092592591 0.47424768518518523 0.04582175925925931 0.04276620370370363
0 0.8333969907407408 0.4849247685185185 0.05214120370370381 0.04861111111111107
0 0.9220659722222223 0.527980324074074 0.07256944444444428 0.06018518518518512