0 0.6331307870370371 0.29953124999999997 0.07858796296296297 0.10749999999999993
0 0.5508969907407407 0.14421875 0.10740740740740744 0.14937499999999998
0 0.47537615740740746 0.08640624999999999 0.11209490740740727 0.15031250000000002
0 0.4060763888888889 0.10593749999999999 0.08865740740740731 0.10500000000000002
0 0.31380208333333337 0.16328125 0.1023726851851852 0.13031249999999997
0 0.2510416666666667 0.078203125 0.14195601851851852 0.15640625
0 0.6030381944444445 0.047031250000000004 0.1530671296296296 0.09406250000000001
0 0.729542824074074 0.072578125 0.1143518518518519 0.14515625
0 0.7784722222222222 0.10437499999999997 0.09878472222222232 0.11906249999999999
0 0.8457175925925927 0.130625 0.10208333333333348 0.12875
0 0.9386863425925925 0.15578124999999998 0.08969907407407404 0.11875