0 0.046875 0.6328125 0.0796875 0.134375
0 0.04921875 0.53203125 0.065625 0.0953125
0 0.10390625 0.58828125 0.0609375 0.0953125
0 0.19140625 0.5265625 0.06796875 0.09921875
0 0.26484375 0.62890625 0.07265625 0.1203125
0 0.25859375 0.55625 0.065625 0.0953125
0 0.41796875 0.37109375 0.04921875 0.08515625
0 0.36015625 0.728125 0.09375 0.1625
0 0.42265625 0.59375 0.07265625 0.1203125
0 0.50234375 0.67109375 0.07265625 0.1203125
0 0.625 0.6359375 0.06328125 0.09921875
0 0.85078125 0.5671875 0.07734375 0.1234375