0 0.9771122685185185 0.36521990740740745 0.0375 0.04334490740740744
0 0.9967881944444444 0.3712094907407407 0.006423611111111072 0.03512731481481488
0 0.9911458333333332 0.36539351851851853 0.01770833333333357 0.027256944444444466
0 0.919675925925926 0.29036458333333337 0.05526620370370381 0.06886574074074074
0 0.8549479166666668 0.20870949074074074 0.09247685185185191 0.0997685185185185
0 0.8072048611111111 0.19398148148148148 0.11793981481481489 0.14577546296296298
0 0.8254340277777779 0.2852141203703703 0.06469907407407405 0.08009259259259256
0 0.8366030092592591 0.32879050925925923 0.04490740740740762 0.05138888888888893
0 0.8063368055555555 0.32598379629629626 0.05075231481481488 0.059375
0 0.6546296296296296 0.2616898148148148 0.08576388888888893 0.09641203703703702
0 0.6860821759259259 0.29901620370370374 0.08125 0.08692129629629637
0 0.7422164351851852 0.3597800925925926 0.03773148148148149 0.04490740740740744
0 0.713107638888889 0.3647858796296296 0.046932870370370236 0.05457175925925926
0 0.7036168981481482 0.4916087962962964 0.0765625 0.08674768518518512
0 0.6247106481481481 0.409693287037037 0.03952546296296298 0.046527777777777855
0 0.5399016203703704 0.37277199074074074 0.06938657407407404 0.08026620370370363
0 0.5586516203703704 0.4144965277777778 0.040625 0.043460648148148096
0 0.55546875 0.4460358796296296 0.04311342592592595 0.04976851851851869
0 0.5034143518518519 0.41811342592592593 0.04265046296296297 0.046643518518518515
0 0.45951967592592596 0.37103587962962964 0.08443287037037024 0.0979166666666667
0 0.5035590277777777 0.46681134259259255 0.039293981481481485 0.044965277777777854
0 0.4802951388888889 0.45824652777777775 0.0375 0.04334490740740744
0 0.4439525462962964 0.46744791666666663 0.05208333333333322 0.05787037037037024
0 0.3941261574074074 0.43865740740740744 0.0700231481481481 0.07407407407407404
0 0.39273726851851853 0.4929108796296296 0.044212962962962975 0.04670138888888893
0 0.3351273148148148 0.4486979166666666 0.06712962962962958 0.07552083333333322
0 0.3543113425925926 0.5092592592592593 0.045370370370370325 0.05451388888888893
0 0.31657986111111114 0.4878761574074074 0.04670138888888893 0.053009259259259166
0 0.23078703703703707 0.49733796296296295 0.05949074074074075 0.0659143518518519
0 0.22826967592592595 0.5280671296296295 0.04803240740740744 0.05150462962962976
0 0.1328125 0.5465277777777777 0.05543981481481479 0.05954861111111107