0 0.0390625 0.32890625 0.078125 0.196875
0 0.12109375 0.29375 0.065625 0.12109375
0 0.1859375 0.3515625 0.05234375 0.08515625
0 0.28203125 0.32734375 0.071875 0.12109375
0 0.32734375 0.37734375 0.0421875 0.0875
0 0.39296875 0.36953125 0.05390625 0.090625
0 0.42734375 0.40625 0.04609375 0.06640625
0 0.446875 0.37890625 0.0296875 0.0546875
0 0.540625 0.38359375 0.04609375 0.07578125
0 0.61484375 0.36328125 0.04609375 0.07890625
0 0.709375 0.3890625 0.034375 0.06953125
0 0.93828125 0.37109375 0.10390625 0.16640625