0 0.8797453703703704 0.4378703703703703 0.04379629629629633 0.06034722222222229
0 0.8032465277777778 0.2576273148148148 0.06431712962962947 0.09178240740740744
0 0.7420428240740741 0.2806018518518519 0.08142361111111107 0.1072916666666666
0 0.7475173611111111 0.3402777777777778 0.0490393518518518 0.06593750000000007
0 0.781400462962963 0.3497337962962963 0.04609953703703713 0.06689814814814818
0 0.6618287037037037 0.37915509259259256 0.053171296296296335 0.062152777777777765
0 0.674693287037037 0.3191435185185185 0.06145833333333321 0.08054398148148154
0 0.46942708333333333 0.21883680555555554 0.10112268518518519 0.14467592592592593
0 0.4953009259259259 0.32252893518518516 0.06164351851851855 0.08210648148148145
0 0.5375462962962964 0.38231481481481483 0.050416666666666644 0.06467592592592597
0 0.48559027777777775 0.36195601851851855 0.052905092592592594 0.07278935185185187
0 0.4719328703703704 0.40853587962962956 0.03974537037037038 0.05193287037037035
0 0.4303182870370371 0.3877835648148148 0.058414351851851974 0.06774305555555556
0 0.3784837962962963 0.3482233796296296 0.07001157407407402 0.08829861111111112
0 0.27480902777777777 0.31625 0.10276620370370368 0.13277777777777774
0 0.2982638888888889 0.3860474537037037 0.05391203703703704 0.06840277777777785
0 0.23694444444444446 0.3810763888888889 0.05971064814814815 0.07868055555555556
0 0.2513715277777778 0.42864004629629626 0.04792824074074069 0.05656250000000007
0 0.2211400462962963 0.44325231481481475 0.036805555555555536 0.05289351851851869
0 0.202806712962963 0.39644097222222224 0.0447222222222222 0.06815972222222229
0 0.16414930555555557 0.44783564814814814 0.04112268518518518 0.0506712962962963
0 0.09780671296296296 0.37351273148148145 0.0938425925925926 0.12189814814814817
0 0.09065972222222222 0.4547974537037037 0.044351851851851844 0.06503472222222229