0 0.02265625 0.58203125 0.03828125 0.078125
0 0.0671875 0.54765625 0.04609375 0.075
0 0.0921875 0.6421875 0.07109375 0.08671875
0 0.103125 0.59609375 0.06796875 0.0890625
0 0.234375 0.52890625 0.040625 0.05546875
0 0.23515625 0.56796875 0.03828125 0.0671875
0 0.26953125 0.58359375 0.04765625 0.10859375
0 0.31484375 0.58515625 0.06953125 0.11171875
0 0.3796875 0.66328125 0.10078125 0.1390625
0 0.4234375 0.82734375 0.16875 0.23984375
0 0.353125 0.41484375 0.04765625 0.08359375
0 0.45546875 0.434375 0.04921875 0.0671875
0 0.51953125 0.509375 0.03828125 0.0671875
0 0.55234375 0.5734375 0.06015625 0.10546875
0 0.56484375 0.5109375 0.03828125 0.05859375
0 0.60859375 0.565625 0.053125 0.09453125
0 0.628125 0.80078125 0.190625 0.2984375
0 0.63828125 0.5109375 0.0421875 0.075
0 0.665625 0.496875 0.03515625 0.0640625
0 0.6921875 0.50390625 0.040625 0.0671875
0 0.75390625 0.54140625 0.04921875 0.08671875
0 0.78828125 0.5125 0.0421875 0.0609375
0 0.7890625 0.6515625 0.09140625 0.1671875
0 0.81796875 0.58203125 0.06796875 0.13359375
0 0.88125 0.75078125 0.12421875 0.21484375
0 0.89140625 0.503125 0.03515625 0.0640625
0 0.9203125 0.5 0.03828125 0.06953125
0 0.96640625 0.51640625 0.03828125 0.08046875
0 0.98359375 0.5125 0.0296875 0.078125
0 0.96328125 0.46640625 0.03671875 0.0640625