0 0.06796875 0.56171875 0.12265625 0.190625
0 0.09453125 0.4359375 0.08046875 0.12265625
0 0.25078125 0.546875 0.1171875 0.1515625
0 0.25078125 0.43125 0.078125 0.0890625
0 0.32421875 0.42109375 0.065625 0.09609375
0 0.41640625 0.49453125 0.0921875 0.1359375
0 0.5109375 0.4515625 0.07734375 0.1203125
0 0.41328125 0.4 0.06171875 0.0875
0 0.36640625 0.36171875 0.05703125 0.08125
0 0.46015625 0.35390625 0.03203125 0.0515625
0 0.5109375 0.33515625 0.028125 0.04609375
0 0.55625 0.36015625 0.0328125 0.05
0 0.61640625 0.46484375 0.05546875 0.09296875
0 0.671875 0.453125 0.05078125 0.0921875
0 0.64765625 0.37578125 0.04375 0.06875
0 0.6796875 0.3734375 0.025 0.05
0 0.60078125 0.35859375 0.02890625 0.0390625
0 0.61953125 0.3609375 0.01796875 0.0375
0 0.17421875 0.36953125 0.040625 0.075
0 0.21953125 0.37578125 0.05703125 0.09296875
0 0.28125 0.3703125 0.05078125 0.0734375
0 0.37890625 0.26796875 0.0421875 0.0625
0 0.3125 0.31796875 0.021875 0.0359375
0 0.29296875 0.30703125 0.01875 0.0421875
0 0.2765625 0.30703125 0.01875 0.03828125
0 0.25390625 0.31171875 0.02734375 0.04296875
0 0.23125 0.296875 0.01953125 0.03125
0 0.2125 0.28671875 0.02109375 0.03046875
0 0.19375 0.29609375 0.02578125 0.040625
0 0.17421875 0.31875 0.04296875 0.053125
0 0.1390625 0.253125 0.03203125 0.0453125
0 0.1640625 0.271875 0.0171875 0.021875
0 0.0828125 0.3671875 0.06171875 0.08828125
0 0.0171875 0.29609375 0.03203125 0.05703125
0 0.01171875 0.33359375 0.021875 0.0609375
0 0.05078125 0.24453125 0.03125 0.0390625
0 0.01015625 0.253125 0.01796875 0.03671875
0 0.09140625 0.32109375 0.04453125 0.0578125
0 0.0921875 0.2921875 0.03671875 0.04453125
0 0.728125 0.39296875 0.03359375 0.05234375
0 0.725 0.3546875 0.02578125 0.03671875
0 0.76796875 0.3875 0.040625 0.06015625
0 0.79921875 0.3953125 0.03203125 0.059375
0 0.82265625 0.3890625 0.028125 0.059375
0 0.84921875 0.38046875 0.02109375 0.04765625
0 0.86484375 0.37578125 0.021875 0.03984375
0 0.8828125 0.371875 0.025 0.046875
0 0.90625 0.37265625 0.021875 0.03515625
0 0.9265625 0.3734375 0.01640625 0.03515625
0 0.9453125 0.35546875 0.0171875 0.025
0 0.41640625 0.3296875 0.02890625 0.0484375
0 0.43359375 0.3265625 0.0203125 0.04296875
0 0.534375 0.26875 0.01953125 0.03046875
0 0.5125 0.28359375 0.01328125 0.02109375
0 0.478125 0.26171875 0.01484375 0.0265625