0 0.16206597222222224 0.45934027777777775 0.05440972222222222 0.07475694444444443
0 0.23361111111111113 0.4842418981481481 0.05263888888888886 0.06974537037037046
0 0.2687673611111111 0.4915335648148148 0.041145833333333395 0.0549768518518519
0 0.31442708333333336 0.5087442129629629 0.03774305555555557 0.048078703703703596
0 0.35796875 0.5131307870370371 0.03447916666666666 0.04430555555555564
0 0.3982638888888889 0.49671875000000004 0.03298611111111107 0.04554398148148149
0 0.5206597222222222 0.5685474537037037 0.02972222222222225 0.041770833333333354
0 0.5759375 0.5931712962962963 0.03298611111111107 0.04554398148148149
0 0.5755208333333333 0.8972858796296297 0.11875 0.16395833333333343
0 0.6378472222222222 0.8366782407407406 0.08725694444444443 0.117175925925926
0 0.6630902777777777 0.8125 0.08868055555555543 0.11437500000000007
0 0.7040972222222222 0.7946875 0.0640625 0.082951388888889
0 0.6887847222222222 0.7636458333333334 0.0591666666666665 0.07729166666666672
0 0.72890625 0.7433275462962963 0.04454861111111104 0.061875000000000034
0 0.7129166666666666 0.7144675925925926 0.03965277777777772 0.05621527777777775