0 0.16081597222222221 0.46953125 0.08697916666666669 0.09375
0 0.16890624999999998 0.2953125 0.06819444444444445 0.0671875
0 0.19052083333333333 0.23671875 0.11604166666666664 0.1078125
0 0.2751909722222222 0.28671875 0.08135416666666666 0.0796875
0 0.3173263888888889 0.21171875 0.13298611111111108 0.1328125
0 0.4348263888888889 0.3453125 0.09958333333333336 0.103125
0 0.3485243055555555 0.3828125 0.07427083333333329 0.075
0 0.41140625000000003 0.42890625 0.06607638888888889 0.0640625
0 0.45946180555555555 0.41796875 0.07427083333333329 0.075
0 0.4842534722222222 0.434375 0.07170138888888893 0.078125
0 0.5173090277777778 0.23359375 0.15673611111111113 0.1609375
0 0.5836111111111111 0.36484375 0.10906249999999992 0.1125
0 0.6126041666666667 0.43125 0.08447916666666658 0.0796875
0 0.6211805555555555 0.48828125 0.06791666666666671 0.065625
0 0.7386979166666666 0.35390625 0.10371527777777771 0.1
0 0.7552951388888889 0.46484375 0.09083333333333332 0.0890625
0 0.7335243055555556 0.509375 0.071875 0.0703125
0 0.8937152777777777 0.5359375 0.08715277777777786 0.0859375
0 0.9421354166666667 0.52265625 0.11402777777777758 0.1140625
0 0.9954600694444444 0.58828125 0.009079861111111143 0.0921875