0 0.4031828703703704 0.4843923611111111 0.11111111111111112 0.11812500000000004
0 0.3056423611111111 0.3436458333333333 0.1528935185185185 0.16430555555555557
0 0.22427662037037038 0.29812500000000003 0.15642361111111117 0.16642361111111104
0 0.15535300925925927 0.3275520833333333 0.11892361111111108 0.11951388888888896
0 0.06860532407407408 0.3976388888888889 0.13721064814814815 0.14572916666666663
0 0.04505208333333334 0.3195833333333334 0.09010416666666668 0.18861111111111112
0 0.3462384259259259 0.19967013888888888 0.20277777777777778 0.20149305555555555
0 0.4804108796296296 0.24640625 0.15717592592592594 0.16357638888888887
0 0.5328125 0.27125000000000005 0.13310185185185192 0.13395833333333335
0 0.603298611111111 0.28623263888888884 0.14021990740740725 0.14416666666666664
0 0.7000289351851852 0.29770833333333335 0.12528935185185192 0.13256944444444443