0 0.8302083333333334 0.693125 0.1677083333333332 0.24437499999999995
0 0.7880208333333334 0.749375 0.12482638888888893 0.17468749999999994
0 0.7231770833333334 0.72921875 0.09045138888888893 0.14031249999999992
0 0.5775173611111111 0.67453125 0.09236111111111107 0.13000000000000006
0 0.5513888888888889 0.8378125000000001 0.05399305555555571 0.0734375
0 0.40494791666666663 0.61046875 0.0784722222222222 0.11500000000000003
0 0.35772569444444446 0.6185937499999999 0.0677083333333334 0.10062500000000014
0 0.3431423611111111 0.6564062500000001 0.03472222222222223 0.05124999999999993
0 0.309375 0.579375 0.08993055555555554 0.13562499999999994
0 0.2933159722222222 0.63046875 0.06076388888888893 0.07937499999999993
0 0.2699652777777778 0.639375 0.04010416666666661 0.05843749999999996
0 0.2535590277777778 0.49234375 0.1088541666666667 0.1546875
0 0.19427083333333334 0.5803125 0.05642361111111112 0.08156250000000007
0 0.21015625 0.60265625 0.05138888888888893 0.07750000000000004
0 0.12803819444444448 0.54390625 0.055902777777777767 0.07687500000000007
0 0.1434027777777778 0.5565625 0.03298611111111112 0.04937500000000004
0 0.1670138888888889 0.4015625 0.1736111111111111 0.25625
0 0.08463541666666667 0.41703124999999996 0.13055555555555554 0.1850000000000001
0 0.07795138888888889 0.49874999999999997 0.06631944444444444 0.08812499999999997
0 0.08480902777777777 0.5376562500000001 0.05 0.06499999999999986
0 0.03784722222222222 0.53625 0.04600694444444444 0.0703125
0 0.013671875 0.50671875 0.02734375 0.07125000000000004