0 0.9555729166666665 0.21604166666666663 0.08885416666666686 0.1609375
0 0.8715104166666666 0.18151041666666665 0.13468750000000007 0.16229166666666667
0 0.9251041666666666 0.30562500000000004 0.094895833333333 0.11937499999999997
0 0.7829166666666667 0.2914583333333333 0.11072916666666668 0.14520833333333333
0 0.7106770833333333 0.29942708333333334 0.11947916666666672 0.1411458333333334
0 0.7035416666666666 0.39369791666666665 0.10427083333333335 0.12000000000000002
0 0.5842708333333333 0.38588541666666665 0.12062500000000007 0.13812500000000005
0 0.5120833333333333 0.19916666666666666 0.18802083333333322 0.23708333333333337
0 0.3841145833333333 0.3921354166666666 0.1554166666666667 0.19000000000000003
0 0.18286458333333333 0.15963541666666667 0.25635416666666666 0.26177083333333334
0 0.2594270833333333 0.45010416666666664 0.13562500000000002 0.15770833333333342
0 0.18630208333333334 0.5164583333333332 0.12437499999999999 0.1430208333333333
0 0.09109375 0.40536458333333336 0.09635416666666666 0.17677083333333332
0 0.5390104166666667 0.69078125 0.09583333333333321 0.11479166666666671