0 0.6580555555555556 0.72 0.09063657407407408 0.12593750000000004
0 0.5475636574074073 0.73828125 0.07156249999999993 0.09406250000000008
0 0.5246643518518519 0.7015625 0.0809606481481481 0.11218749999999993
0 0.471712962962963 0.7775000000000001 0.06770833333333322 0.08000000000000007
0 0.45565393518518515 0.8360937499999999 0.0497916666666665 0.06312500000000014
0 0.43180555555555555 0.875 0.046516203703703775 0.05656250000000007
0 0.39814814814814814 0.8625 0.05206018518518514 0.06062499999999993
0 0.40054976851851853 0.81765625 0.06145833333333339 0.07875000000000006
0 0.40517361111111116 0.7015625 0.07070601851851852 0.09093750000000007
0 0.3666203703703704 0.74 0.06927083333333339 0.08031250000000015
0 0.35728009259259264 0.8221875000000001 0.05818287037037031 0.07218749999999981
0 0.370630787037037 0.8817187499999999 0.045810185185185225 0.059375
0 0.3351909722222222 0.8185937500000001 0.03444444444444441 0.055624999999999945
0 0.31587384259259255 0.8139062499999999 0.046516203703703685 0.05656250000000007
0 0.3138888888888889 0.86625 0.04409722222222223 0.053125
0 0.29072916666666665 0.8665625 0.038275462962962956 0.05343750000000007
0 0.26793402777777775 0.8595312500000001 0.046666666666666676 0.0625
0 0.27844907407407404 0.803125 0.05831018518518523 0.06187499999999986
0 0.29151041666666666 0.75546875 0.05732638888888886 0.06906250000000007
0 0.28345486111111107 0.72171875 0.06516203703703702 0.08687499999999986
0 0.21034143518518517 0.67578125 0.08038194444444444 0.1046875
0 0.2229861111111111 0.7318749999999999 0.06614583333333339 0.0796875
0 0.23773726851851854 0.80734375 0.04951388888888886 0.06749999999999981
0 0.20217592592592593 0.7837500000000001 0.05604166666666668 0.06437500000000007
0 0.1625231481481481 0.793125 0.05021990740740741 0.06468749999999997
0 0.1398611111111111 0.7375 0.0701273148148148 0.08343749999999997
0 0.17956018518518518 0.6918749999999999 0.0758217592592593 0.09343749999999992
0 0.10552083333333333 0.7034374999999999 0.06274305555555557 0.08343749999999997
0 0.04799768518518518 0.6878125 0.08962962962962961 0.11687499999999992
0 0.1735011574074074 0.8192187499999999 0.05362268518518518 0.0609375
0 0.19306134259259258 0.8560937500000001 0.04354166666666668 0.06187499999999986
0 0.22061921296296294 0.8607812499999999 0.046516203703703754 0.05656250000000007