0 0.9554427083333333 0.7646354166666667 0.08911458333333329 0.1290393518518517
0 0.9035416666666667 0.7294733796296297 0.08145833333333315 0.10576388888888885
0 0.7705208333333333 0.5943460648148149 0.22197916666666656 0.2836342592592594
0 0.51859375 0.617193287037037 0.18927083333333333 0.23480324074074072
0 0.3929166666666667 0.7084837962962963 0.16875 0.22927083333333337
0 0.4460416666666667 0.9711979166666665 0.0828125 0.05760416666666686
0 0.56375 0.9599421296296295 0.09645833333333335 0.0801157407407409
0 0.6381249999999999 0.9551967592592593 0.09145833333333328 0.08960648148148138
0 0.5973958333333333 0.7761226851851852 0.11500000000000003 0.14384259259259266
0 0.67890625 0.9576302083333333 0.07781249999999992 0.08473958333333335
0 0.8544270833333334 0.9416116898148148 0.13239583333333335 0.11677662037037032