0 0.053125 0.5421875 0.05 0.090625
0 0.07421875 0.48828125 0.0359375 0.06171875
0 0.10546875 0.52265625 0.0421875 0.06484375
0 0.11875 0.68203125 0.09609375 0.15546875
0 0.15625 0.56484375 0.05625 0.084375
0 0.215625 0.44609375 0.03046875 0.05546875
0 0.278125 0.43984375 0.0421875 0.0484375
0 0.259375 0.52578125 0.0359375 0.06484375
0 0.29453125 0.5453125 0.0421875 0.07109375
0 0.30703125 0.51796875 0.0359375 0.05546875
0 0.31328125 0.7109375 0.12421875 0.19453125
0 0.4078125 0.634375 0.06015625 0.10078125
0 0.3703125 0.56171875 0.0421875 0.078125
0 0.41875 0.51328125 0.03828125 0.05859375
0 0.5109375 0.52734375 0.03828125 0.06171875
0 0.5078125 0.39765625 0.03203125 0.0421875
0 0.59921875 0.4078125 0.034375 0.0484375
0 0.57421875 0.5734375 0.05625 0.0875
0 0.6015625 0.64453125 0.07421875 0.1328125
0 0.7296875 0.55390625 0.05 0.0875
0 0.7734375 0.52578125 0.05234375 0.078125
0 0.759375 0.61171875 0.05625 0.0875
0 0.8703125 0.59921875 0.0703125 0.09453125
0 0.921875 0.546875 0.06015625 0.0875