0 0.598113425925926 0.24385416666666665 0.035243055555555534 0.04906249999999997
0 0.4677951388888889 0.35817708333333337 0.0435416666666665 0.058958333333333356
0 0.5031655092592593 0.34963541666666664 0.040173611111111104 0.054062500000000034
0 0.47452546296296294 0.32281250000000006 0.034918981481481384 0.04281249999999996
0 0.4933275462962962 0.31005208333333334 0.028668981481481382 0.04239583333333332
0 0.3007928240740741 0.4256770833333333 0.07533564814814815 0.1015625
0 0.22391203703703705 0.45947916666666666 0.10187499999999998 0.13291666666666674
0 0.10188657407407406 0.5385416666666666 0.1585648148148148 0.20520833333333321
0 0.08921296296296297 0.4442708333333333 0.08972222222222222 0.10875000000000004
0 0.030445601851851856 0.45203125 0.019895833333333335 0.11343750000000004
0 0.03342592592592593 0.374375 0.030879629629629625 0.05499999999999998
0 0.028883101851851854 0.34682291666666665 0.023900462962962957 0.04052083333333334
0 0.07486111111111111 0.3927083333333333 0.05184027777777778 0.06885416666666666
0 0.11109374999999999 0.38578124999999996 0.04370370370370371 0.06208333333333336
0 0.1125173611111111 0.3531770833333333 0.032037037037037044 0.04729166666666664
0 0.09203125000000001 0.3634895833333333 0.03359953703703704 0.047395833333333394
0 0.07171875000000001 0.36213541666666665 0.03327546296296298 0.041145833333333395
0 0.13262731481481482 0.350625 0.03031250000000001 0.044062499999999984
0 0.1544212962962963 0.3505208333333333 0.038530092592592616 0.05239583333333329
0 0.18916087962962963 0.35984375 0.040011574074074074 0.05093750000000004
0 0.23510995370370372 0.39015625000000004 0.045185185185185175 0.06062500000000002
0 0.24681134259259258 0.36057291666666663 0.03171296296296298 0.04104166666666664
0 0.26890046296296294 0.3511458333333334 0.03179398148148147 0.042604166666666644
0 0.2901446759259259 0.37046875 0.03664351851851855 0.04604166666666672
0 0.31086226851851856 0.37963541666666667 0.035810185185185264 0.06000000000000005
0 0.3165162037037037 0.35354166666666664 0.03532407407407412 0.05062499999999996
0 0.3204861111111111 0.325 0.023495370370370416 0.03270833333333334
0 0.3352488425925926 0.3244270833333333 0.021851851851851834 0.03104166666666668
0 0.35021412037037036 0.32776041666666667 0.028506944444444394 0.039270833333333324
0 0.3455034722222222 0.35703125 0.026782407407407404 0.03604166666666666
0 0.37392361111111116 0.34958333333333336 0.03688657407407412 0.050729166666666714
0 0.39643518518518517 0.3783333333333333 0.02866898148148156 0.04239583333333332
0 0.38364583333333335 0.32687499999999997 0.022094907407407403 0.03572916666666668
0 0.39770833333333333 0.3278125 0.0237384259259259 0.03739583333333325
0 0.4111111111111111 0.3310416666666667 0.028668981481481427 0.04239583333333332
0 0.42008101851851853 0.32385416666666667 0.025219907407407406 0.0359375
0 0.43115162037037036 0.31213541666666667 0.021851851851851834 0.03104166666666668
0 0.4459027777777778 0.32635416666666667 0.018564814814814846 0.027708333333333356
0 0.4565162037037037 0.3208333333333333 0.028750000000000143 0.04395833333333332
0 0.2895196759259259 0.32838541666666665 0.028506944444444394 0.039270833333333324
0 0.2689236111111111 0.32156250000000003 0.026944444444444483 0.03916666666666675
0 0.23713541666666665 0.3241145833333333 0.021365740740740692 0.021666666666666678
0 0.2248784722222222 0.32796875000000003 0.02489583333333334 0.0296875
0 0.21031828703703703 0.3324479166666666 0.0331134259259259 0.03802083333333339
0 0.19247106481481482 0.33359375 0.023333333333333338 0.02958333333333334