0 0.9185069444444445 0.2531944444444444 0.16298611111111114 0.21409722222222224
0 0.8426736111111112 0.30921875 0.11009259259259245 0.1462152777777778
0 0.760150462962963 0.38484375000000004 0.1771643518518518 0.2577430555555555
0 0.7075289351851852 0.4895659722222222 0.2377893518518519 0.3091666666666667
0 0.5960821759259259 0.48963541666666666 0.1312384259259259 0.17750000000000005
0 0.5278530092592593 0.5708854166666667 0.19945601851851863 0.27520833333333333
0 0.6530902777777777 0.26807291666666666 0.048680555555555574 0.0682291666666666
0 0.610173611111111 0.40895833333333337 0.07129629629629619 0.09663194444444442
0 0.45835648148148156 0.5298958333333333 0.1052662037037038 0.14079861111111108
0 0.41217592592592595 0.5606249999999999 0.0796180555555555 0.11503472222222229
0 0.27326388888888886 0.4284027777777778 0.1022337962962963 0.14343749999999997
0 0.31482638888888886 0.7186111111111112 0.3207638888888889 0.43249999999999994
0 0.22157986111111114 0.7236979166666667 0.16447916666666668 0.2495486111111111
0 0.20207175925925927 0.8334722222222222 0.21449074074074073 0.3102083333333333
0 0.13600694444444444 0.7228819444444444 0.09736111111111113 0.1364583333333334
0 0.7762615740740741 0.2928645833333333 0.05516203703703706 0.0770138888888889