0 0.7866319444444445 0.5261284722222221 0.08472222222222214 0.10717592592592595
0 0.7035474537037038 0.5337326388888888 0.08739583333333342 0.11219907407407419
0 0.6502083333333333 0.4574131944444444 0.07900462962962962 0.09556712962962947
0 0.5971701388888888 0.5322280092592593 0.07900462962962962 0.09556712962962965
0 0.5503645833333334 0.4803009259259259 0.06896990740740741 0.084513888888889
0 0.5138368055555556 0.5512731481481481 0.08361111111111104 0.10248842592592596
0 0.4719444444444445 0.5028645833333333 0.06674768518518519 0.07513888888888882
0 0.4603356481481481 0.5726215277777778 0.08480324074074072 0.10126157407407418
0 0.40879050925925925 0.5787905092592592 0.08472222222222218 0.10717592592592595
0 0.3550462962962963 0.5803819444444445 0.08969907407407404 0.11565972222222207
0 0.3863310185185186 0.5107465277777777 0.06896990740740741 0.084513888888889
0 0.30574074074074076 0.4835821759259259 0.0732870370370371 0.08395833333333336
0 0.29955439814814816 0.5824189814814815 0.08978009259259263 0.10974537037037031
0 0.22751736111111112 0.5538078703703704 0.08472222222222223 0.10717592592592595
0 0.2282465277777778 0.5022395833333333 0.0666666666666667 0.08105324074074076
0 0.15631944444444446 0.5459027777777778 0.08636574074074073 0.10159722222222226
0 0.10467592592592592 0.5282407407407408 0.0767013888888889 0.09210648148148141
0 0.08655092592592593 0.5908506944444445 0.08792824074074075 0.10193287037037031
0 0.03016782407407408 0.5245138888888888 0.06033564814814816 0.10248842592592596