0 0.2552777777777778 0.5629166666666666 0.07715277777777771 0.09385416666666657
0 0.3302777777777778 0.6738020833333334 0.10456018518518526 0.13614583333333333
0 0.4136747685185185 0.7091666666666667 0.12414351851851854 0.15145833333333342
0 0.2956134259259259 0.3852083333333334 0.05370370370370363 0.06583333333333333
0 0.4716030092592593 0.5522395833333333 0.06372685185185176 0.07739583333333329
0 0.5965509259259258 0.4688020833333333 0.06575231481481474 0.08531249999999986
0 0.6909548611111112 0.45078125 0.08552083333333335 0.10374999999999997
0 0.7281886574074073 0.4313020833333333 0.06731481481481474 0.08541666666666674
0 0.7493460648148148 0.6036979166666667 0.12267361111111104 0.15291666666666667
0 0.7771469907407408 0.8228125000000001 0.2269560185185185 0.284375
0 0.8926331018518517 0.40932291666666665 0.09370370370370366 0.11052083333333336