0 0.025 0.40859375 0.04921875 0.10859375
0 0.32578125 0.28046875 0.14296875 0.21484375
0 0.38359375 0.41953125 0.08984375 0.16796875
0 0.48984375 0.453125 0.053125 0.08515625
0 0.4359375 0.4640625 0.0296875 0.06484375
0 0.45546875 0.39296875 0.0234375 0.0515625
0 0.521875 0.41640625 0.021875 0.04140625
0 0.55390625 0.46796875 0.0421875 0.07265625
0 0.5734375 0.434375 0.0328125 0.05703125
0 0.53203125 0.278125 0.115625 0.1734375
0 0.7765625 0.5 0.0546875 0.12109375
0 0.74296875 0.44453125 0.04609375 0.09296875
0 0.79453125 0.43671875 0.040625 0.0671875
0 0.828125 0.471875 0.04375 0.08515625
0 0.865625 0.44296875 0.053125 0.10078125
0 0.9203125 0.48359375 0.04921875 0.07265625
0 0.93984375 0.4640625 0.0296875 0.059375