0 0.7468807870370371 0.6515625 0.10162037037037042 0.11900462962962965
0 0.5907002314814814 0.6412037037037037 0.10162037037037024 0.11900462962962965
0 0.4277430555555556 0.43671875 0.09861111111111112 0.12651620370370367
0 0.31018518518518523 0.5057523148148148 0.08105324074074076 0.099861111111111
0 0.20621527777777776 0.4387905092592592 0.0874421296296296 0.10983796296296297
0 0.6199189814814815 0.8757175925925926 0.0874884259259261 0.11296296296296297
0 0.567494212962963 0.8652083333333334 0.10957175925925924 0.12913194444444437
0 0.5085879629629629 0.9350144675925925 0.12232638888888889 0.12997106481481496
0 0.4528935185185185 0.9509722222222223 0.15821759259259255 0.09805555555555542
0 0.34091435185185187 0.7895601851851852 0.10010416666666666 0.12197916666666657
0 0.2728935185185185 0.7268402777777778 0.11605324074074072 0.14535879629629633
0 0.18594907407407407 0.7559143518518519 0.15243055555555554 0.1785069444444444
0 0.1533159722222222 0.6068865740740741 0.10483796296296295 0.12555555555555564
0 0.03804976851851852 0.7252893518518518 0.05748842592592592 0.19432870370370364
0 0.030260416666666668 0.6207812500000001 0.044224537037037034 0.14156250000000004