0 0.752170138888889 0.20678819444444443 0.3074652777777779 0.24512731481481484
0 0.7413194444444444 0.25960648148148147 0.29513888888888895 0.3520833333333333
0 0.710763888888889 0.4455150462962963 0.15690972222222221 0.21151620370370364
0 0.6077951388888889 0.4170486111111111 0.2504166666666666 0.3240509259259259
0 0.5503645833333334 0.5223148148148148 0.20819444444444457 0.28239583333333335
0 0.6323437500000001 0.8296469907407407 0.17937499999999992 0.2628124999999998
0 0.3713541666666667 0.5646643518518518 0.17760416666666662 0.25790509259259264
0 0.1898263888888889 0.28835069444444444 0.3738194444444444 0.4454513888888889
0 0.25487847222222226 0.4419097222222222 0.2529861111111111 0.31199074074074074
0 0.20942708333333332 0.5022800925925927 0.184375 0.23556712962962964
0 0.2596354166666667 0.5838773148148148 0.1790625 0.22084490740740748
0 0.3534027777777778 0.6498668981481481 0.18517361111111114 0.2185995370370371
0 0.3635069444444444 0.7374652777777777 0.12784722222222217 0.15152777777777793
0 0.15602430555555555 0.7331076388888889 0.1186805555555556 0.1548958333333335