0 0.24644097222222222 0.3366956018518518 0.071875 0.08530092592592595
0 0.2802083333333333 0.3106770833333333 0.05364583333333339 0.06163194444444446
0 0.4613715277777778 0.5161516203703703 0.08489583333333339 0.09017361111111111
0 0.5181423611111111 0.591869212962963 0.09791666666666679 0.1090856481481481
0 0.5749131944444444 0.5482523148148148 0.06631944444444446 0.07741898148148145
0 0.5763020833333333 0.39228009259259256 0.05225694444444447 0.0631712962962963
0 0.6141493055555556 0.6205902777777779 0.08263888888888893 0.08390046296296312
0 0.7127604166666666 0.532355324074074 0.05590277777777786 0.06790509259259263
0 0.7270833333333334 0.5700057870370371 0.08003472222222215 0.08854166666666678
0 0.8197916666666666 0.5971180555555555 0.06371527777777786 0.06802083333333328
0 0.8660590277777779 0.6204224537037037 0.07135416666666643 0.08061342592592595
0 0.8894965277777779 0.61375 0.050173611111111426 0.05846064814814813
0 0.8725694444444443 0.8194097222222222 0.1383680555555557 0.15024305555555556
0 0.9555555555555555 0.7950752314814815 0.08888888888888893 0.12802083333333325
0 0.9967881944444444 0.5790567129629629 0.006423611111111072 0.06480324074074062