0 0.059375 0.19921875 0.04765625 0.10859375
0 0.20546875 0.2546875 0.021875 0.04296875
0 0.23203125 0.24296875 0.0109375 0.03984375
0 0.24296875 0.25234375 0.0171875 0.04140625
0 0.271875 0.25078125 0.01953125 0.0546875
0 0.28671875 0.24609375 0.01328125 0.04140625
0 0.32265625 0.26015625 0.015625 0.046875
0 0.33984375 0.26484375 0.015625 0.05
0 0.3421875 0.2375 0.01171875 0.028125
0 0.359375 0.246875 0.015625 0.03671875
0 0.36484375 0.271875 0.02109375 0.05703125
0 0.384375 0.24453125 0.015625 0.03515625
0 0.4046875 0.2328125 0.0140625 0.03828125
0 0.4296875 0.22734375 0.01328125 0.03828125
0 0.44765625 0.22109375 0.01328125 0.04140625
0 0.42734375 0.27109375 0.0203125 0.0515625
0 0.41875 0.2546875 0.0125 0.04296875
0 0.4453125 0.2796875 0.025 0.0734375
0 0.4546875 0.31640625 0.0296875 0.08671875
0 0.47890625 0.2703125 0.0171875 0.053125
0 0.47265625 0.2296875 0.0140625 0.04296875
0 0.484375 0.22890625 0.01328125 0.04140625
0 0.484375 0.37421875 0.03828125 0.11171875
0 0.496875 0.315625 0.03125 0.08515625
0 0.50703125 0.25 0.01875 0.06328125
0 0.540625 0.22421875 0.0140625 0.0453125
0 0.55390625 0.23671875 0.01640625 0.05
0 0.53046875 0.3828125 0.053125 0.171875
0 0.55 0.434375 0.0625 0.16796875
0 0.571875 0.225 0.015625 0.03984375
0 0.565625 0.203125 0.01171875 0.03359375
0 0.58984375 0.24921875 0.01875 0.0484375
0 0.60078125 0.1984375 0.0109375 0.03671875
0 0.628125 0.2203125 0.01796875 0.046875
0 0.625 0.19296875 0.01328125 0.03984375
0 0.621875 0.296875 0.025 0.06640625
0 0.64375 0.3125 0.02890625 0.075
0 0.65625 0.51640625 0.10703125 0.26640625
0 0.73515625 0.36640625 0.04140625 0.1296875
0 0.71640625 0.271875 0.02421875 0.06328125
0 0.7421875 0.26171875 0.02734375 0.06328125
0 0.7078125 0.22578125 0.0171875 0.0484375
0 0.68515625 0.2375 0.015625 0.0484375
0 0.66875 0.209375 0.0140625 0.04140625
0 0.71484375 0.209375 0.01640625 0.0453125
0 0.746875 0.20703125 0.01875 0.05
0 0.7703125 0.22421875 0.01875 0.0515625
0 0.79375 0.28359375 0.02734375 0.08984375
0 0.815625 0.2203125 0.01328125 0.05
0 0.834375 0.2703125 0.0296875 0.0765625
0 0.83671875 0.21796875 0.01953125 0.053125
0 0.875 0.26171875 0.0265625 0.0796875
0 0.90546875 0.29140625 0.03984375 0.1
0 0.98125 0.2671875 0.03671875 0.08828125
0 0.9875 0.21328125 0.01875 0.0703125
0 0.971875 0.44609375 0.0546875 0.23515625