0 0.1622222222222222 0.4558912037037037 0.17593749999999994 0.29842592592592593
0 0.15984953703703703 0.7010532407407407 0.04037037037037039 0.05899305555555543
0 0.4292187500000001 0.8260416666666668 0.02887731481481488 0.04653935185185176
0 0.29778935185185185 0.5916145833333333 0.10539351851851855 0.17101851851851854
0 0.36811921296296296 0.6505902777777777 0.07376157407407406 0.12984953703703717
0 0.43145833333333333 0.695306712962963 0.06869212962962959 0.09615740740740737
0 0.4485358796296296 0.7631076388888889 0.047546296296296295 0.07637731481481484
0 0.6753125 0.6878935185185184 0.10851851851851854 0.17189814814814816
0 0.6926678240740741 0.7603819444444444 0.07144675925925928 0.09078703703703699
0 0.6419386574074075 0.7599305555555556 0.061712962962963046 0.10802083333333332
0 0.6255497685185185 0.7944965277777778 0.049849537037037095 0.08931712962962983
0 0.596875 0.7902662037037037 0.03807870370370363 0.07217592592592599
0 0.7498958333333333 0.8056828703703705 0.03733796296296301 0.059675925925925896
0 0.7698321759259259 0.7920891203703704 0.04423611111111114 0.07237268518518505
0 0.8275810185185186 0.7683969907407407 0.05784722222222234 0.09464120370370388
0 0.7957928240740741 0.5819907407407408 0.17979166666666674 0.2856828703703703
0 0.9613599537037036 0.7054166666666666 0.07476851851851833 0.1209143518518518
0 0.8789467592592592 0.7536631944444444 0.06225694444444443 0.09127314814814831
0 0.8624305555555555 0.8120081018518519 0.03706018518518519 0.0549884259259259
0 0.870167824074074 0.8518287037037038 0.03512731481481488 0.048298611111111
0 0.8278819444444444 0.825329861111111 0.030624999999999857 0.050104166666666575
0 0.8987962962962964 0.8552777777777777 0.0318171296296299 0.04429398148148138
0 0.9072800925925926 0.8169502314814814 0.03687499999999986 0.051863425925925896
0 0.9388136574074075 0.8434953703703704 0.027129629629629903 0.04297453703703695
0 0.9501388888888889 0.7882986111111111 0.039548611111111145 0.07105324074074079
0 0.990222800925926 0.7793518518518519 0.019554398148148168 0.07413194444444446
0 0.9984143518518518 0.8239814814814814 0.003171296296296333 0.05122685185185176
0 0.9999421296296296 0.8648495370370369 0.00011574074074083285 0.029837962962962906
0 0.9752488425925925 0.8360821759259259 0.029155092592592524 0.05122685185185176
0 0.9607349537037038 0.8504340277777779 0.019039351851851904 0.036087962962962905
0 0.9324537037037036 0.9046990740740739 0.02197916666666657 0.03384259259259252
0 0.8194907407407406 0.8652199074074073 0.020416666666666573 0.03340277777777771
0 0.7791898148148148 0.8592534722222223 0.02197916666666657 0.03384259259259252
0 0.7533680555555555 0.8642766203703705 0.015358796296296263 0.025833333333333285
0 0.7211805555555555 0.8137326388888889 0.03559027777777786 0.056111111111111
0 0.6988946759259258 0.8136053240740739 0.03402777777777786 0.05567129629629628
0 0.7305266203703704 0.8547743055555556 0.020416666666666573 0.03340277777777771
0 0.7195023148148147 0.8631944444444445 0.015173611111111106 0.022708333333333285
0 0.7089756944444444 0.854085648148148 0.018206018518518618 0.022025462962962906
0 0.6777719907407407 0.8460706018518518 0.013796296296296261 0.025393518518518475
0 0.6952488425925927 0.8817187499999999 0.01664351851851862 0.021585648148148097