0 0.61328125 0.640625 0.03125 0.0484375
0 0.59453125 0.7796875 0.0515625 0.0796875
0 0.72265625 0.8 0.0703125 0.08984375
0 0.8265625 0.73984375 0.04375 0.06328125
0 0.9046875 0.77109375 0.0578125 0.09140625
0 0.51796875 0.79765625 0.05390625 0.071875
0 0.54921875 0.775 0.0390625 0.06015625
0 0.41953125 0.8 0.0484375 0.06015625
0 0.44296875 0.778125 0.0390625 0.046875
0 0.3640625 0.78828125 0.04765625 0.046875
0 0.3265625 0.77265625 0.0359375 0.0453125
0 0.1328125 0.83203125 0.09609375 0.1296875
0 0.18515625 0.80234375 0.05234375 0.078125