0 0.933454861111111 0.6722511574074075 0.12887731481481451 0.1997106481481481
0 0.9790943287037038 0.6388599537037036 0.04181134259259238 0.10057870370370381
0 0.8707581018518518 0.6103877314814815 0.049525462962962764 0.08292824074074083
0 0.8419849537037039 0.5989293981481482 0.052731481481481525 0.08460648148148149
0 0.7981018518518519 0.6130787037037038 0.04771990740740737 0.07818287037037042
0 0.7449479166666666 0.599392361111111 0.0530555555555555 0.09085648148148148
0 0.7657060185185186 0.6072337962962963 0.038530092592592526 0.05133101851851851
0 0.7226967592592592 0.6080439814814815 0.032361111111111104 0.05266203703703702
0 0.6818923611111111 0.5758969907407407 0.04041666666666668 0.05763888888888893
0 0.6915393518518519 0.5958912037037036 0.030474537037036953 0.046354166666666786
0 0.6523668981481482 0.5801215277777778 0.035648148148148096 0.05590277777777786
0 0.6258043981481481 0.581105324074074 0.03556712962962969 0.054340277777777855
0 0.6047395833333333 0.5975405092592593 0.027268518518518546 0.04467592592592595
0 0.5842650462962963 0.5951678240740741 0.03597222222222225 0.062152777777777855
0 0.5578356481481481 0.5836226851851852 0.038854166666666676 0.05758101851851851
0 0.5358564814814815 0.6126157407407408 0.03704861111111111 0.0528356481481481
0 0.5254398148148148 0.5777777777777778 0.03548611111111111 0.052777777777777854
0 0.5090856481481482 0.5642939814814815 0.03729166666666668 0.057523148148148094
0 0.5329629629629629 0.5266203703703705 0.050601851851851974 0.07361111111111107
0 0.48749421296296297 0.5705729166666667 0.034085648148148094 0.05584490740740726
0 0.47266203703703696 0.55625 0.027349537037036954 0.046238425925925954
0 0.4538888888888889 0.5866898148148147 0.04378472222222225 0.062442129629629584
0 0.4762905092592593 0.5960358796296296 0.02710648148148138 0.04155092592592595
0 0.45435185185185184 0.5201388888888889 0.052164351851851795 0.07366898148148131
0 0.41969907407407414 0.5613425925925926 0.04402777777777769 0.06712962962962976
0 0.38071180555555556 0.5189525462962963 0.05396990740740737 0.0784143518518519
0 0.4014236111111111 0.5862847222222223 0.030636574074074118 0.04947916666666661
0 0.3800462962962963 0.5815972222222222 0.03087962962962969 0.054166666666666606
0 0.3569733796296296 0.5894965277777777 0.04106481481481481 0.07013888888888893
0 0.3376678240740741 0.564380787037037 0.030555555555555537 0.04791666666666661
0 0.309056712962963 0.5560474537037037 0.04254629629629623 0.06863425925925917
0 0.3167534722222222 0.5988136574074074 0.035243055555555534 0.04809027777777786
0 0.2733159722222222 0.5158854166666667 0.05281250000000002 0.08616898148148149
0 0.2706828703703704 0.570775462962963 0.04559027777777782 0.0671875
0 0.24905092592592593 0.5762731481481481 0.034976851851851884 0.07303240740740727
0 0.18385995370370373 0.6021701388888889 0.06792824074074075 0.10700231481481488
0 0.10251157407407407 0.5730902777777778 0.07598379629629629 0.1119791666666666
0 0.16004050925925925 0.565480324074074 0.03597222222222225 0.062152777777777855
0 0.20292824074074076 0.562326388888889 0.035810185185185174 0.05902777777777786
0 0.6246412037037038 0.4379050925925926 0.05906249999999993 0.08640046296296297
0 0.22153935185185186 0.21174768518518516 0.09101851851851847 0.13125
0 0.10730902777777777 0.16744791666666667 0.10958333333333332 0.1584490740740741