0 0.021770833333333333 0.6522569444444445 0.043541666666666666 0.1065393518518519
0 0.12442708333333333 0.637818287037037 0.05291666666666667 0.10451388888888893
0 0.19947916666666665 0.6148148148148148 0.0515625 0.10717592592592595
0 0.24703124999999998 0.6022569444444444 0.061979166666666696 0.10260416666666679
0 0.48703124999999997 0.48289930555555555 0.08239583333333336 0.1791087962962962
0 0.6421354166666667 0.44230324074074073 0.07489583333333343 0.15850694444444446
0 0.7240624999999999 0.4425347222222221 0.04916666666666671 0.09421296296296297
0 0.7397916666666667 0.3329571759259259 0.09093750000000007 0.19236111111111115
0 0.7779166666666667 0.23206018518518512 0.12614583333333335 0.2609953703703704
0 0.83421875 0.3754340277777777 0.04885416666666664 0.1125
0 0.8691666666666666 0.32219328703703703 0.06916666666666664 0.14149305555555552
0 0.9295833333333332 0.31195023148148143 0.06875 0.13524305555555555