0 0.221875 0.70703125 0.07734375 0.13828125
0 0.31953125 0.625 0.059375 0.09140625
0 0.3140625 0.503125 0.05390625 0.075
0 0.225 0.465625 0.03203125 0.0484375
0 0.13125 0.4640625 0.0296875 0.0421875
0 0.05 0.459375 0.0421875 0.06328125
0 0.0578125 0.3640625 0.03125 0.046875
0 0.01171875 0.39765625 0.02109375 0.0421875
0 0.5296875 0.43515625 0.0546875 0.09921875
0 0.61171875 0.44453125 0.08203125 0.146875
0 0.6328125 0.36015625 0.021875 0.0453125
0 0.646875 0.35703125 0.0203125 0.0328125
0 0.67890625 0.36328125 0.028125 0.05078125
0 0.771875 0.371875 0.02265625 0.0375
0 0.79375 0.58828125 0.053125 0.1140625
0 0.828125 0.5109375 0.0296875 0.05234375