0 0.359375 0.25 0.025 0.03359375
0 0.30859375 0.51875 0.0703125 0.1
0 0.28828125 0.43359375 0.046875 0.06640625
0 0.2875 0.3765625 0.028125 0.0421875
0 0.2203125 0.35234375 0.0234375 0.02890625
0 0.17734375 0.29140625 0.025 0.03125
0 0.19765625 0.365625 0.03203125 0.0375
0 0.16484375 0.40234375 0.04296875 0.0578125
0 0.1328125 0.43203125 0.0515625 0.0640625
0 0.090625 0.4953125 0.075 0.09296875
0 0.525 0.48359375 0.06640625 0.08671875
0 0.4203125 0.4125 0.046875 0.05546875
0 0.35703125 0.35859375 0.0203125 0.03359375
0 0.34453125 0.34296875 0.025 0.03359375
0 0.4578125 0.35234375 0.021875 0.02890625
0 0.4875 0.37421875 0.028125 0.03359375
0 0.51640625 0.3609375 0.0265625 0.0421875
0 0.58828125 0.38125 0.03984375 0.05078125
0 0.66015625 0.39296875 0.05 0.053125
0 0.68203125 0.3546875 0.0265625 0.0375
0 0.64453125 0.3546875 0.021875 0.02421875
0 0.62734375 0.365625 0.025 0.02890625
0 0.74609375 0.4140625 0.03828125 0.046875
0 0.7421875 0.38203125 0.028125 0.03125
0 0.76015625 0.34765625 0.0203125 0.02890625
0 0.7875 0.47421875 0.06171875 0.08671875
0 0.85390625 0.41015625 0.03828125 0.06015625
0 0.8265625 0.36875 0.0234375 0.0359375
0 0.8171875 0.35 0.021875 0.03359375
0 0.840625 0.3578125 0.01796875 0.03125
0 0.878125 0.36328125 0.0296875 0.0421875
0 0.93671875 0.43984375 0.0703125 0.084375
0 0.9546875 0.396875 0.03984375 0.0640625
0 0.975 0.365625 0.03671875 0.05546875