0 0.0390625 0.48984375 0.078125 0.12578125
0 0.02578125 0.39609375 0.0515625 0.1203125
0 0.1703125 0.37109375 0.0796875 0.1234375
0 0.2453125 0.2984375 0.0578125 0.08671875
0 0.30234375 0.3765625 0.07578125 0.09921875
0 0.31328125 0.55703125 0.15390625 0.24296875
0 0.41328125 0.3484375 0.05390625 0.08984375
0 0.34921875 0.30625 0.05 0.08984375
0 0.43984375 0.25546875 0.04375 0.084375
0 0.4796875 0.29453125 0.03984375 0.078125
0 0.51875 0.3421875 0.05 0.09609375
0 0.59921875 0.32109375 0.04609375 0.084375
0 0.58984375 0.29453125 0.04765625 0.078125
0 0.7046875 0.3046875 0.05 0.08671875
0 0.728125 0.24921875 0.03203125 0.06015625
0 0.62578125 0.496875 0.10390625 0.17734375
0 0.67578125 0.428125 0.0796875 0.10546875
0 0.8828125 0.37421875 0.08203125 0.12890625
0 0.859375 0.2734375 0.05 0.071875
0 0.896875 0.06171875 0.06171875 0.1171875
0 0.9796875 0.24296875 0.0359375 0.078125