0 0.05196180555555555 0.5336921296296296 0.09875 0.11527777777777785
0 0.12272569444444445 0.5214525462962963 0.08760416666666668 0.1102662037037037
0 0.1584375 0.5079108796296297 0.06951388888888888 0.0894444444444444
0 0.10475694444444443 0.4517650462962964 0.07434027777777778 0.09270833333333321
0 0.16375 0.45859953703703704 0.0792361111111111 0.09753472222222222
0 0.20864583333333334 0.43152199074074077 0.07072916666666665 0.08167824074074073
0 0.24503472222222217 0.49052083333333335 0.08107638888888893 0.10383101851851854
0 0.30008680555555556 0.46314236111111107 0.07284722222222229 0.09422453703703706
0 0.28234375 0.405931712962963 0.06767361111111114 0.08314814814814805
0 0.25060763888888893 0.3826851851851852 0.06121527777777782 0.07827546296296291
0 0.2209375 0.4007291666666667 0.06951388888888888 0.08944444444444452
0 0.3126041666666667 0.37460648148148146 0.061284722222222233 0.079837962962963
0 0.35277777777777775 0.4537789351851852 0.06951388888888888 0.0894444444444444
0 0.40342013888888884 0.38517939814814817 0.0755555555555556 0.08494212962962955
0 0.4716840277777778 0.4291898148148148 0.05604166666666668 0.06719907407407408
0 0.4268229166666667 0.35015625 0.05135416666666668 0.06706018518518517
0 0.3556076388888889 0.37255208333333334 0.06434027777777782 0.07836805555555557
0 0.46390624999999996 0.3233101851851852 0.06163194444444429 0.0876504629629629
0 0.5113541666666667 0.32658564814814817 0.054895833333333324 0.07652777777777775
0 0.5328298611111111 0.3875868055555555 0.0561805555555555 0.07032407407407408
0 0.5898958333333333 0.38511574074074073 0.05972222222222214 0.07979166666666666
0 0.552517361111111 0.29571759259259256 0.0578819444444445 0.07349537037037042
0 0.6025520833333333 0.2934548611111111 0.051284722222222176 0.06549768518518517
0 0.6384375 0.34622685185185187 0.057951388888889 0.07505787037037041
0 0.6420486111111112 0.2649768518518519 0.0563194444444445 0.07344907407407408
0 0.6590451388888889 0.32142939814814814 0.04802083333333336 0.062280092592592595
0 0.699982638888889 0.31319444444444444 0.056111111111111 0.06876157407407409
0 0.7463715277777778 0.32274305555555555 0.0561805555555555 0.07032407407407408
0 0.77234375 0.3001273148148148 0.05270833333333336 0.062418981481481416
0 0.7926388888888889 0.2823611111111111 0.048159722222222354 0.0654050925925926
0 0.8302083333333332 0.2796875 0.052777777777777854 0.0639814814814815