0 0.3046875 0.62734375 0.10703125 0.1703125
0 0.38828125 0.5375 0.0703125 0.11484375
0 0.4625 0.3515625 0.0453125 0.0875
0 0.58671875 0.5046875 0.0765625 0.11015625
0 0.6234375 0.7046875 0.13359375 0.225
0 0.578125 0.4375 0.06015625 0.08515625
0 0.709375 0.4515625 0.0453125 0.0828125
0 0.73828125 0.49140625 0.05703125 0.09765625
0 0.784375 0.41875 0.028125 0.0625
0 0.8515625 0.43359375 0.03671875 0.0671875
0 0.85234375 0.53125 0.078125 0.12265625
0 0.93515625 0.49140625 0.06015625 0.10234375
0 0.9046875 0.4578125 0.03984375 0.06015625
0 0.9765625 0.4671875 0.03984375 0.0703125
0 0.9421875 0.4375 0.025 0.05
0 0.065625 0.56875 0.08203125 0.1328125
0 0.0828125 0.8734375 0.15859375 0.24765625