0 0.50078125 0.88671875 0.121875 0.19140625
0 0.721875 0.7484375 0.0796875 0.15390625
0 0.865625 0.69921875 0.06796875 0.1171875
0 0.76484375 0.671875 0.0625 0.09296875
0 0.59921875 0.70859375 0.06015625 0.1015625
0 0.53359375 0.68359375 0.06015625 0.10390625
0 0.42421875 0.76796875 0.07265625 0.11953125
0 0.39140625 0.63671875 0.06875 0.0953125
0 0.290625 0.71328125 0.0953125 0.128125
0 0.31015625 0.93125 0.1453125 0.13125
0 0.209375 0.86875 0.11640625 0.15234375
0 0.0359375 0.8125 0.0671875 0.2328125
0 0.0671875 0.665625 0.065625 0.1125
0 0.21796875 0.6640625 0.06015625 0.084375