0 0.8832465277777779 0.4411053240740741 0.06741898148148166 0.0944212962962963
0 0.9280381944444445 0.4103877314814815 0.04120370370370381 0.06012731481481488
0 0.9578703703703704 0.40472222222222226 0.04265046296296297 0.05709490740740737
0 0.9089699074074075 0.46218750000000003 0.03917824074074083 0.047534722222222214
0 0.88984375 0.49450231481481477 0.03125 0.04394675925925924
0 0.8598958333333334 0.48224537037037035 0.03923611111111107 0.049097222222222216
0 0.8338252314814815 0.42844328703703705 0.054282407407407265 0.0764930555555555
0 0.7892939814814814 0.3679398148148148 0.08055555555555571 0.1123495370370371
0 0.7181712962962964 0.2676967592592593 0.1640625 0.22019675925925924
0 0.5926215277777778 0.31099537037037034 0.15075231481481488 0.19758101851851856
0 0.6639467592592593 0.405769675925926 0.07395833333333339 0.10260416666666675
0 0.7377893518518519 0.39048032407407407 0.06388888888888893 0.08329861111111114
0 0.7761863425925926 0.4692766203703703 0.05422453703703702 0.0749305555555555
0 0.8052372685185185 0.4847048611111111 0.03917824074074083 0.047534722222222214
0 0.8217592592592592 0.5016550925925927 0.04108796296296262 0.05700231481481488
0 0.6466724537037036 0.5143692129629629 0.0606481481481481 0.07998842592592581
0 0.541261574074074 0.4348668981481481 0.10353009259259256 0.1433333333333333
0 0.5559895833333334 0.5002546296296296 0.05254629629629619 0.07171296296296284
0 0.5490162037037037 0.5412037037037036 0.045949074074074045 0.061967592592592526
0 0.5415798611111111 0.5736053240740742 0.03616898148148149 0.05047453703703688
0 0.508275462962963 0.5467361111111112 0.04618055555555554 0.06821759259259252
0 0.4930266203703704 0.6006481481481482 0.041319444444444284 0.06325231481481489
0 0.5384837962962964 0.6571990740740741 0.040972222222222146 0.05387731481481488
0 0.48628472222222224 0.6774421296296296 0.039583333333333394 0.05847222222222222
0 0.43585069444444446 0.6289814814814815 0.04427083333333322 0.05874999999999986
0 0.3987847222222222 0.5773900462962963 0.05596064814814809 0.07971064814814817
0 0.4034143518518518 0.5155324074074074 0.06568287037037042 0.0896412037037038
0 0.3942997685185185 0.4459143518518519 0.10954861111111107 0.13745370370370366
0 0.311863425925926 0.5669502314814816 0.08859953703703702 0.11906250000000007
0 0.3836226851851852 0.650005787037037 0.044328703703703634 0.06031250000000003
0 0.3149884259259259 0.6509548611111111 0.04589120370370372 0.060405092592592524
0 0.2798611111111111 0.6101620370370371 0.0625 0.08789351851851848
0 0.32881944444444444 0.6774189814814815 0.03611111111111107 0.04891203703703706
0 0.3088252314814815 0.6700289351851852 0.04583333333333339 0.05884259259259252
0 0.25636574074074076 0.676255787037037 0.05422453703703702 0.0749305555555555
0 0.24050925925925926 0.7044791666666667 0.04589120370370372 0.060405092592592524
0 0.17725694444444443 0.7074479166666666 0.07222222222222223 0.09782407407407412
0 0.12722800925925926 0.690144675925926 0.04108796296296298 0.05700231481481488
0 0.0970775462962963 0.7254513888888889 0.07042824074074072 0.09148148148148146