0 0.20625 0.4604456018518519 0.04733796296296298 0.06811342592592595
0 0.11869212962962963 0.6548321759259259 0.09756944444444446 0.13090277777777787
0 0.20254629629629628 0.7482060185185185 0.19571759259259258 0.27743055555555574
0 0.20376157407407405 0.611082175925926 0.10416666666666663 0.14212962962962977
0 0.23972800925925924 0.5370659722222222 0.075 0.1056712962962962
0 0.33370949074074074 0.5447627314814815 0.09918981481481479 0.13292824074074083
0 0.41206597222222224 0.5988136574074074 0.17934027777777767 0.25248842592592596
0 0.315943287037037 0.5028935185185185 0.07309027777777777 0.0958333333333334
0 0.4695891203703704 0.4225983796296296 0.10410879629629619 0.14056712962962972
0 0.42690972222222223 0.4066550925925926 0.06180555555555554 0.08321759259259257
0 0.9038483796296297 0.0883969907407407 0.09571759259259238 0.12262731481481479
0 0.9464409722222221 0.08582175925925924 0.07355324074074047 0.10833333333333335