0 0.1671875 0.390625 0.03828125 0.071875
0 0.21171875 0.43671875 0.084375 0.159375
0 0.253125 0.390625 0.05 0.08984375
0 0.31328125 0.35 0.065625 0.09921875
0 0.34609375 0.3875 0.0640625 0.1078125
0 0.34609375 0.50625 0.071875 0.1234375
0 0.375 0.6203125 0.1140625 0.23125
0 0.415625 0.48203125 0.0921875 0.14140625
0 0.41171875 0.39453125 0.0640625 0.08671875
0 0.459375 0.303125 0.06171875 0.1140625
0 0.48828125 0.4328125 0.071875 0.14453125
0 0.53671875 0.40546875 0.09765625 0.1921875
0 0.57421875 0.52421875 0.13203125 0.2375
0 0.50703125 0.3375 0.06171875 0.08671875
0 0.5921875 0.33046875 0.0640625 0.10234375
0 0.6703125 0.3453125 0.03984375 0.08984375
0 0.72421875 0.36015625 0.10390625 0.1921875
0 0.8171875 0.31796875 0.078125 0.15
0 0.83671875 0.36796875 0.09375 0.16484375
0 0.85390625 0.5359375 0.115625 0.21953125
0 0.896875 0.3484375 0.0578125 0.1203125