0 0.7978414351851851 0.5302604166666667 0.09804398148148152 0.10434027777777785
0 0.5845196759259259 0.5887905092592594 0.07964120370370367 0.07695601851851848
0 0.6323958333333334 0.671724537037037 0.07956018518518526 0.07539351851851847
0 0.4880613425925926 0.6804803240740741 0.047094907407407405 0.044780092592592524
0 0.45633680555555556 0.6977025462962964 0.040844907407407406 0.04334490740740726
0 0.30167824074074073 0.6463773148148148 0.07751157407407412 0.06565972222222208
0 0.24997685185185184 0.6677083333333333 0.061562499999999964 0.05582175925925927
0 0.31383680555555554 0.4728761574074074 0.12115740740740737 0.10347222222222215
0 0.5566377314814815 0.2574710648148148 0.14966435185185176 0.14707175925925925
0 0.0703587962962963 0.21061342592592594 0.1407175925925926 0.18372685185185186
0 0.22431712962962963 0.5527199074074074 0.07150462962962967 0.06891203703703716
0 0.14230324074074074 0.6097800925925926 0.06509259259259262 0.06435185185185191
0 0.03501157407407407 0.6207175925925925 0.06509259259259259 0.06435185185185191