0 0.4375 0.853125 0.14609375 0.1921875
0 0.39921875 0.65234375 0.10390625 0.1375
0 0.2625 0.60234375 0.08359375 0.11875
0 0.21796875 0.35 0.07265625 0.09375
0 0.32265625 0.4328125 0.028125 0.0515625
0 0.30078125 0.42421875 0.02890625 0.05078125
0 0.178125 0.4765625 0.0234375 0.04453125
0 0.16953125 0.46171875 0.0328125 0.04140625
0 0.16640625 0.4359375 0.03203125 0.03125
0 0.36328125 0.4578125 0.0375 0.0671875
0 0.40078125 0.48046875 0.04375 0.06171875
0 0.46875 0.4328125 0.0265625 0.04609375
0 0.44921875 0.41328125 0.03046875 0.0515625
0 0.509375 0.4296875 0.02578125 0.05625
0 0.5453125 0.4546875 0.040625 0.0546875
0 0.54296875 0.52578125 0.0546875 0.07734375
0 0.6328125 0.5421875 0.07265625 0.0953125
0 0.69765625 0.60625 0.0796875 0.11328125
0 0.8890625 0.64921875 0.11640625 0.146875
0 0.97578125 0.5640625 0.046875 0.11171875
0 0.97421875 0.47734375 0.040625 0.06796875
0 0.88515625 0.4578125 0.03984375 0.05859375
0 0.846875 0.43125 0.0296875 0.0484375
0 0.84140625 0.3671875 0.0234375 0.03671875
0 0.778125 0.409375 0.02265625 0.0421875
0 0.70234375 0.44296875 0.03515625 0.04921875
0 0.721875 0.48828125 0.05546875 0.06953125
0 0.6625 0.4203125 0.0359375 0.05625
0 0.678125 0.40625 0.01953125 0.03203125
0 0.72421875 0.3984375 0.025 0.03671875
0 0.73671875 0.3734375 0.02109375 0.03359375
0 0.59765625 0.4109375 0.02578125 0.04765625
0 0.5625 0.40625 0.02265625 0.03828125