0 0.01484375 0.25546875 0.0265625 0.03828125
0 0.05078125 0.259375 0.01875 0.0359375
0 0.06953125 0.25546875 0.02265625 0.0328125
0 0.0875 0.253125 0.02109375 0.03828125
0 0.09609375 0.23515625 0.01484375 0.025
0 0.08359375 0.2296875 0.0171875 0.025
0 0.10859375 0.22421875 0.01328125 0.025
0 0.12109375 0.23203125 0.01875 0.03046875
0 0.14609375 0.25 0.03203125 0.04375
0 0.16328125 0.23359375 0.02109375 0.0328125
0 0.14453125 0.21953125 0.0171875 0.021875
0 0.17265625 0.21953125 0.01328125 0.021875
0 0.1828125 0.21328125 0.01484375 0.025
0 0.2015625 0.25859375 0.04921875 0.07109375
0 0.23046875 0.25703125 0.03359375 0.06328125
0 0.203125 0.21171875 0.01328125 0.021875
0 0.21953125 0.2140625 0.0171875 0.021875
0 0.2140625 0.19765625 0.01328125 0.021875
0 0.22734375 0.20625 0.01328125 0.021875
0 0.2484375 0.20859375 0.01328125 0.021875
0 0.24609375 0.19765625 0.01328125 0.021875
0 0.26328125 0.20625 0.01328125 0.021875
0 0.28359375 0.19921875 0.0171875 0.025
0 0.278125 0.2734375 0.04375 0.06875
0 0.35546875 0.28046875 0.046875 0.07109375
0 0.3953125 0.26484375 0.03203125 0.0578125
0 0.3671875 0.22421875 0.0171875 0.0359375
0 0.34609375 0.225 0.02109375 0.0328125
0 0.34140625 0.203125 0.0109375 0.021875
0 0.31875 0.21875 0.01875 0.0359375
0 0.31328125 0.1953125 0.0109375 0.01640625
0 0.32890625 0.18671875 0.009375 0.01640625
0 0.3765625 0.2046875 0.01328125 0.01953125
0 0.38359375 0.22265625 0.01328125 0.021875
0 0.40390625 0.21953125 0.02265625 0.0328125
0 0.39609375 0.1921875 0.01484375 0.02734375
0 0.409375 0.1796875 0.0109375 0.01953125
0 0.47265625 0.26484375 0.03984375 0.07421875
0 0.453125 0.22265625 0.01875 0.0328125
0 0.42109375 0.246875 0.01875 0.0328125
0 0.421875 0.19609375 0.0171875 0.025
0 0.440625 0.19375 0.01328125 0.025
0 0.46796875 0.21171875 0.0109375 0.021875
0 0.47109375 0.19375 0.009375 0.025
0 0.4578125 0.17421875 0.009375 0.0140625
0 0.48046875 0.17890625 0.009375 0.01640625
0 0.48515625 0.19921875 0.0109375 0.01953125
0 0.50625 0.21875 0.0171875 0.03046875
0 0.49375 0.24296875 0.02109375 0.04140625
0 0.503125 0.190625 0.0171875 0.025
0 0.4921875 0.18125 0.0109375 0.021875
0 0.52578125 0.18125 0.01328125 0.021875
0 0.5484375 0.1921875 0.0171875 0.02734375
0 0.55390625 0.259375 0.05078125 0.0796875
0 0.59453125 0.21015625 0.01875 0.025
0 0.58359375 0.19609375 0.01328125 0.025
0 0.5875 0.17890625 0.009375 0.01640625
0 0.6015625 0.16796875 0.0109375 0.021875
0 0.61328125 0.20859375 0.01875 0.0328125
0 0.61015625 0.25 0.02109375 0.04375
0 0.65625 0.25703125 0.04921875 0.0796875
0 0.63984375 0.20703125 0.02265625 0.0359375
0 0.63125 0.190625 0.01328125 0.025
0 0.6375 0.171875 0.01484375 0.025
0 0.62109375 0.17578125 0.0109375 0.021875
0 0.6515625 0.1921875 0.01328125 0.0328125
0 0.7078125 0.2140625 0.02265625 0.0328125
0 0.7234375 0.259375 0.03203125 0.06875
0 0.78984375 0.2640625 0.06640625 0.09375
0 0.72421875 0.1796875 0.01484375 0.025
0 0.70625 0.17421875 0.01328125 0.025
0 0.74140625 0.16640625 0.01484375 0.025
0 0.7609375 0.17890625 0.0171875 0.021875
0 0.77109375 0.190625 0.0171875 0.025
0 0.78515625 0.17578125 0.01484375 0.021875
0 0.76953125 0.1609375 0.01484375 0.025
0 0.8015625 0.16171875 0.01484375 0.021875
0 0.81484375 0.1796875 0.01875 0.03046875
0 0.82890625 0.171875 0.01328125 0.01953125
0 0.9078125 0.21015625 0.03359375 0.046875
0 0.88515625 0.1796875 0.01875 0.03046875
0 0.8484375 0.18671875 0.0171875 0.02734375
0 0.85 0.16796875 0.01328125 0.021875
0 0.83671875 0.1578125 0.01328125 0.01953125
0 0.91015625 0.18671875 0.01328125 0.021875
0 0.93671875 0.18515625 0.0171875 0.03046875
0 0.959375 0.19921875 0.02109375 0.025
0 0.9640625 0.2703125 0.06796875 0.1125
0 0.97734375 0.21875 0.03359375 0.04140625
0 0.98671875 0.1828125 0.01875 0.025