0 0.11333912037037037 0.31859375 0.1053125 0.1401736111111111
0 0.012326388888888895 0.4036458333333333 0.02465277777777779 0.10430555555555561
0 0.06065393518518519 0.5300520833333333 0.04207175925925925 0.06003472222222221
0 0.11476851851851852 0.5147569444444444 0.05278935185185185 0.06017361111111121
0 0.14059606481481482 0.4289756944444445 0.07059027777777778 0.08892361111111105
0 0.17282407407407407 0.5148958333333333 0.03718750000000002 0.04704861111111107
0 0.22808449074074075 0.5131770833333333 0.03962962962962964 0.05354166666666664
0 0.28738425925925926 0.41760416666666667 0.04697916666666666 0.06232638888888893
0 0.28295138888888893 0.32965277777777774 0.08993055555555554 0.12861111111111115
0 0.314050925925926 0.4615972222222222 0.043194444444444445 0.05715277777777779
0 0.34336805555555555 0.4921875 0.03828703703703704 0.05486111111111107
0 0.38890625 0.43467013888888884 0.05078703703703704 0.056805555555555644
0 0.4012905092592593 0.3792534722222222 0.046979166666666614 0.06232638888888893
0 0.46900462962962963 0.4573611111111111 0.034502314814814736 0.049687499999999926
0 0.5049131944444445 0.3868229166666667 0.050740740740740795 0.0781944444444445
0 0.5642013888888888 0.3890625 0.046076388888888785 0.06677083333333336
0 0.5847569444444445 0.291875 0.0790162037037037 0.11621527777777771
0 0.6846412037037037 0.32600694444444445 0.07056712962962948 0.09961805555555561
0 0.7946006944444445 0.32112847222222224 0.062118055555555426 0.08302083333333332