0 0.43563078703703706 0.8504687499999999 0.059386574074074085 0.08850694444444471
0 0.5097395833333334 0.8277604166666667 0.05878472222222229 0.08225694444444435
0 0.21534722222222222 0.7077199074074074 0.09505787037037035 0.12281250000000003
0 0.21940972222222221 0.6458680555555556 0.09953703703703702 0.13731481481481483
0 0.31680555555555556 0.6248958333333333 0.13178240740740738 0.16805555555555554
0 0.38375 0.6158217592592592 0.09833333333333334 0.12481481481481485
0 0.37567708333333333 0.47596643518518517 0.1767129629629629 0.23449074074074078
0 0.4736400462962963 0.6369502314814814 0.07964120370370367 0.10677083333333322
0 0.5101793981481482 0.54421875 0.1078935185185184 0.16006944444444446
0 0.5282002314814814 0.595306712962963 0.08336805555555564 0.1134606481481482
0 0.5896064814814814 0.6247569444444444 0.07949074074074076 0.10520833333333339
0 0.6451215277777778 0.5370081018518518 0.11248842592592592 0.14376157407407408
0 0.6469618055555555 0.588130787037037 0.09087962962962966 0.11143518518518522
0 0.6855787037037038 0.6290162037037037 0.07218750000000007 0.0933912037037036
0 0.7402314814814815 0.6043402777777778 0.055659722222222284 0.08181712962962973
0 0.6855671296296297 0.44482638888888887 0.15369212962962955 0.20350694444444453
0 0.7876331018518519 0.5123668981481482 0.11510416666666679 0.15491898148148148
0 0.8713368055555556 0.5572858796296296 0.05550925925925938 0.08025462962962955
0 0.8841319444444444 0.5220949074074074 0.08598379629629634 0.12461805555555543
0 0.9130902777777777 0.4706828703703703 0.14230324074074047 0.1972800925925927
0 0.9507986111111112 0.5661574074074074 0.06034722222222229 0.08247685185185194
0 0.9719502314814814 0.5055787037037037 0.056099537037037094 0.11814814814814803