0 0.9721209490740741 0.39503472222222225 0.055758101851851906 0.13664351851851847
0 0.9762152777777778 0.2496701388888889 0.04756944444444429 0.08521990740740737
0 0.8961516203703702 0.29847222222222225 0.06869212962962976 0.08302083333333332
0 0.9237268518518519 0.34085069444444444 0.08078703703703702 0.092349537037037
0 0.8911458333333332 0.35577546296296303 0.08379629629629619 0.1006018518518518
0 0.8436342592592594 0.48093750000000013 0.11799768518518512 0.14133101851851854
0 0.8077546296296297 0.44254050925925925 0.09288194444444438 0.10167824074074083
0 0.7907118055555555 0.40377314814814824 0.07893518518518512 0.09034722222222218
0 0.681712962962963 0.5298032407407408 0.09849537037037041 0.12399305555555565
0 0.6734664351851852 0.4408854166666667 0.06313657407407405 0.0770138888888889
0 0.6444733796296296 0.4885011574074074 0.06527777777777785 0.08057870370370371
0 0.6111400462962964 0.49048611111111107 0.05729166666666678 0.06944444444444446
0 0.5825810185185185 0.5404456018518519 0.07581018518518512 0.08946759259259256
0 0.6490162037037036 0.6417534722222222 0.11799768518518512 0.14133101851851854
0 0.6078993055555555 0.6771643518518518 0.09606481481481488 0.11886574074074083
0 0.691869212962963 0.7710706018518518 0.19600694444444447 0.21068287037037053
0 0.4569733796296297 0.8741782407407406 0.17204861111111108 0.13729166666666687
0 0.5403935185185185 0.5967071759259259 0.09334490740740727 0.11217592592592603
0 0.1941840277777778 0.6136053240740742 0.03935185185185186 0.05254629629629619