0 0.02265625 0.6203125 0.0453125 0.0765625
0 0.1203125 0.571875 0.04609375 0.0765625
0 0.16328125 0.58203125 0.04375 0.06640625
0 0.1703125 0.734375 0.06484375 0.08515625
0 0.25859375 0.6234375 0.0421875 0.0796875
0 0.2875 0.62421875 0.0328125 0.06484375
0 0.3546875 0.5890625 0.0375 0.06796875
0 0.36796875 0.68046875 0.04375 0.075
0 0.41640625 0.62890625 0.0421875 0.06171875
0 0.51171875 0.721875 0.04609375 0.0765625
0 0.5203125 0.5515625 0.0375 0.06640625
0 0.559375 0.57734375 0.0359375 0.05859375
0 0.61640625 0.7109375 0.04765625 0.06796875
0 0.66484375 0.553125 0.0421875 0.0703125
0 0.7078125 0.5359375 0.0359375 0.06171875
0 0.803125 0.6109375 0.0515625 0.078125
0 0.86640625 0.60546875 0.0453125 0.06484375
0 0.946875 0.56953125 0.0484375 0.06484375