0 0.11430555555555555 0.48171296296296295 0.08219907407407408 0.12719907407407405
0 0.1665162037037037 0.47123842592592596 0.07648148148148151 0.1291666666666668
0 0.24420717592592595 0.4447627314814815 0.0732870370370371 0.11041666666666661
0 0.2829861111111111 0.43113425925925924 0.053900462962962956 0.0765625
0 0.26762152777777776 0.39771412037037035 0.04395833333333332 0.06261574074074075
0 0.3101099537037037 0.40112847222222225 0.062280092592592595 0.09021990740740744
0 0.3470833333333333 0.42893518518518514 0.04612268518518512 0.08420138888888888
0 0.23365740740740742 0.6997685185185185 0.19458333333333339 0.2539351851851851
0 0.31700231481481483 0.578761574074074 0.13061342592592595 0.19820601851851852
0 0.41203703703703703 0.5925925925925926 0.17091435185185194 0.25711805555555556
0 0.532662037037037 0.5484953703703704 0.11252314814814816 0.1630787037037038
0 0.5612962962962962 0.5037037037037038 0.07800925925925917 0.12037037037037042
0 0.5229918981481482 0.46808449074074077 0.08365740740740737 0.10023148148148149
0 0.5180787037037037 0.4061342592592593 0.07222222222222215 0.1041666666666666
0 0.5605381944444444 0.4377604166666667 0.060717592592592594 0.08993055555555554
0 0.5457002314814815 0.36958912037037034 0.05706018518518512 0.0862268518518519
0 0.5786805555555555 0.37395833333333334 0.052870370370370345 0.07939814814814819
0 0.600636574074074 0.3561921296296296 0.050277777777777644 0.08194444444444446
0 0.6276157407407407 0.35844907407407406 0.06487268518518512 0.08767361111111108
0 0.5455034722222223 0.16976273148148147 0.04898148148148138 0.0832175925925926
0 0.9412384259259259 0.2504050925925926 0.051006944444444716 0.06846064814814809
0 0.9683159722222221 0.43318865740740736 0.06336805555555572 0.2107060185185185
0 0.9766203703703704 0.2821180555555555 0.04675925925925917 0.0700231481481481
0 0.9818749999999999 0.3169560185185185 0.036250000000000074 0.09490740740740744