0 0.4593171296296297 0.09 0.13165509259259256 0.17770833333333333
0 0.869820601851852 0.2875 0.1463541666666665 0.1738888888888889
0 0.963353587962963 0.2032638888888889 0.07329282407407404 0.1540277777777778
0 0.9655960648148149 0.10369791666666668 0.06880787037037024 0.10586805555555552
0 0.8189236111111111 0.1435590277777778 0.06331018518518512 0.0770138888888889
0 0.7982928240740741 0.1715451388888889 0.06377314814814809 0.0801388888888889
0 0.7719328703703704 0.2363888888888889 0.0900462962962962 0.11322916666666671
0 0.7377604166666667 0.17296875000000003 0.051620370370370414 0.059930555555555556
0 0.6922743055555556 0.18963541666666667 0.058391203703703806 0.07472222222222222
0 0.6695601851851851 0.22513888888888892 0.06799768518518512 0.07774305555555558
0 0.6747395833333334 0.2762847222222222 0.08848379629629619 0.11298611111111105
0 0.6321469907407408 0.20458333333333334 0.049421296296296366 0.06569444444444442
0 0.614988425925926 0.19126736111111112 0.03501157407407405 0.040555555555555546
0 0.5756655092592593 0.4923090277777778 0.1891203703703704 0.24618055555555554
0 0.4840856481481481 0.4298263888888889 0.12800925925925916 0.16340277777777779
0 0.4267361111111111 0.37720486111111107 0.08738425925925922 0.11586805555555557
0 0.42725694444444445 0.30519097222222225 0.05121527777777786 0.06749999999999998
0 0.4502604166666666 0.2824305555555555 0.04901620370370381 0.07326388888888893
0 0.37123842592592593 0.35866319444444444 0.07280092592592595 0.0998611111111111
0 0.32887731481481486 0.35326388888888893 0.055034722222222235 0.07267361111111104
0 0.32734375 0.5317361111111112 0.14461805555555554 0.18277777777777793
0 0.3525462962962963 0.6964583333333334 0.21678240740740745 0.2886458333333334
0 0.2955439814814815 0.4519618055555556 0.09131944444444447 0.10121527777777786
0 0.2557291666666667 0.3990104166666667 0.06799768518518512 0.0777430555555556
0 0.08978587962962963 0.4927604166666667 0.0453125 0.08947916666666664