0 0.8223090277777778 0.5174884259259259 0.14074074074074056 0.15987268518518521
0 0.8864583333333332 0.46376736111111116 0.08929398148148167 0.09331018518518519
0 0.9381655092592591 0.44373263888888886 0.07447916666666643 0.07648148148148141
0 0.9726996527777778 0.38296875 0.054600694444444285 0.06917824074074072
0 0.7366030092592593 0.3775636574074074 0.044618055555555536 0.04126157407407405
0 0.657349537037037 0.382818287037037 0.04959490740740744 0.054062500000000034
0 0.6241608796296296 0.3780902777777778 0.04149305555555553 0.04096064814814815
0 0.6113425925925926 0.40388888888888885 0.05381944444444429 0.05138888888888893
0 0.5561921296296296 0.4488194444444444 0.06435185185185191 0.060104166666666715
0 0.5749710648148147 0.38837384259259256 0.05289351851851851 0.04513888888888893
0 0.5839988425925926 0.320943287037037 0.039699074074074046 0.039247685185185156
0 0.4864293981481481 0.41116319444444444 0.06030092592592595 0.05355324074074073
0 0.3901909722222222 0.456880787037037 0.07829861111111107 0.08146990740740741
0 0.38318865740740743 0.39891782407407406 0.04641203703703702 0.04297453703703704
0 0.43590856481481477 0.38037037037037036 0.047106481481481485 0.047662037037036954
0 0.3422453703703704 0.3846354166666667 0.05289351851851851 0.04513888888888884
0 0.29270833333333335 0.4139699074074074 0.056944444444444464 0.05168981481481474
0 0.29074074074074074 0.37929398148148147 0.045486111111111074 0.03672453703703704
0 0.23561921296296298 0.4511631944444444 0.08385416666666663 0.07738425925925937
0 0.14262152777777776 0.5187557870370371 0.11753472222222223 0.11759259259259255
0 0.13816550925925924 0.43519097222222225 0.06956018518518521 0.07446759259259253
0 0.1838252314814815 0.41177662037037044 0.051620370370370414 0.05733796296296294
0 0.23891782407407408 0.3985474537037037 0.046643518518518515 0.04453703703703695
0 0.15497685185185187 0.40425347222222224 0.03414351851851851 0.043333333333333356
0 0.07829861111111111 0.4108449074074074 0.03778935185185186 0.05754629629629626