0 0.9355324074074074 0.38203125 0.12893518518518512 0.184375
0 0.9461950231481481 0.440625 0.10760995370370381 0.171875
0 0.9866898148148149 0.484375 0.02662037037037024 0.146875
0 0.9999131944444445 0.57734375 0.00017361111111107163 0.08125
0 0.9907407407407408 0.61875 0.018518518518518334 0.053125
0 0.976171875 0.5984375 0.04765625 0.0578125
0 0.9515914351851851 0.575 0.055439814814814525 0.0578125
0 0.9015335648148148 0.58515625 0.04733796296296298 0.0453125
0 0.8735532407407408 0.5703125 0.039525462962962624 0.0453125
0 0.8668113425925927 0.540625 0.05787037037037024 0.053125
0 0.8656828703703703 0.475 0.1272569444444443 0.13125
0 0.783130787037037 0.27109375 0.23229166666666679 0.2390625
0 0.6302083333333334 0.140625 0.25746527777777783 0.271875
0 0.5025752314814815 0.27578125 0.19502314814814808 0.1984375
0 0.5981481481481482 0.34609375 0.17679398148148148 0.1703125
0 0.6736111111111112 0.34921875 0.12164351851851851 0.125
0 0.6607060185185185 0.4203125 0.09780092592592596 0.090625
0 0.7326967592592593 0.46328125 0.08819444444444446 0.0890625
0 0.7873842592592593 0.5265625 0.0651041666666666 0.0703125
0 0.8247106481481481 0.51484375 0.060821759259259436 0.0625
0 0.8396122685185187 0.546875 0.042881944444444285 0.046875
0 0.8320023148148149 0.5640625 0.040393518518518336 0.040625
0 0.7358506944444445 0.53203125 0.035243055555555534 0.0375
0 0.7049189814814815 0.48671875 0.05543981481481488 0.0578125
0 0.6807581018518519 0.49765625 0.04265046296296297 0.0453125
0 0.6616030092592593 0.484375 0.050289351851851904 0.0546875
0 0.6106770833333334 0.45703125 0.05005787037037024 0.053125
0 0.5731770833333334 0.41484375 0.05787037037037024 0.053125
0 0.41420717592592593 0.28046875 0.13130787037037028 0.1375
0 0.30202546296296295 0.15078125 0.2325231481481481 0.240625
0 0.3091435185185185 0.29375 0.09155092592592595 0.090625
0 0.230150462962963 0.25625 0.1351273148148148 0.1421875
0 0.12557870370370372 0.21484375 0.08379629629629629 0.1015625
0 0.1228877314814815 0.2546875 0.05746527777777777 0.0609375
0 0.15260416666666668 0.30234375 0.05949074074074075 0.0640625
0 0.22734375 0.3375 0.03952546296296298 0.0453125
0 0.2898148148148148 0.33203125 0.05138888888888893 0.0515625
0 0.2687210648148148 0.353125 0.04849537037037042 0.053125
0 0.3297453703703704 0.36953125 0.040625 0.0421875
0 0.3721064814814815 0.36015625 0.0700231481481481 0.071875
0 0.36394675925925923 0.4 0.0421875 0.0421875
0 0.39618055555555554 0.4171875 0.03414351851851851 0.040625
0 0.3938078703703704 0.390625 0.03836805555555554 0.0375
0 0.4296875 0.3796875 0.05833333333333339 0.05625
0 0.4644965277777778 0.35625 0.07135416666666661 0.0703125
0 0.49453125 0.3796875 0.06799768518518512 0.06875
0 0.5156539351851852 0.42734375 0.04936342592592595 0.0484375
0 0.5618344907407408 0.44375 0.04241898148148149 0.04375
0 0.540306712962963 0.44609375 0.03478009259259256 0.034375
0 0.5572916666666667 0.47109375 0.03547453703703703 0.0390625
0 0.5799479166666667 0.47109375 0.03165509259259256 0.034375
0 0.5311342592592593 0.46328125 0.03611111111111107 0.0328125
0 0.5148148148148148 0.45859375 0.03298611111111107 0.0328125
0 0.4923900462962963 0.4390625 0.03321759259259256 0.034375
0 0.450318287037037 0.41875 0.04039351851851851 0.040625
0 0.45856481481481487 0.4375 0.03032407407407405 0.0359375
0 0.426099537037037 0.41875 0.03368055555555553 0.0375