0 0.115625 0.659375 0.0765625 0.09140625
0 0.1 0.9078125 0.175 0.18125
0 0.04296875 0.60546875 0.05390625 0.05625
0 0.01875 0.55078125 0.03125 0.05078125
0 0.14140625 0.6203125 0.0484375 0.0578125
0 0.134375 0.5703125 0.03828125 0.0453125
0 0.16171875 0.565625 0.03046875 0.04375
0 0.21875 0.56328125 0.02734375 0.0390625
0 0.2234375 0.61328125 0.0515625 0.0796875
0 0.2515625 0.59453125 0.0296875 0.05234375
0 0.29296875 0.58828125 0.0515625 0.059375
0 0.3046875 0.63046875 0.04921875 0.0703125
0 0.35859375 0.571875 0.03359375 0.0421875
0 0.34296875 0.51171875 0.028125 0.04921875
0 0.37578125 0.4828125 0.0234375 0.04609375
0 0.403125 0.69453125 0.08203125 0.1359375
0 0.453125 0.6 0.04296875 0.06484375
0 0.415625 0.57734375 0.0359375 0.06171875
0 0.5375 0.559375 0.0390625 0.06484375
0 0.54453125 0.60390625 0.0359375 0.06171875
0 0.56328125 0.665625 0.05859375 0.09296875
0 0.48671875 0.75546875 0.09375 0.15703125
0 0.615625 0.71875 0.090625 0.16328125
0 0.61328125 0.565625 0.04140625 0.0578125
0 0.5890625 0.55859375 0.0328125 0.0578125
0 0.678125 0.61953125 0.05703125 0.07578125
0 0.6875 0.57578125 0.03828125 0.059375
0 0.75546875 0.59296875 0.0453125 0.06484375
0 0.79140625 0.6625 0.0640625 0.09140625
0 0.8296875 0.5796875 0.03828125 0.0578125
0 0.8125 0.52421875 0.02734375 0.040625
0 0.89453125 0.61796875 0.0578125 0.07890625
0 0.875 0.56875 0.04296875 0.0453125
0 0.9296875 0.6046875 0.0453125 0.071875
0 0.96640625 0.58359375 0.04453125 0.065625
0 0.98671875 0.56171875 0.02421875 0.053125