0 0.6336516203703704 0.4196006944444445 0.05920138888888893 0.0786921296296296
0 0.5145833333333334 0.4416203703703704 0.046354166666666786 0.05917824074074076
0 0.47890625 0.4244386574074074 0.05017361111111107 0.054872685185185156
0 0.429369212962963 0.4521238425925926 0.05017361111111107 0.054872685185185156
0 0.3936921296296296 0.45635416666666667 0.045775462962962976 0.056053240740740765
0 0.3577546296296296 0.49625 0.07042824074074075 0.08114583333333343
0 0.34296875 0.4347743055555555 0.04265046296296297 0.055798611111111104
0 0.2339699074074074 0.5051967592592593 0.08923611111111115 0.09960648148148152
0 0.2521990740740741 0.44958333333333333 0.06417824074074074 0.08063657407407412
0 0.1982349537037037 0.41980902777777784 0.044502314814814835 0.05748842592592598
0 0.16837384259259258 0.4268923611111111 0.045486111111111116 0.05449074074074076
0 0.12233796296296295 0.5127546296296297 0.08026620370370367 0.09271990740740747
0 0.0775462962962963 0.4805555555555555 0.07170138888888891 0.07971064814814817
0 0.0035300925925925873 0.47892939814814817 0.0070601851851851746 0.0845254629629629
0 0.13544560185185187 0.4376909722222223 0.032928240740740744 0.036539351851851976
0 0.12213541666666665 0.4239178240740741 0.02853009259259256 0.0377199074074074