0 0.9798697916666667 0.8182986111111111 0.040260416666666646 0.09795138888888885
0 0.8861574074074074 0.7948263888888889 0.18321759259259274 0.23277777777777792
0 0.8125694444444445 0.7678125 0.06274305555555557 0.08718749999999993
0 0.7416608796296297 0.7768229166666666 0.13171296296296298 0.16034722222222228
0 0.6554976851851851 0.5490625 0.07753472222222228 0.10440972222222236
0 0.6171064814814815 0.7055902777777778 0.06274305555555557 0.08718749999999993
0 0.595 0.7351736111111111 0.09986111111111118 0.128125
0 0.5570775462962964 0.6781770833333333 0.045231481481481595 0.05479166666666657
0 0.5938599537037037 0.683767361111111 0.0391319444444445 0.05878472222222229
0 0.5251273148148148 0.7243402777777778 0.08421296296296302 0.10777777777777775
0 0.48217592592592595 0.6752430555555555 0.061030092592592664 0.08093749999999993
0 0.45189814814814816 0.6513888888888889 0.05833333333333339 0.08159722222222214
0 0.398900462962963 0.6260069444444444 0.04011574074074069 0.051875000000000074
0 0.2538078703703704 0.44309027777777776 0.18165509259259255 0.23232638888888885
0 0.3680034722222222 0.7127604166666666 0.23487268518518514 0.3110069444444445