0 0.19067708333333333 0.4219386574074074 0.054594907407407425 0.06081018518518522
0 0.21530671296296297 0.3947280092592592 0.060844907407407355 0.060995370370370415
0 0.26326967592592593 0.35280671296296295 0.09076388888888891 0.1241898148148148
0 0.3207349537037037 0.3394212962962963 0.1530671296296296 0.19924768518518512
0 0.3099363425925926 0.42853009259259256 0.04802083333333336 0.057499999999999975
0 0.3638773148148148 0.39655671296296297 0.060416666666666695 0.07188657407407409
0 0.47887731481481477 0.5193229166666666 0.041770833333333354 0.05731481481481478
0 0.49378472222222225 0.3755729166666667 0.09103009259259273 0.11173611111111104
0 0.5673842592592593 0.37183449074074076 0.07362268518518515 0.09408564814814815
0 0.6790335648148147 0.4292766203703704 0.035787037037037096 0.04467592592592595
0 0.7820717592592592 0.2541145833333333 0.4358564814814816 0.5082291666666666