0 0.03046875 0.60703125 0.0609375 0.1671875
0 0.06484375 0.48671875 0.05078125 0.09296875
0 0.015625 0.46015625 0.03046875 0.0734375
0 0.025 0.40703125 0.0328125 0.04921875
0 0.04765625 0.41953125 0.0234375 0.040625
0 0.06328125 0.41953125 0.02890625 0.0515625
0 0.0875 0.4546875 0.03828125 0.0734375
0 0.140625 0.4125 0.025 0.0546875
0 0.19921875 0.4875 0.0484375 0.10078125
0 0.18046875 0.4453125 0.0328125 0.06015625
0 0.1140625 0.378125 0.01796875 0.0296875
0 0.0734375 0.3703125 0.0125 0.01875
0 0.05625 0.37265625 0.0140625 0.02421875
0 0.040625 0.38515625 0.0125 0.021875
0 0.35390625 0.4359375 0.0328125 0.0734375
0 0.3796875 0.41640625 0.02734375 0.04609375
0 0.459375 0.4375 0.03046875 0.07109375
0 0.5078125 0.40703125 0.03046875 0.04921875
0 0.5640625 0.434375 0.03046875 0.0546875
0 0.6125 0.478125 0.0484375 0.0765625
0 0.6234375 0.425 0.034375 0.0515625
0 0.6875 0.4546875 0.04296875 0.07890625
0 0.67265625 0.41796875 0.02734375 0.04921875
0 0.69375 0.40546875 0.01953125 0.04609375
0 0.71875 0.4140625 0.021875 0.0515625
0 0.73671875 0.40546875 0.01796875 0.040625
0 0.76953125 0.44921875 0.034375 0.0625
0 0.83671875 0.42734375 0.03046875 0.0515625
0 0.88515625 0.41015625 0.0234375 0.0546875
0 0.93359375 0.4140625 0.02890625 0.04609375
0 0.6265625 0.3890625 0.025 0.03515625
0 0.603125 0.3828125 0.021875 0.0328125
0 0.57421875 0.38671875 0.0140625 0.0296875
0 0.4703125 0.38671875 0.01640625 0.0296875
0 0.42890625 0.41953125 0.02734375 0.04609375
0 0.4359375 0.3921875 0.01953125 0.0296875
0 0.453125 0.371875 0.0140625 0.021875
0 0.32734375 0.390625 0.01953125 0.03828125
0 0.309375 0.39453125 0.01640625 0.03515625
0 0.27421875 0.3796875 0.01796875 0.02734375
0 0.23828125 0.38671875 0.01796875 0.0296875
0 0.225 0.371875 0.01640625 0.02734375
0 0.203125 0.37421875 0.01640625 0.021875
0 0.16953125 0.371875 0.0140625 0.02734375