0 0.0953125 0.74765625 0.0625 0.090625
0 0.06640625 0.70546875 0.03984375 0.06015625
0 0.115625 0.6859375 0.03984375 0.06015625
0 0.13359375 0.70078125 0.0359375 0.05703125
0 0.15546875 0.7328125 0.053125 0.0734375
0 0.17109375 0.6703125 0.0359375 0.05
0 0.2140625 0.7109375 0.0375 0.05703125
0 0.2203125 0.67421875 0.0265625 0.04375
0 0.2375 0.65078125 0.0265625 0.04375
0 0.2453125 0.68359375 0.02890625 0.05
0 0.23671875 0.82421875 0.0953125 0.15703125
0 0.29453125 0.80078125 0.06015625 0.10390625
0 0.32578125 0.7671875 0.046875 0.0765625
0 0.27578125 0.6703125 0.0265625 0.05
0 0.296875 0.65234375 0.0203125 0.03359375
0 0.32109375 0.646875 0.02421875 0.03671875
0 0.371875 0.7109375 0.0375 0.05703125
0 0.3859375 0.69375 0.03359375 0.05703125
0 0.4125 0.66875 0.03359375 0.053125
0 0.42421875 0.640625 0.0265625 0.03671875
0 0.38359375 0.80625 0.08203125 0.146875
0 0.453125 0.80234375 0.0578125 0.140625
0 0.4765625 0.7171875 0.0375 0.06328125
0 0.46640625 0.6859375 0.03125 0.03984375
0 0.47109375 0.646875 0.021875 0.03671875
0 0.5203125 0.60234375 0.021875 0.03984375
0 0.51640625 0.64921875 0.0203125 0.03359375
0 0.55859375 0.65390625 0.02421875 0.04375
0 0.534375 0.6875 0.03359375 0.06328125
0 0.56640625 0.84140625 0.0890625 0.15078125
0 0.5796875 0.74921875 0.0625 0.09375
0 0.58984375 0.690625 0.03359375 0.05703125
0 0.63203125 0.73046875 0.03359375 0.05703125
0 0.6734375 0.740625 0.04921875 0.090625
0 0.71015625 0.79609375 0.06875 0.1203125
0 0.65234375 0.67421875 0.02421875 0.05
0 0.646875 0.64375 0.021875 0.03046875
0 0.6890625 0.6390625 0.0265625 0.03984375
0 0.70859375 0.65859375 0.0265625 0.046875
0 0.734375 0.6671875 0.03359375 0.05703125
0 0.7296875 0.63359375 0.02421875 0.03046875
0 0.7703125 0.6890625 0.046875 0.0734375
0 0.77578125 0.65078125 0.021875 0.04375
0 0.81015625 0.6640625 0.02890625 0.05
0 0.82421875 0.73046875 0.0359375 0.0703125
0 0.815625 0.87109375 0.09765625 0.15703125
0 0.91875 0.77578125 0.05546875 0.09375
0 0.90546875 0.7140625 0.0375 0.0703125
0 0.92421875 0.690625 0.04453125 0.0765625
0 0.85234375 0.65390625 0.03359375 0.05703125
0 0.9796875 0.690625 0.0359375 0.0703125