0 0.11796875 0.56484375 0.10546875 0.1984375
0 0.1390625 0.49609375 0.08125 0.13984375
0 0.2046875 0.4890625 0.053125 0.11640625
0 0.3546875 0.4828125 0.06015625 0.103125
0 0.328125 0.3203125 0.03515625 0.0578125
0 0.5328125 0.475 0.04921875 0.09296875
0 0.5734375 0.4484375 0.0421875 0.08203125
0 0.575 0.40703125 0.02109375 0.0421875
0 0.63046875 0.465625 0.0546875 0.1109375
0 0.62890625 0.41171875 0.040625 0.0609375
0 0.64765625 0.39453125 0.025 0.04765625
0 0.7078125 0.525 0.06875 0.12421875
0 0.73515625 0.41953125 0.03515625 0.06640625
0 0.7140625 0.4046875 0.03203125 0.06328125
0 0.80703125 0.42734375 0.03671875 0.0609375
0 0.7890625 0.421875 0.01953125 0.03984375
0 0.815625 0.57578125 0.1078125 0.209375
0 0.8859375 0.52890625 0.0828125 0.1484375
0 0.8671875 0.45 0.04375 0.06875
0 0.84921875 0.41640625 0.03359375 0.05
0 0.8921875 0.39921875 0.028125 0.0578125
0 0.934375 0.4125 0.03203125 0.0578125
0 0.98359375 0.34296875 0.0296875 0.0609375