0 0.9349074074074075 0.6916956018518519 0.07736111111111085 0.1442708333333332
0 0.8239467592592593 0.7547916666666665 0.08791666666666664 0.10825231481481482
0 0.8465624999999999 0.8643750000000001 0.06145833333333357 0.07716435185185162
0 0.7468402777777777 0.7865277777777777 0.051840277777777645 0.07136574074074069
0 0.727974537037037 0.7410590277777778 0.0763310185185185 0.09445601851851855
0 0.6984837962962963 0.779224537037037 0.047986111111111285 0.056932870370370384
0 0.6191550925925926 0.7022222222222222 0.06975694444444436 0.08746527777777775
0 0.5525752314814815 0.6825405092592592 0.0581712962962964 0.07366898148148149
0 0.5051851851851852 0.7020775462962963 0.05784722222222207 0.06741898148148148
0 0.5187962962962963 0.5456944444444444 0.1198726851851852 0.15552083333333327
0 0.4369618055555556 0.5776562500000001 0.08314814814814805 0.10613425925925916
0 0.37403356481481487 0.5481886574074074 0.06803240740740737 0.0841550925925926
0 0.4169907407407408 0.6444618055555555 0.05167824074074079 0.06824074074074069
0 0.3769328703703704 0.6287094907407408 0.04995370370370367 0.06493055555555553
0 0.2579918981481481 0.5273611111111111 0.07296296296296294 0.08939814814814824
0 0.22815393518518517 0.5419039351851852 0.05167824074074075 0.06824074074074069
0 0.18192708333333335 0.5238483796296296 0.049548611111111106 0.05711805555555553
0 0.14903356481481483 0.5215219907407407 0.03688657407407407 0.05251157407407412
0 0.10263310185185184 0.49165509259259255 0.04313657407407408 0.05325231481481474