0 0.13385416666666666 0.4765625 0.2229166666666667 0.3188425925925927
0 0.3121527777777778 0.5304513888888889 0.21863425925925933 0.31038194444444456
0 0.5252604166666666 0.5385011574074074 0.18009259259259275 0.2751273148148147
0 0.6548611111111111 0.54796875 0.15891203703703702 0.2343865740740741
0 0.6811631944444445 0.6311111111111111 0.1046875 0.14438657407407404
0 0.8021701388888889 0.6014699074074075 0.12893518518518512 0.21605324074074073
0 0.4033275462962963 0.6766203703703704 0.1361689814814815 0.19332175925925926
0 0.46296296296296297 0.6778819444444444 0.0934606481481481 0.12994212962962964
0 0.26675347222222223 0.7193344907407407 0.11724537037037042 0.1575925925925926
0 0.1919849537037037 0.6924363425925926 0.1053240740740741 0.138460648148148
0 0.09644097222222221 0.7137673611111112 0.11302083333333335 0.15974537037037032
0 0.0458912037037037 0.6122222222222222 0.0917824074074074 0.17359953703703718
0 0.035445601851851846 0.7110011574074073 0.07089120370370369 0.10957175925925924