0 0.9067013888888888 0.6269270833333334 0.04503472222222236 0.052881944444444426
0 0.785625 0.6158159722222223 0.04972222222222218 0.05343750000000007
0 0.6645486111111112 0.6047048611111111 0.04756944444444429 0.05931712962962958
0 0.5623437499999999 0.5921527777777778 0.05190972222222214 0.06750000000000007
0 0.45666666666666667 0.58796875 0.04902777777777771 0.06869212962962959
0 0.3593923611111111 0.5764236111111112 0.05840277777777771 0.0698032407407407
0 0.22006944444444443 0.4735879629629629 0.05444444444444443 0.07393518518518505
0 0.26838541666666665 0.7535011574074074 0.07114583333333328 0.07284722222222229
0 0.2809375 0.7830439814814815 0.05611111111111118 0.06493055555555571
0 0.31317708333333333 0.7959317129629631 0.07104166666666671 0.08203703703703695
0 0.3596701388888889 0.8492997685185186 0.07645833333333334 0.08728009259259259
0 0.42390624999999993 0.8735127314814815 0.12170138888888889 0.12178240740740734
0 0.37899305555555557 0.7586921296296296 0.05947916666666666 0.06686342592592602
0 0.5220486111111111 0.7934548611111112 0.061527777777777716 0.070173611111111
0 0.5626909722222223 0.7989814814814815 0.06694444444444443 0.07541666666666665
0 0.6014409722222223 0.7872280092592593 0.0625 0.076423611111111
0 0.6064236111111111 0.8550636574074074 0.08055555555555571 0.09390046296296291
0 0.5443749999999999 0.8807175925925925 0.09499999999999993 0.10788194444444414
0 0.7071180555555555 0.8630208333333332 0.09774305555555554 0.09593750000000015
0 0.6769270833333334 0.8172685185185184 0.06996527777777786 0.0849768518518517
0 0.6853993055555556 0.7796643518518518 0.06454861111111114 0.07973379629629633
0 0.7200868055555556 0.7827141203703704 0.07947916666666668 0.09684027777777793
0 0.7645138888888889 0.7869965277777778 0.05888888888888886 0.0729282407407407
0 0.7972743055555556 0.8236921296296297 0.07357638888888882 0.08847222222222229
0 0.8637499999999999 0.8571875 0.10548611111111086 0.12599537037037045
0 0.859513888888889 0.8043807870370371 0.07093750000000014 0.09122685185185198
0 0.9223437499999999 0.8144386574074074 0.07767361111111129 0.09509259259259259
0 0.9522916666666668 0.7870196759259259 0.073576388888889 0.0884722222222221
0 0.9772569444444444 0.8760069444444444 0.045486111111111074 0.05687500000000014
0 0.9987065972222222 0.8189814814814815 0.0025868055555555713 0.1032754629629629
0 0.9806770833333334 0.8536689814814814 0.03864583333333336 0.09371527777777758