0 0.987109375 0.47096643518518516 0.02578125 0.1488773148148148
0 0.9770399305555555 0.5159548611111111 0.04592013888888893 0.10179398148148149
0 0.9931712962962962 0.5955902777777778 0.013657407407407618 0.08561342592592602
0 0.8847222222222222 0.5425694444444444 0.08258101851851833 0.10822916666666664
0 0.9036458333333334 0.5596527777777778 0.08454861111111107 0.10997685185185198
0 0.8647280092592592 0.3846932870370371 0.21197916666666652 0.2568402777777778
0 0.7945601851851851 0.4960821759259259 0.1271412037037038 0.15743055555555543
0 0.7080729166666666 0.5538425925925926 0.08333333333333322 0.10528935185185198
0 0.6227430555555555 0.4794039351851852 0.11684027777777786 0.1410648148148148
0 0.5697916666666666 0.5484895833333334 0.09120370370370381 0.1122800925925926
0 0.4662037037037036 0.7483912037037037 0.07511574074074083 0.10280092592592602
0 0.315943287037037 0.6502430555555556 0.14965277777777777 0.18584490740740733