0 0.0066493055555555515 0.7182291666666667 0.013298611111111103 0.06606481481481481
0 0.02784143518518518 0.7027256944444444 0.053900462962962956 0.051747685185185334
0 0.07186921296296296 0.7111053240740741 0.06670138888888891 0.06501157407407412
0 0.1283449074074074 0.7061226851851853 0.05631944444444446 0.05500000000000007
0 0.18476851851851853 0.6867592592592592 0.05206018518518514 0.0561805555555555
0 0.21390046296296297 0.6795486111111112 0.05888888888888886 0.06437500000000007
0 0.24359953703703704 0.6731828703703704 0.04921296296296296 0.05136574074074076
0 0.27678819444444447 0.6599131944444444 0.05760416666666668 0.059687500000000074
0 0.37605324074074076 0.6328587962962964 0.07168981481481476 0.07763888888888885
0 0.4462037037037037 0.6537499999999999 0.05873842592592595 0.05825231481481481
0 0.4605671296296297 0.6421412037037036 0.0496412037037036 0.05292824074074076
0 0.5150520833333333 0.63859375 0.054479166666666676 0.059432870370370414
0 0.562025462962963 0.6216550925925926 0.05604166666666668 0.059560185185185154
0 0.6016666666666667 0.6168981481481481 0.07012731481481485 0.07751157407407412
0 0.6238425925925926 0.605925925925926 0.0544791666666665 0.059432870370370414
0 0.6492708333333332 0.606400462962963 0.04565972222222214 0.049548611111111106
0 0.7018518518518518 0.5923148148148148 0.054479166666666676 0.059432870370370414
0 0.7648148148148148 0.5694907407407408 0.06841435185185177 0.07126157407407412
0 0.8502835648148149 0.5548900462962962 0.054479166666666856 0.059432870370370414