0 0.4373321759259259 0.17550347222222223 0.04887731481481481 0.0818402777777778
0 0.5562268518518518 0.45170138888888883 0.05076388888888879 0.08854166666666678
0 0.5710532407407408 0.4869097222222222 0.06638888888888879 0.09305555555555553
0 0.62859375 0.5241493055555555 0.05660879629629641 0.08253472222222236
0 0.6662673611111111 0.5469270833333333 0.05849537037037038 0.08923611111111107
0 0.7348263888888888 0.5857638888888889 0.06350694444444435 0.09684027777777775
0 0.8075868055555555 0.6353298611111111 0.06234953703703709 0.10420138888888886
0 0.8474421296296295 0.6619097222222222 0.07212962962962947 0.11472222222222221
0 0.9163310185185185 0.7555555555555555 0.08692129629629619 0.13284722222222206
0 0.8369212962962962 0.8801041666666667 0.14714120370370373 0.22565972222222222
0 0.6524305555555555 0.7831944444444444 0.13046296296296306 0.20083333333333328
0 0.5305729166666666 0.8241145833333332 0.16077546296296302 0.25114583333333335
0 0.29344328703703704 0.8095312499999998 0.1970138888888889 0.2970138888888889
0 0.12577546296296296 0.6175694444444444 0.16096064814814817 0.22503472222222207
0 0.11170138888888888 0.491388888888889 0.12356481481481482 0.18652777777777776
0 0.05005787037037037 0.45555555555555555 0.10011574074074074 0.18874999999999997