0 0.2624826388888889 0.6506770833333333 0.21989583333333335 0.250300925925926
0 0.22413194444444445 0.5240104166666667 0.1433680555555556 0.16174768518518512
0 0.4202430555555555 0.5539293981481481 0.19628472222222224 0.2083217592592593
0 0.3632465277777778 0.4483680555555555 0.1244097222222222 0.12666666666666662
0 0.4249305555555555 0.40520254629629626 0.11423611111111112 0.1275231481481482
0 0.5442013888888889 0.4297164351851851 0.16281250000000008 0.1806134259259259
0 0.60765625 0.3467824074074074 0.13947916666666665 0.15797453703703698
0 0.49470486111111106 0.3447627314814815 0.10725694444444436 0.11717592592592592
0 0.433125 0.3312673611111111 0.0994791666666666 0.10962962962962966
0 0.5137673611111111 0.2817071759259259 0.0578819444444445 0.06688657407407402
0 0.5506597222222223 0.2412210648148148 0.05166666666666657 0.059664351851851816
0 0.6035243055555556 0.2425694444444444 0.05906249999999993 0.06564814814814816
0 0.7096875 0.3108449074074074 0.10371527777777771 0.12089120370370372
0 0.7541666666666667 0.27453125 0.09826388888888893 0.11679398148148153
0 0.6938020833333333 0.21563657407407408 0.07847222222222214 0.09043981481481482
0 0.7215972222222222 0.19837962962962963 0.050868055555555715 0.06246527777777775
0 0.6434374999999999 0.2211574074074074 0.048576388888889 0.05309027777777775
0 0.6614236111111111 0.21414351851851848 0.03649305555555564 0.04613425925925929
0 0.2636631944444444 0.42715856481481485 0.0796180555555556 0.0951273148148147
0 0.30744791666666665 0.41151041666666666 0.10527777777777772 0.12121527777777778
0 0.3608854166666667 0.3782638888888889 0.08937499999999998 0.09863425925925924
0 0.39770833333333333 0.2401099537037037 0.07381944444444448 0.08354166666666663
0 0.36296874999999995 0.3162673611111111 0.03961805555555555 0.046782407407407335
0 0.3397569444444445 0.31533564814814813 0.04076388888888882 0.05146990740740742
0 0.3250868055555555 0.3224826388888889 0.038437500000000034 0.04802083333333336
0 0.30666666666666664 0.33779513888888885 0.04934027777777779 0.05621527777777775
0 0.2787847222222222 0.3345486111111111 0.03534722222222229 0.041446759259259294
0 0.25732638888888887 0.3340740740740741 0.036527777777777715 0.04020833333333336
0 0.24494791666666665 0.3505960648148148 0.04701388888888882 0.05276620370370368
0 0.23835069444444446 0.38069444444444445 0.06996527777777777 0.07384259259259256
0 0.17420138888888886 0.3365393518518519 0.05479166666666666 0.06031250000000003
0 0.20597222222222222 0.34226273148148145 0.02798611111111109 0.029537037037037094
0 0.17975694444444443 0.46672453703703703 0.10763888888888888 0.11873842592592591
0 0.1004861111111111 0.3674247685185185 0.0313888888888889 0.04952546296296294
0 0.16517361111111112 0.42049768518518515 0.07423611111111113 0.07917824074074073
0 0.1512673611111111 0.39383101851851854 0.05986111111111114 0.06284722222222223
0 0.77546875 0.1937731481481481 0.059826388888888894 0.06877314814814817
0 0.7534027777777779 0.16059027777777776 0.04468749999999986 0.04931712962962962
0 0.8083680555555557 0.1705324074074074 0.07149305555555552 0.08009259259259256
0 0.8402083333333333 0.16310763888888888 0.06291666666666665 0.07534722222222223
0 0.8584375000000002 0.14701388888888886 0.057847222222222425 0.07281249999999999
0 0.8782465277777778 0.12730902777777775 0.04541666666666657 0.05836805555555556
0 0.8902083333333334 0.11579861111111109 0.04194444444444443 0.05023148148148149
0 0.904513888888889 0.1038020833333333 0.04854166666666657 0.059016203703703696
0 0.9258333333333333 0.09363425925925925 0.03923611111111107 0.0452199074074074
0 0.9442187499999999 0.08489583333333331 0.03416666666666686 0.0426851851851852
0 0.9529340277777777 0.060104166666666646 0.03031250000000014 0.03298611111111112
0 0.46227430555555554 0.27925347222222224 0.05399305555555554 0.06311342592592588
0 0.4761805555555556 0.2689814814814815 0.042708333333333216 0.05335648148148149
0 0.5389409722222223 0.16977430555555556 0.03496527777777771 0.039884259259259244
0 0.5265277777777777 0.1928703703703704 0.024479166666666784 0.027326388888888876
0 0.4846006944444444 0.18925347222222222 0.029131944444444537 0.03422453703703705