0 0.8436516203703703 0.4611979166666666 0.21730324074074084 0.37418981481481484
0 0.9487384259259258 0.6608506944444444 0.08474537037037067 0.24369212962962977
0 0.910167824074074 0.8201099537037037 0.060543981481481525 0.10717592592592595
0 0.9425173611111111 0.8442418981481481 0.040868055555555574 0.07106481481481453
0 0.7505034722222221 0.7354166666666666 0.06049768518518519 0.10561342592592596
0 0.7938657407407408 0.8395543981481481 0.04063657407407408 0.06325231481481453
0 0.6092361111111112 0.694068287037037 0.07842592592592582 0.13506944444444446
0 0.7178993055555555 0.8261574074074073 0.03760416666666657 0.06556712962962967
0 0.6563715277777777 0.7771412037037037 0.04054398148148142 0.06012731481481488
0 0.5910243055555556 0.7507523148148147 0.05061342592592588 0.08599537037037042
0 0.4753530092592593 0.7223379629629629 0.05718750000000004 0.09855324074074083
0 0.3525405092592592 0.669241898148148 0.05539351851851855 0.0903356481481481
0 0.271875 0.7081597222222222 0.02988425925925924 0.06666666666666661
0 0.16660300925925925 0.6210358796296296 0.05553240740740741 0.09502314814814809