0 0.8852662037037037 0.6400752314814815 0.10734953703703702 0.15324074074074084
0 0.7487037037037038 0.723929398148148 0.15456018518518527 0.2021412037037038
0 0.696255787037037 0.6382233796296296 0.13707175925925927 0.19392361111111106
0 0.6446990740740741 0.6952835648148148 0.11591435185185191 0.16336805555555553
0 0.689849537037037 0.4882523148148148 0.09148148148148146 0.13032407407407404
0 0.6315856481481481 0.06678240740740739 0.08009259259259256 0.12239583333333333
0 0.5932986111111112 0.5787326388888889 0.10548611111111121 0.14965277777777786
0 0.5428819444444445 0.7310763888888889 0.13944444444444457 0.18703703703703703
0 0.5201215277777778 0.5280960648148147 0.11047453703703702 0.15416666666666662
0 0.5538831018518519 0.42809606481481477 0.08493055555555565 0.12534722222222233
0 0.36851273148148145 0.67265625 0.14467592592592596 0.20983796296296298
0 0.4232175925925926 0.6733217592592593 0.13983796296296305 0.20688657407407404
0 0.4092476851851852 0.5866608796296295 0.08820601851851854 0.1278356481481481
0 0.36474537037037036 0.5918113425925926 0.11420138888888882 0.16134259259259273
0 0.3666724537037037 0.5116898148148148 0.09707175925925923 0.14108796296296297
0 0.43015625 0.4366319444444445 0.08976851851851855 0.12829861111111113
0 0.31439236111111113 0.44441550925925927 0.10332175925925924 0.14293981481481488
0 0.2516724537037037 0.6108506944444445 0.1516203703703704 0.23466435185185192
0 0.17952546296296296 0.6209780092592593 0.11928240740740739 0.18258101851851852
0 0.2505729166666667 0.48260995370370374 0.09535879629629633 0.1390625
0 0.20664930555555552 0.43535879629629626 0.09178240740740742 0.13344907407407405
0 0.11399305555555554 0.6580729166666666 0.11965277777777779 0.24947916666666678
0 0.12961805555555556 0.4364872685185185 0.07807870370370368 0.11724537037037042
0 0.09221643518518519 0.3985532407407407 0.07374999999999998 0.10381944444444446