0 0.08933449074074074 0.6269328703703704 0.07560185185185184 0.1191898148148148
0 0.25545717592592593 0.7227777777777777 0.027500000000000035 0.043483796296296263
0 0.27833912037037034 0.7146180555555556 0.03255787037037035 0.049976851851851835
0 0.27049768518518513 0.7531539351851851 0.0358680555555555 0.053263888888889
0 0.31765046296296295 0.7602719907407407 0.039733796296296295 0.06592592592592598
0 0.37457754629629625 0.7351851851851852 0.05453703703703701 0.07915509259259253
0 0.402181712962963 0.701568287037037 0.040289351851851805 0.075300925925926
0 0.42092592592592587 0.6892997685185185 0.03127314814814817 0.05458333333333343
0 0.4519155092592593 0.7259548611111111 0.04718750000000007 0.08656250000000014
0 0.4814409722222222 0.6721874999999999 0.03302083333333332 0.057789351851851835
0 0.5056076388888888 0.6594212962962963 0.02980324074074083 0.056064814814814665
0 0.5680787037037037 0.7016030092592593 0.05104166666666661 0.07274305555555553
0 0.5958622685185185 0.6578703703703704 0.041018518518518475 0.06131944444444457
0 0.6794212962962962 0.6879050925925926 0.07247685185185197 0.11902777777777765
0 0.6902372685185185 0.6207060185185185 0.04166666666666678 0.07225694444444457
0 0.8268692129629629 0.7446180555555555 0.07993055555555557 0.13966435185185197
0 0.8355208333333334 0.6671817129629629 0.06070601851851833 0.1043981481481481
0 0.9798234953703704 0.6263483796296296 0.04035300925925931 0.11886574074074066
0 0.6649305555555556 0.6536631944444444 0.0451620370370371 0.07866898148148138