0 0.6473958333333333 0.5072222222222222 0.17408564814814814 0.22545138888888888
0 0.5331944444444444 0.6126388888888888 0.14814814814814808 0.1827430555555555
0 0.434693287037037 0.43991319444444443 0.18723379629629627 0.23666666666666672
0 0.27890625 0.42862847222222217 0.1854861111111111 0.23350694444444448
0 0.08527777777777777 0.35626736111111107 0.1453935185185185 0.18892361111111108
0 0.10605324074074074 0.45451388888888894 0.10842592592592593 0.1444097222222222
0 0.1938599537037037 0.4908854166666667 0.1286458333333333 0.1432986111111111
0 0.18061342592592594 0.6220138888888889 0.11357638888888891 0.15232638888888878
0 0.1087789351851852 0.6329340277777777 0.08239583333333335 0.10013888888888882
0 0.12755208333333332 0.685763888888889 0.09416666666666665 0.11444444444444457
0 0.040144675925925924 0.6851909722222222 0.08028935185185185 0.1238888888888889
0 0.22969907407407408 0.7177604166666667 0.08460648148148149 0.11111111111111108
0 0.29792824074074076 0.5432638888888889 0.11670138888888885 0.15239583333333329
0 0.3255902777777778 0.6573090277777778 0.10309027777777775 0.13336805555555564
0 0.3538252314814815 0.7220833333333333 0.08359953703703696 0.120451388888889
0 0.4295196759259259 0.71203125 0.09766203703703699 0.12076388888888889
0 0.46046296296296296 0.78390625 0.07724537037037038 0.09222222222222225
0 0.516875 0.7296180555555555 0.09950231481481478 0.12548611111111113
0 0.5512152777777779 0.8101736111111112 0.10565972222222228 0.12406250000000005
0 0.6930960648148148 0.6732986111111111 0.12929398148148152 0.1542361111111111
0 0.6543576388888889 0.7725694444444444 0.0955439814814815 0.11135416666666664
0 0.8065451388888889 0.7125868055555555 0.15229166666666671 0.2
0 0.7477314814814815 0.7942013888888889 0.09903935185185198 0.11767361111111115
0 0.6756886574074074 0.8614409722222224 0.09766203703703695 0.12076388888888871
0 0.40402199074074074 0.5878645833333334 0.1286458333333334 0.1432986111111111
0 0.7968113425925927 0.9032465277777778 0.11393518518518526 0.1320486111111112