0 0.9545283564814815 0.5007696759259259 0.09094328703703702 0.13329861111111113
0 0.9910590277777779 0.5806886574074074 0.017881944444444287 0.0967245370370371
0 0.8875868055555557 0.5831134259259259 0.09849537037037023 0.11766203703703706
0 0.9065104166666668 0.6296122685185186 0.08761574074074048 0.09616898148148145
0 0.9564525462962962 0.697818287037037 0.06493055555555571 0.08247685185185176
0 0.8266203703703703 0.7317766203703704 0.06603009259259247 0.076423611111111
0 0.7633969907407407 0.7454861111111111 0.05821759259259256 0.0754398148148148
0 0.7819444444444444 0.6719733796296297 0.07008101851851833 0.08931712962962965
0 0.7363715277777778 0.6105092592592593 0.10040509259259256 0.12254629629629629
0 0.7438368055555555 0.4605266203703703 0.13657407407407404 0.17199074074074078
0 0.7034722222222223 0.6783449074074074 0.07129629629629637 0.0848263888888889
0 0.6122685185185185 0.6591203703703703 0.0799189814814815 0.09674768518518526
0 0.6352430555555555 0.7185127314814814 0.05954861111111107 0.07251157407407405
0 0.6032118055555555 0.5473032407407408 0.11666666666666678 0.15400462962962963
0 0.47971643518518514 0.5518750000000001 0.11886574074074083 0.1418981481481481
0 0.3758680555555555 0.35149884259259256 0.19780092592592596 0.24626157407407404
0 0.21825810185185185 0.5119849537037038 0.16498842592592594 0.20033564814814825
0 0.38061342592592595 0.6663252314814814 0.09056712962962958 0.11511574074074069
0 0.3126157407407407 0.6887210648148148 0.08697916666666669 0.10847222222222222
0 0.2650173611111111 0.6835011574074075 0.07077546296296297 0.09869212962962966
0 0.34204282407407405 0.7411863425925926 0.06087962962962958 0.06958333333333329
0 0.3519965277777778 0.7710763888888889 0.04803240740740744 0.0633217592592592
0 0.31591435185185185 0.7750462962962963 0.06001157407407405 0.07876157407407405
0 0.44048032407407406 0.7744791666666666 0.04994212962962976 0.06820601851851862
0 0.46704282407407405 0.7569270833333334 0.05630787037037024 0.07055555555555557
0 0.4844907407407407 0.7103645833333333 0.06782407407407405 0.07974537037037024
0 0.5197627314814814 0.7372511574074074 0.05295138888888893 0.06703703703703709
0 0.5491898148148149 0.7061284722222222 0.07332175925925917 0.09127314814814813
0 0.2070601851851852 0.7683043981481481 0.07152777777777777 0.0879513888888889
0 0.1759548611111111 0.7767708333333333 0.06527777777777777 0.08716435185185176