0 0.03171875 0.39319444444444446 0.0634375 0.08850694444444436
0 0.13516782407407407 0.2884895833333333 0.07214120370370372 0.08211805555555554
0 0.11203124999999999 0.2820486111111111 0.053379629629629645 0.06809027777777779
0 0.08556712962962962 0.28362847222222226 0.061979166666666655 0.07503472222222225
0 0.14977430555555554 0.22770833333333335 0.09129629629629629 0.09927083333333331
0 0.20684027777777775 0.18555555555555553 0.10537037037037038 0.11288194444444444
0 0.28599537037037037 0.12135416666666668 0.159525462962963 0.17486111111111113
0 0.3246585648148148 0.04185763888888889 0.20380787037037038 0.08371527777777778
0 0.6054513888888889 0.08939236111111111 0.19296296296296306 0.17878472222222222
0 0.41577546296296297 0.21951388888888887 0.14037037037037034 0.15770833333333334
0 0.331099537037037 0.23553819444444443 0.10967592592592598 0.12253472222222221
0 0.27131944444444445 0.2563020833333333 0.0813310185185185 0.09375
0 0.23320023148148147 0.29522569444444446 0.06314814814814813 0.07204861111111108
0 0.1993923611111111 0.31831597222222224 0.06706018518518517 0.07857638888888889
0 0.19115162037037034 0.35921875000000003 0.05024305555555557 0.055451388888888876
0 0.23157407407407407 0.36335069444444446 0.04320601851851853 0.04864583333333332
0 0.24926504629629634 0.34555555555555556 0.045358796296296335 0.05347222222222214
0 0.2766087962962963 0.343125 0.0651041666666667 0.07531249999999998
0 0.32795717592592594 0.35864583333333333 0.07468750000000002 0.09006944444444445
0 0.39375578703703706 0.3759722222222222 0.06471064814814813 0.07218750000000007
0 0.45118055555555553 0.3677777777777778 0.06921296296296298 0.08340277777777771
0 0.40756944444444443 0.43190972222222224 0.04887731481481481 0.05687499999999997
0 0.46285300925925926 0.41618055555555555 0.06314814814814813 0.07204861111111108
0 0.5005960648148149 0.3618402777777778 0.08034722222222221 0.0859375
0 0.5144212962962962 0.4054166666666667 0.057673611111111 0.06538194444444442
0 0.5035416666666667 0.4488715277777778 0.04770833333333328 0.05986111111111114
0 0.5732638888888888 0.44730902777777787 0.0645138888888889 0.07062500000000008
0 0.5982060185185185 0.4026041666666667 0.06646990740740737 0.07388888888888889
0 0.6008738425925926 0.3691493055555556 0.08797453703703706 0.09743055555555555
0 0.7671006944444445 0.3373784722222222 0.12648148148148158 0.13329861111111113
0 0.7036574074074073 0.4117708333333333 0.09188657407407401 0.10395833333333333
0 0.673917824074074 0.4700347222222222 0.057673611111111 0.06538194444444442
0 0.6566087962962963 0.49706597222222226 0.04731481481481481 0.05673611111111114
0 0.6231423611111111 0.4683680555555556 0.05024305555555557 0.055451388888888786
0 0.6009606481481481 0.4850173611111111 0.03792824074074073 0.04354166666666668
0 0.60265625 0.4470138888888888 0.039293981481481485 0.0421180555555555
0 0.6998726851851852 0.4909027777777778 0.047511574074074046 0.05829861111111114
0 0.6770023148148148 0.5130208333333334 0.03656249999999996 0.044965277777777854
0 0.7342708333333333 0.46312499999999995 0.056504629629629655 0.06836805555555543
0 0.7363020833333334 0.4838020833333333 0.05063657407407405 0.05857638888888879
0 0.7461284722222222 0.5223263888888889 0.05122685185185176 0.06326388888888879
0 0.7719155092592592 0.5138541666666667 0.05435185185185176 0.06354166666666679
0 0.8173495370370369 0.4843229166666667 0.06021990740740755 0.07333333333333343
0 0.8106712962962963 0.5250868055555555 0.05200231481481481 0.05715277777777779
0 0.8590104166666667 0.5215625 0.05826388888888871 0.07006944444444443
0 0.8599363425925926 0.47126736111111106 0.07233796296296298 0.08368055555555572
0 0.8760069444444444 0.4111284722222222 0.10831018518518505 0.12395833333333339