0 0.9744270833333333 0.6455902777777778 0.051145833333333356 0.07388888888888889
0 0.984236111111111 0.6227951388888889 0.031527777777778 0.06739583333333332
0 0.9339525462962962 0.6552951388888889 0.07682870370370373 0.09180555555555543
0 0.8895659722222223 0.7802256944444445 0.16459490740740748 0.18531249999999985
0 0.7843923611111111 0.6666840277777778 0.15570601851851845 0.17940972222222235
0 0.8474479166666666 0.6132118055555555 0.0931712962962962 0.09736111111111115
0 0.7869791666666667 0.563125 0.04081018518518516 0.0530555555555555
0 0.7665625 0.5463888888888888 0.05077546296296305 0.06364583333333336
0 0.7458796296296296 0.5514583333333334 0.04657407407407401 0.05847222222222222
0 0.7169097222222223 0.5499652777777777 0.060509259259259277 0.06666666666666679
0 0.6843634259259259 0.5230555555555556 0.04657407407407419 0.05847222222222222
0 0.6553819444444444 0.5313541666666667 0.06770833333333322 0.07833333333333332
0 0.6682291666666667 0.44295138888888885 0.04093750000000007 0.04704861111111107
0 0.6029340277777777 0.5096354166666666 0.05702546296296305 0.06461805555555564
0 0.5795949074074074 0.4736111111111111 0.03937500000000007 0.0468055555555555
0 0.5443981481481481 0.4515625 0.03673611111111121 0.041874999999999926
0 0.5546643518518518 0.6143750000000001 0.21957175925925937 0.25413194444444437
0 0.4171006944444445 0.49428819444444444 0.08366898148148146 0.10190972222222214
0 0.45530092592592586 0.46708333333333335 0.05162037037037024 0.06076388888888893
0 0.4864699074074075 0.4387847222222222 0.04093750000000007 0.04704861111111107
0 0.43357638888888894 0.4380902777777778 0.04214120370370367 0.04572916666666664
0 0.4131076388888889 0.4145659722222222 0.048981481481481425 0.05583333333333336
0 0.3588483796296297 0.34887152777777775 0.039016203703703664 0.0452430555555555
0 0.3400636574074074 0.47703125 0.09086805555555558 0.11357638888888885
0 0.3669907407407408 0.42697916666666663 0.05282407407407401 0.0594444444444445
0 0.34303819444444444 0.40140624999999996 0.03517361111111113 0.0416319444444444
0 0.3207523148148148 0.38965277777777774 0.03432870370370367 0.044513888888888874
0 0.2963425925925926 0.39489583333333333 0.043807870370370414 0.05954861111111107
0 0.25938078703703704 0.39140625 0.04009259259259261 0.0499305555555555
0 0.2325115740740741 0.39249999999999996 0.06494212962962961 0.07940972222222217
0 0.19322916666666667 0.36906249999999996 0.05810185185185186 0.06930555555555565
0 0.16567129629629632 0.39340277777777777 0.07767361111111115 0.08892361111111118
0 0.2403472222222222 0.4758333333333333 0.10060185185185189 0.11659722222222228
0 0.11847222222222223 0.3551736111111111 0.05653935185185186 0.06906249999999999
0 0.16050347222222222 0.34137152777777774 0.040451388888888884 0.0514930555555555