0 0.05703125 0.2421875 0.04609375 0.1
0 0.084375 0.50390625 0.05625 0.10390625
0 0.1671875 0.465625 0.05 0.1078125
0 0.1421875 0.2921875 0.04375 0.08828125
0 0.1671875 0.1421875 0.034375 0.0921875
0 0.22109375 0.2421875 0.0421875 0.1078125
0 0.25703125 0.23828125 0.034375 0.0921875
0 0.26171875 0.16171875 0.0359375 0.084375
0 0.3140625 0.1421875 0.03203125 0.07578125
0 0.31015625 0.26796875 0.03984375 0.071875
0 0.228125 0.4296875 0.04375 0.1078125
0 0.2921875 0.4703125 0.05234375 0.1078125
0 0.37265625 0.25625 0.03828125 0.09609375
0 0.35 0.42421875 0.04765625 0.10390625
0 0.4140625 0.47578125 0.04765625 0.1203125
0 0.43671875 0.5421875 0.065625 0.171875
0 0.4921875 0.45234375 0.04375 0.11171875
0 0.40703125 0.2359375 0.0296875 0.09609375
0 0.38125 0.128125 0.0296875 0.0796875
0 0.42734375 0.13203125 0.02578125 0.071875
0 0.459375 0.12578125 0.0296875 0.07578125
0 0.4453125 0.234375 0.03828125 0.0921875
0 0.4921875 0.215625 0.03203125 0.071875
0 0.5109375 0.128125 0.034375 0.0796875
0 0.525 0.2640625 0.03828125 0.08828125
0 0.56171875 0.27421875 0.03203125 0.0921875
0 0.575 0.38984375 0.05 0.115625
0 0.54921875 0.5359375 0.065625 0.15234375
0 0.6578125 0.4921875 0.06015625 0.14375
0 0.6140625 0.24609375 0.0359375 0.1
0 0.5640625 0.15234375 0.0359375 0.08828125
0 0.59921875 0.13203125 0.03828125 0.0796875
0 0.6421875 0.13984375 0.028125 0.071875
0 0.6859375 0.2 0.0359375 0.08828125
0 0.71328125 0.3640625 0.0421875 0.08828125
0 0.75703125 0.2203125 0.03828125 0.08828125
0 0.75625 0.465625 0.05625 0.14765625
0 0.82109375 0.42421875 0.05 0.10390625
0 0.871875 0.3859375 0.0359375 0.1
0 0.928125 0.42578125 0.04375 0.115625
0 0.86015625 0.25625 0.04375 0.10390625