0 0.2615798611111111 0.4464236111111111 0.08843750000000003 0.14128472222222221
0 0.3391840277777778 0.24364583333333334 0.1365972222222222 0.21340277777777777
0 0.289375 0.2745486111111111 0.08986111111111103 0.13843750000000005
0 0.5105902777777779 0.25569444444444445 0.09920138888888878 0.17420138888888886
0 0.5399479166666666 0.29614583333333333 0.06190972222222228 0.10246527777777778
0 0.5941666666666666 0.29359375 0.07100694444444447 0.09788194444444445
0 0.6686458333333334 0.2685416666666667 0.08041666666666672 0.1352083333333333
0 0.7104340277777779 0.2697743055555556 0.09090277777777764 0.16187500000000002
0 0.7755555555555556 0.26449652777777777 0.14510416666666667 0.23041666666666671
0 0.8837847222222223 0.29013888888888884 0.09392361111111107 0.1252083333333333
0 0.953263888888889 0.29432291666666666 0.05892361111111129 0.10503472222222224
0 0.9736805555555555 0.2580208333333333 0.05263888888888886 0.14659722222222218