0 0.28984375 0.51875 0.03125 0.0515625
0 0.90234375 0.915625 0.0421875 0.06015625
0 0.64609375 0.8921875 0.0421875 0.0625
0 0.56015625 0.87890625 0.04375 0.05703125
0 0.53515625 0.95234375 0.05234375 0.07890625
0 0.459375 0.96171875 0.05234375 0.07109375
0 0.40703125 0.91171875 0.05078125 0.07890625
0 0.45078125 0.90625 0.04375 0.0625
0 0.465625 0.875 0.03671875 0.06015625
0 0.37578125 0.85390625 0.0421875 0.05703125
0 0.30078125 0.959375 0.06015625 0.07109375
0 0.29921875 0.90859375 0.05625 0.0625
0 0.28203125 0.85703125 0.04375 0.05703125
0 0.22578125 0.8203125 0.03671875 0.06015625
0 0.1625 0.871875 0.05625 0.0875
0 0.0765625 0.8421875 0.06875 0.09296875
0 0.0203125 0.7875 0.03984375 0.08203125
0 0.065625 0.77265625 0.04765625 0.07890625
0 0.12265625 0.81875 0.03125 0.0515625
0 0.14453125 0.78984375 0.03828125 0.04921875