0 0.1346527777777778 0.5444791666666667 0.0740625 0.09024305555555542
0 0.20802083333333332 0.5318634259259258 0.05298611111111116 0.06358796296296312
0 0.24885416666666665 0.5445833333333333 0.04371527777777775 0.053460648148148236
0 0.09171874999999999 0.46218171296296295 0.055590277777777766 0.11001157407407405
0 0.3695659722222222 0.37754050925925925 0.10479166666666666 0.13937500000000008
0 0.4038368055555555 0.45512152777777787 0.062152777777777814 0.08293981481481474
0 0.47885416666666664 0.4582060185185185 0.06854166666666668 0.0943287037037038
0 0.5233506944444445 0.46898726851851846 0.05892361111111111 0.09186342592592603
0 0.585763888888889 0.3757523148148148 0.09187499999999993 0.10581018518518519
0 0.3631423611111111 0.2037094907407407 0.19281249999999997 0.24019675925925926
0 0.5246701388888889 0.10455439814814815 0.2649652777777778 0.2091087962962963
0 0.6911979166666666 0.3449826388888889 0.1183680555555556 0.13760416666666658
0 0.8386805555555554 0.22769675925925928 0.15885416666666652 0.19998842592592592
0 0.8349479166666667 0.5095543981481482 0.06298611111111115 0.07840277777777764