0 0.16484375 0.6625 0.0859375 0.12578125
0 0.0484375 0.596875 0.05625 0.09375
0 0.0421875 0.48046875 0.03671875 0.06640625
0 0.0125 0.478125 0.01953125 0.06640625
0 0.1375 0.4546875 0.03359375 0.05390625
0 0.190625 0.4609375 0.04453125 0.053125
0 0.20625 0.54453125 0.0578125 0.078125
0 0.25 0.45078125 0.03046875 0.0421875
0 0.30625 0.4421875 0.03203125 0.0484375
0 0.3546875 0.5296875 0.03828125 0.05546875
0 0.3390625 0.62109375 0.07109375 0.115625
0 0.3875 0.48046875 0.034375 0.0515625
0 0.42109375 0.44375 0.0296875 0.05
0 0.46015625 0.49453125 0.0421875 0.05
0 0.465625 0.54921875 0.03828125 0.05625
0 0.54453125 0.45703125 0.0265625 0.0453125
0 0.57265625 0.52265625 0.03984375 0.071875
0 0.6328125 0.51015625 0.03671875 0.0609375
0 0.64140625 0.60625 0.0625 0.10546875
0 0.74765625 0.553125 0.05625 0.08984375
0 0.859375 0.5390625 0.05 0.07421875