0 0.3238020833333334 0.7194444444444444 0.08442129629629633 0.08697916666666679
0 0.536082175925926 0.46933449074074074 0.07108796296296305 0.07226851851851848
0 0.5409317129629629 0.4422164351851852 0.06796296296296304 0.07208333333333332
0 0.5507523148148148 0.4211168981481482 0.07763888888888885 0.08348379629629629
0 0.6201851851851852 0.4256828703703704 0.058553240740740795 0.06224537037037035
0 0.6129976851851853 0.3834953703703704 0.07241898148148138 0.08008101851851848
0 0.6515509259259259 0.41987847222222224 0.049942129629629586 0.05709490740740737
0 0.6689699074074074 0.4109548611111111 0.0538657407407408 0.061967592592592526
0 0.6837789351851852 0.40060763888888895 0.049675925925926026 0.05553240740740737
0 0.6696064814814815 0.3359490740740741 0.0818287037037038 0.08991898148148145
0 0.6952372685185185 0.32890625 0.09177083333333336 0.10288194444444443
0 0.7511226851851852 0.33269675925925923 0.07424768518518512 0.08173611111111115
0 0.7907465277777778 0.30588541666666663 0.08704861111111092 0.09332175925925927
0 0.851712962962963 0.27465277777777775 0.11943287037037038 0.11998842592592585
0 0.9400289351851852 0.27888888888888885 0.10034722222222214 0.09875000000000007
0 0.9577141203703704 0.23066550925925924 0.08457175925925924 0.11915509259259258
0 0.9691087962962962 0.3245138888888889 0.05226851851851855 0.052592592592592614
0 0.9921412037037036 0.3329513888888889 0.015717592592592665 0.05755787037037034
0 0.9230034722222221 0.3596006944444444 0.05123842592592567 0.055625000000000036
0 0.8943750000000001 0.3305208333333333 0.054629629629629764 0.05737268518518519
0 0.8434780092592593 0.33748263888888885 0.06560185185185183 0.06730324074074075
0 0.8191435185185185 0.3428703703703704 0.05280092592592602 0.05571759259259261
0 0.80078125 0.3786805555555556 0.054629629629629764 0.05737268518518519
0 0.7803356481481482 0.3791030092592592 0.0676967592592593 0.07052083333333332
0 0.7550868055555555 0.38375578703703705 0.054895833333333324 0.05893518518518519
0 0.7225405092592593 0.3872627314814815 0.06194444444444454 0.0639930555555556
0 0.7061516203703704 0.39296875 0.0543981481481481 0.06509259259259252