0 0.9158506944444443 0.643900462962963 0.058958333333333 0.07081018518518523
0 0.8801851851851851 0.6236805555555556 0.04893518518518505 0.061990740740740694
0 0.8551504629629629 0.6481539351851853 0.0421990740740739 0.05559027777777779
0 0.8150694444444445 0.6162789351851852 0.05017361111111107 0.05929398148148142
0 0.8008912037037037 0.64453125 0.0451620370370371 0.05488425925925924
0 0.7760763888888889 0.6513888888888888 0.039988425925925955 0.04891203703703706
0 0.7685532407407407 0.6774479166666667 0.04893518518518505 0.061990740740740694
0 0.7488368055555555 0.6583854166666667 0.04015046296296294 0.05047453703703706
0 0.7382002314814814 0.6369907407407408 0.039826388888888786 0.04734953703703706
0 0.7022395833333333 0.611869212962963 0.04343749999999993 0.05289351851851851
0 0.7003645833333334 0.6764351851851852 0.04704861111111107 0.05843749999999996
0 0.7074016203703704 0.6550636574074075 0.03325231481481481 0.04251157407407398
0 0.6780902777777778 0.6510474537037038 0.039988425925925955 0.04891203703703688
0 0.6572627314814815 0.6581944444444445 0.039988425925925955 0.04891203703703706
0 0.6263020833333334 0.6778298611111111 0.04861111111111107 0.05886574074074069
0 0.6213252314814814 0.6483449074074075 0.03874999999999993 0.05160879629629633
0 0.6431770833333333 0.639068287037037 0.034490740740740836 0.03981481481481488
0 0.5903993055555555 0.6366550925925927 0.038263888888888965 0.046921296296296336
0 0.5933275462962964 0.6703993055555555 0.04155092592592595 0.04934027777777779
0 0.5522395833333333 0.679224537037037 0.045324074074074086 0.05644675925925924
0 0.563130787037037 0.6516782407407409 0.03481481481481481 0.04293981481481488
0 0.5424421296296297 0.6419907407407408 0.03185185185185198 0.043645833333333425
0 0.5174710648148148 0.6271122685185185 0.034652777777777644 0.04137731481481488
0 0.5248437499999999 0.6644849537037038 0.04844907407407408 0.05730324074074069
0 0.4897627314814814 0.6773668981481482 0.05033564814814824 0.060856481481481595
0 0.4960763888888889 0.6397280092592592 0.04155092592592595 0.04934027777777779
0 0.4694328703703704 0.6332291666666666 0.041874999999999926 0.052465277777777784
0 0.46233796296296303 0.6706539351851852 0.038263888888888785 0.046921296296296336
0 0.4330787037037037 0.6738831018518519 0.040474537037037094 0.05359953703703706
0 0.4274826388888888 0.6426215277777778 0.04138888888888879 0.04777777777777779
0 0.4502488425925926 0.6400231481481482 0.03152777777777782 0.04052083333333343
0 0.40104745370370376 0.6651041666666666 0.05206018518518509 0.06284722222222214
0 0.3855613425925926 0.6439872685185184 0.034976851851851884 0.04450231481481488
0 0.3669675925925926 0.6605844907407408 0.040474537037037094 0.05359953703703706
0 0.3592418981481481 0.6343634259259259 0.03621527777777782 0.04180555555555543
0 0.33905671296296297 0.6585590277777778 0.0451620370370371 0.05488425925925924
0 0.32652199074074073 0.6864583333333333 0.043761574074074085 0.05601851851851851
0 0.30230902777777774 0.6565219907407408 0.039988425925925955 0.04891203703703706
0 0.26556134259259256 0.6544849537037036 0.034652777777777734 0.04137731481481488
0 0.2688425925925926 0.6770775462962962 0.04015046296296294 0.05047453703703688
0 0.23796875 0.6726331018518519 0.03562499999999993 0.05075231481481488
0 0.27491319444444445 0.6417824074074074 0.03325231481481481 0.04251157407407398
0 0.19712384259259258 0.6791145833333333 0.04877314814814815 0.06042824074074069
0 0.1779398148148148 0.6859085648148149 0.03686342592592595 0.04805555555555543
0 0.1724247685185185 0.6538657407407408 0.038263888888888875 0.046921296296296336
0 0.1536400462962963 0.6800520833333333 0.04079861111111112 0.05672453703703706
0 0.13041666666666668 0.6793113425925925 0.05378472222222221 0.06483796296296304
0 0.10587384259259258 0.6757986111111112 0.03875000000000002 0.05160879629629633
0 0.08744791666666667 0.6675347222222222 0.04688657407407408 0.05687499999999997
0 0.05269097222222221 0.6772916666666666 0.04376157407407408 0.05601851851851851
0 0.021767939814814813 0.6734143518518518 0.043535879629629626 0.05488425925925924
0 0.011568287037037033 0.6932002314814815 0.023136574074074066 0.061712962962963046
0 0.3489699074074074 0.7721527777777778 0.05049768518518523 0.062418981481481596
0 0.2745023148148148 0.7774537037037037 0.05410879629629628 0.06796296296296304
0 0.19771990740740739 0.7740856481481482 0.057071759259259246 0.0672569444444445
0 0.10773148148148148 0.7895949074074073 0.06914351851851852 0.08119212962962959