0 0.9892881944444444 0.445 0.021423611111111285 0.09052083333333324
0 0.9731770833333332 0.37765624999999997 0.05364583333333357 0.10479166666666676
0 0.7671527777777778 0.36010416666666667 0.10124999999999992 0.1213541666666667
0 0.7806423611111111 0.4102083333333333 0.07440972222222228 0.09322916666666674
0 0.6760590277777778 0.281875 0.17722222222222223 0.21499999999999994
0 0.6034201388888889 0.31182291666666667 0.09572916666666664 0.12437500000000004
0 0.6104340277777778 0.40921874999999996 0.06899305555555557 0.08729166666666668
0 0.5168055555555556 0.3617708333333333 0.059965277777777715 0.07739583333333337
0 0.4483159722222222 0.35562499999999997 0.09319444444444436 0.1177083333333333
0 0.39850694444444446 0.26557291666666666 0.14750000000000005 0.18760416666666666
0 0.25210069444444444 0.2972916666666666 0.08958333333333339 0.11374999999999993