0 0.12637152777777777 0.18050925925925926 0.08836805555555553 0.11192129629629628
0 0.10453125 0.14446180555555554 0.07104166666666667 0.10516203703703705
0 0.09034722222222222 0.2206134259259259 0.07847222222222223 0.08820601851851853
0 0.4650347222222223 0.32896412037037037 0.08986111111111121 0.10884259259259262
0 0.5014756944444445 0.5511747685185184 0.09468750000000004 0.11523148148148152
0 0.535954861111111 0.29953703703703705 0.07888888888888879 0.10695601851851855
0 0.5799131944444444 0.2888657407407408 0.08986111111111103 0.10884259259259252
0 0.6367708333333333 0.2598553240740741 0.12020833333333343 0.13940972222222223
0 0.6794618055555556 0.3413483796296296 0.09149305555555554 0.11201388888888886
0 0.6205208333333333 0.35870949074074077 0.0802083333333334 0.09606481481481488
0 0.8036631944444445 0.26818287037037036 0.16350694444444436 0.19065972222222224
0 0.7989409722222222 0.37528356481481484 0.09489583333333336 0.12460648148148143
0 0.8882118055555555 0.3281365740740741 0.1287847222222222 0.17401620370370363
0 0.9493750000000001 0.4567071759259259 0.08201388888888879 0.10704861111111104