0 0.8611458333333333 0.3198900462962963 0.04809027777777786 0.05538194444444446
0 0.7548611111111111 0.3550462962962963 0.05625 0.07112268518518512
0 0.8364409722222224 0.44690972222222225 0.04322916666666643 0.04750000000000014
0 0.7858680555555556 0.5071180555555556 0.04968750000000011 0.05696759259259263
0 0.7526041666666667 0.5269444444444444 0.05291666666666668 0.061701388888888785
0 0.743923611111111 0.4955555555555556 0.03208333333333328 0.037962962962962976
0 0.7607638888888889 0.4762673611111111 0.033645833333333285 0.037986111111111144
0 0.7112673611111111 0.5232060185185186 0.03847222222222228 0.04430555555555564
0 0.6880208333333333 0.5494328703703704 0.047986111111111104 0.050694444444444466
0 0.65015625 0.5652835648148148 0.04809027777777786 0.05538194444444446
0 0.6659027777777778 0.5248784722222222 0.038402777777777786 0.041180555555555644
0 0.6803472222222222 0.5078993055555555 0.028888888888888787 0.034791666666666644
0 0.6207986111111111 0.55 0.041736111111111106 0.0506018518518518
0 0.6116493055555555 0.539704861111111 0.033645833333333285 0.037986111111111144
0 0.6391666666666667 0.5322974537037037 0.028819444444444463 0.03166666666666664
0 0.5936284722222223 0.5769502314814815 0.04326388888888886 0.04906250000000014
0 0.5847048611111111 0.5564988425925925 0.03836805555555554 0.03961805555555564
0 0.5557291666666667 0.5591956018518519 0.04645833333333336 0.0522337962962963
0 0.56828125 0.5922048611111111 0.051284722222222176 0.058553240740740795
0 0.5588541666666667 0.6295775462962963 0.06565972222222224 0.07282407407407412
0 0.5356249999999999 0.5846875 0.04010416666666679 0.04745370370370381
0 0.5011805555555556 0.5873032407407408 0.041597222222222285 0.044351851851851976
0 0.4960590277777778 0.6419328703703704 0.05628472222222225 0.07268518518518512
0 0.46026041666666667 0.670318287037037 0.06097222222222225 0.07275462962962961
0 0.44317708333333333 0.6302083333333334 0.05131944444444443 0.06011574074074062
0 0.4088715277777778 0.6617418981481482 0.06416666666666662 0.07592592592592595
0 0.3923784722222222 0.7005729166666667 0.05934027777777775 0.06960648148148145
0 0.38296874999999997 0.6668287037037037 0.0416666666666667 0.04747685185185198
0 0.35420138888888886 0.695318287037037 0.04649305555555561 0.0537962962962963
0 0.32600694444444445 0.7331944444444444 0.07204861111111108 0.07916666666666679
0 0.3285069444444445 0.6910300925925925 0.04815972222222218 0.058506944444444466
0 0.2881944444444445 0.7115335648148149 0.052881944444444426 0.060138888888888783
0 0.2779861111111111 0.748894675925926 0.07215277777777782 0.0838541666666666
0 0.2545486111111111 0.7133796296296296 0.05131944444444443 0.060115740740740796
0 0.21880208333333334 0.7394212962962963 0.06583333333333333 0.08063657407407412
0 0.19850694444444444 0.7383391203703704 0.05295138888888888 0.06326388888888879
0 0.21326388888888886 0.8128009259259258 0.07708333333333336 0.0948611111111112
0 0.27899305555555554 0.5629108796296297 0.038541666666666606 0.04743055555555564