0 0.8716724537037038 0.6359375 0.12424768518518547 0.20660879629629642
0 0.743923611111111 0.7416319444444445 0.07905092592592596 0.13984953703703712
0 0.6382233796296296 0.7521585648148148 0.05613425925925917 0.10950231481481473
0 0.6577835648148148 0.7918402777777778 0.041898148148148094 0.07557870370370363
0 0.6356481481481481 0.8392997685185186 0.039583333333333214 0.05995370370370381
0 0.6039351851851851 0.7957928240740741 0.04484953703703702 0.08513888888888896
0 0.5035879629629629 0.593107638888889 0.10763888888888892 0.18775462962962966
0 0.4920717592592593 0.7030381944444445 0.07442129629629637 0.10859953703703695
0 0.5173900462962963 0.773611111111111 0.05266203703703702 0.08606481481481473
0 0.5410300925925926 0.8018518518518519 0.0387731481481481 0.07520833333333324
0 0.48171296296296295 0.8266203703703704 0.034895833333333216 0.059398148148148165
0 0.43998842592592596 0.7970312500000001 0.04409722222222214 0.06969907407407412
0 0.3885706018518519 0.7845775462962963 0.032928240740740744 0.06684027777777768
0 0.3064236111111111 0.6683159722222223 0.08784722222222223 0.15777777777777774
0 0.32934027777777775 0.7068055555555556 0.06394675925925926 0.11042824074074069
0 0.34649884259259256 0.7573321759259259 0.054050925925925954 0.09543981481481474
0 0.3071469907407407 0.7868518518518519 0.04409722222222223 0.06969907407407412
0 0.27277199074074077 0.7827777777777778 0.03668981481481488 0.061145833333333496
0 0.234375 0.73609375 0.04166666666666661 0.0740162037037038
0 0.24852430555555555 0.7640046296296296 0.03692129629629637 0.0627083333333335
0 0.15011574074074072 0.7253125 0.06909722222222223 0.11410879629629633
0 0.06322337962962962 0.6625462962962964 0.08813657407407408 0.1286458333333332
0 0.03043981481481481 0.5828935185185184 0.06087962962962962 0.16137731481481482