0 0.08230902777777778 0.38815393518518515 0.1347337962962963 0.1399537037037037
0 0.19381365740740739 0.381863425925926 0.16879629629629628 0.1823611111111111
0 0.06369212962962963 0.4999247685185185 0.11042824074074073 0.11635416666666672
0 0.13385995370370368 0.5384375 0.07437500000000002 0.08486111111111114
0 0.1764814814814815 0.5264120370370371 0.0902199074074074 0.10215277777777772
0 0.21412615740740742 0.592488425925926 0.07609953703703702 0.08643518518518505
0 0.3433969907407407 0.5353240740740741 0.10326388888888882 0.12254629629629613
0 0.30752314814814813 0.6027256944444443 0.054918981481481485 0.0628587962962964
0 0.3466087962962963 0.6172685185185185 0.07265046296296296 0.08328703703703706
0 0.42885995370370367 0.5994849537037037 0.09243055555555557 0.10841435185185197
0 0.38377893518518513 0.6427546296296296 0.05901620370370377 0.07225694444444439
0 0.4233159722222222 0.6830555555555555 0.0659143518518519 0.07855324074074073
0 0.3785706018518519 0.7833101851851852 0.05680555555555546 0.06599537037037032
0 0.5092824074074074 0.6746122685185185 0.07593750000000003 0.08487268518518505
0 0.5740335648148148 0.6148032407407408 0.08709490740740726 0.10212962962962954
0 0.6745833333333333 0.4657349537037037 0.15936342592592592 0.1666782407407407
0 0.6639699074074074 0.8842418981481481 0.11016203703703695 0.12884259259259245