0 0.46578125000000004 0.28338541666666667 0.03864583333333336 0.0676273148148148
0 0.7522395833333333 0.4139525462962963 0.04822916666666668 0.0717245370370371
0 0.8115104166666667 0.4767361111111111 0.05729166666666678 0.09128472222222221
0 0.8784895833333334 0.5038541666666667 0.06593750000000007 0.10459490740740733
0 0.8346354166666667 0.43956597222222227 0.05687500000000014 0.08503472222222222
0 0.9399479166666665 0.4365219907407408 0.03958333333333357 0.0584143518518518
0 0.9723958333333332 0.469369212962963 0.05031249999999972 0.07969907407407391
0 0.9942708333333332 0.48239004629629634 0.01145833333333357 0.07700231481481482
0 0.36343749999999997 0.3425983796296296 0.03322916666666664 0.056203703703703665
0 0.3400520833333333 0.35258680555555555 0.05395833333333329 0.08783564814814815
0 0.28442708333333333 0.37940393518518517 0.07364583333333333 0.12711805555555555
0 0.22208333333333333 0.3869039351851852 0.08739583333333334 0.1471643518518519
0 0.225 0.2910011574074074 0.031458333333333324 0.05291666666666668
0 0.20963541666666669 0.3049247685185185 0.030104166666666664 0.05587962962962969
0 0.17942708333333335 0.2940335648148148 0.03312499999999998 0.054641203703703664
0 0.14765625 0.29461805555555554 0.05395833333333333 0.08783564814814823
0 0.09942708333333333 0.3043576388888889 0.062291666666666655 0.09645833333333335