0 0.033408564814814815 0.4720023148148148 0.06681712962962963 0.13842592592592595
0 0.0901099537037037 0.5766377314814815 0.0852662037037037 0.13255787037037053
0 0.1885821759259259 0.5701736111111111 0.06844907407407405 0.1024537037037037
0 0.23784722222222224 0.6130439814814814 0.07065972222222214 0.10909722222222218
0 0.29669560185185184 0.6871875000000001 0.08149305555555557 0.1255208333333334
0 0.39271990740740736 0.6656770833333333 0.0803587962962963 0.11458333333333322
0 0.4496296296296296 0.7353240740740741 0.0837037037037037 0.13216435185185169
0 0.5086400462962963 0.8079050925925927 0.09750000000000014 0.14781249999999996
0 0.6059259259259259 0.805150462962963 0.08559027777777786 0.13568287037037052
0 0.6605381944444445 0.9046817129629631 0.0821412037037037 0.13177083333333356
0 0.751875 0.8819907407407406 0.08510416666666672 0.1309953703703705