0 0.034375 0.51796875 0.06640625 0.21171875
0 0.0203125 0.3703125 0.040625 0.109375
0 0.1453125 0.34609375 0.053125 0.10234375
0 0.18671875 0.3796875 0.06796875 0.1265625
0 0.28125 0.33359375 0.06015625 0.11875
0 0.34375 0.38125 0.0703125 0.11875
0 0.42109375 0.31796875 0.06015625 0.10234375
0 0.50078125 0.37265625 0.06875 0.1265625
0 0.54375 0.31875 0.05859375 0.1046875
0 0.33359375 0.6359375 0.1765625 0.26640625
0 0.659375 0.35703125 0.05703125 0.14296875
0 0.72265625 0.459375 0.0984375 0.2046875
0 0.80859375 0.33671875 0.05859375 0.12109375
0 0.77109375 0.2890625 0.04296875 0.09765625
0 0.93359375 0.36875 0.0734375 0.13359375
0 0.96796875 0.41640625 0.06171875 0.16640625
0 0.8046875 0.8640625 0.23203125 0.26171875