0 0.027994791666666664 0.32880208333333333 0.05598958333333333 0.09135416666666671
0 0.05633680555555556 0.25744791666666667 0.05914351851851851 0.08479166666666664
0 0.14001736111111113 0.26119791666666664 0.053298611111111074 0.06885416666666666
0 0.19832175925925927 0.21921875000000002 0.04467592592592595 0.05739583333333333
0 0.13153935185185187 0.19723958333333333 0.044039351851851816 0.06979166666666665
0 0.011805555555555552 0.7335416666666668 0.023611111111111104 0.17354166666666657
0 0.16339699074074074 0.4493229166666667 0.08559027777777777 0.12697916666666664
0 0.3054398148148148 0.32635416666666667 0.05711805555555553 0.07843749999999998
0 0.33428819444444446 0.4301562499999999 0.0877314814814815 0.13489583333333327
0 0.22607060185185182 0.6946875 0.1295138888888889 0.19520833333333343
0 0.39438657407407407 0.32197916666666665 0.0578125 0.08781249999999999
0 0.35758101851851853 0.23114583333333333 0.04884259259259256 0.07166666666666668
0 0.37962962962962965 0.20635416666666667 0.03831018518518521 0.05541666666666671
0 0.4462962962962963 0.22989583333333333 0.04884259259259256 0.07166666666666668
0 0.47485532407407405 0.19067708333333333 0.04537037037037024 0.06677083333333336
0 0.6216724537037037 0.20265624999999998 0.04079861111111107 0.06802083333333331
0 0.6418113425925925 0.07770833333333334 0.029571759259259166 0.04239583333333332
0 0.6342303240740741 0.24302083333333338 0.04293981481481488 0.07593750000000003
0 0.6533854166666666 0.2992708333333333 0.06018518518518512 0.09885416666666665
0 0.6989583333333333 0.19828125000000002 0.039004629629629764 0.06479166666666662
0 0.7198206018518519 0.2419791666666667 0.047395833333333214 0.07312499999999993
0 0.7686921296296296 0.30635416666666665 0.06811342592592595 0.10093750000000004
0 0.6782986111111111 0.4352083333333333 0.08379629629629619 0.12375000000000003
0 0.6944733796296296 0.6261458333333334 0.12528935185185192 0.20114583333333336
0 0.840625 0.4057291666666667 0.08315972222222215 0.13614583333333333
0 0.9619212962962962 0.2375 0.035648148148148096 0.0614583333333333
0 0.9524594907407409 0.18682291666666667 0.045138888888888576 0.06364583333333336
0 0.8975983796296296 0.1928125 0.04762731481481488 0.07625000000000001