0 0.02421875 0.503125 0.0453125 0.071875
0 0.0609375 0.4765625 0.028125 0.05078125
0 0.03046875 0.42109375 0.0328125 0.05078125
0 0.0625 0.43671875 0.028125 0.0390625
0 0.0921875 0.384375 0.0171875 0.03203125
0 0.0953125 0.365625 0.0171875 0.0234375
0 0.04140625 0.365625 0.0171875 0.028125
0 0.1359375 0.5 0.05 0.06015625
0 0.21171875 0.56171875 0.0625 0.090625
0 0.2 0.5171875 0.0484375 0.0625
0 0.2265625 0.4875 0.02265625 0.0390625
0 0.159375 0.4328125 0.0171875 0.0234375
0 0.22109375 0.42578125 0.01875 0.03671875
0 0.2734375 0.52890625 0.02265625 0.04375
0 0.296875 0.54765625 0.034375 0.0625
0 0.328125 0.47109375 0.0171875 0.03046875
0 0.421875 0.5484375 0.0453125 0.06484375
0 0.46796875 0.55546875 0.02578125 0.03671875
0 0.490625 0.57734375 0.01875 0.034375
0 0.5328125 0.58125 0.02421875 0.03671875
0 0.54765625 0.59453125 0.0328125 0.04140625
0 0.62578125 0.6015625 0.01875 0.03671875
0 0.6609375 0.61484375 0.02265625 0.034375
0 0.68671875 0.62265625 0.01875 0.03203125
0 0.946875 0.690625 0.06796875 0.0859375