0 0.041984953703703705 0.43119791666666674 0.054803240740740736 0.10010416666666662
0 0.07413194444444444 0.4052083333333333 0.0558449074074074 0.08642361111111115
0 0.12879050925925925 0.45491319444444445 0.0953125 0.14871527777777782
0 0.19965277777777776 0.3887152777777778 0.05914351851851851 0.09187500000000001
0 0.28515625 0.3772743055555555 0.05902777777777777 0.08875000000000002
0 0.29137731481481477 0.4813888888888888 0.08697916666666661 0.1327430555555555
0 0.31125578703703705 0.4221354166666667 0.07361111111111107 0.10625
0 0.34496527777777775 0.5021875 0.10173611111111107 0.15493055555555557
0 0.3836805555555555 0.398125 0.06394675925925934 0.09614583333333329
0 0.42644675925925923 0.42472222222222217 0.0640625 0.09927083333333334
0 0.47034143518518523 0.4179340277777778 0.08391203703703702 0.13354166666666673
0 0.5205729166666666 0.41196180555555556 0.05596064814814809 0.08954861111111115
0 0.35824652777777777 0.7330729166666666 0.19334490740740745 0.28725694444444444
0 0.5433738425925926 0.5380381944444445 0.1049768518518519 0.15881944444444435
0 0.582204861111111 0.4158159722222223 0.06909722222222214 0.10979166666666669
0 0.7058738425925926 0.41317708333333336 0.06880787037037024 0.10197916666666665
0 0.7216724537037037 0.47789930555555554 0.08506944444444446 0.1229861111111111
0 0.6579282407407407 0.6298611111111112 0.18651620370370364 0.2701041666666667
0 0.8863136574074073 0.2618576388888889 0.05115740740740762 0.08527777777777779
0 0.8349537037037038 0.4502083333333333 0.06909722222222214 0.10979166666666665
0 0.8819155092592592 0.547517361111111 0.13570601851851832 0.19420138888888888
0 0.902806712962963 0.4517534722222223 0.0706018518518519 0.10861111111111117
0 0.842476851851852 0.7597569444444445 0.16724537037037024 0.1260416666666666