0 0.8619791666666667 0.6666666666666667 0.05967592592592581 0.06863425925925934
0 0.7989120370370371 0.6783275462962963 0.057314814814814596 0.07274305555555553
0 0.7546527777777777 0.6733506944444445 0.05033564814814824 0.0578125
0 0.7136053240740742 0.693113425925926 0.06331018518518512 0.07233796296296298
0 0.6588599537037038 0.7030960648148149 0.05396990740740755 0.06151620370370381
0 0.6034085648148148 0.69765625 0.049537037037037025 0.0622106481481481
0 0.574519675925926 0.6971354166666667 0.05524305555555564 0.06932870370370363
0 0.5453761574074074 0.6981770833333334 0.046956018518518404 0.05567129629629619
0 0.5124363425925926 0.6928819444444445 0.054733796296296336 0.0662037037037038
0 0.41535879629629624 0.6910011574074074 0.06690972222222231 0.08512731481481488
0 0.35017939814814814 0.7304398148148148 0.05604166666666668 0.06493055555555553
0 0.33466435185185184 0.7219328703703705 0.045902777777777806 0.058506944444444285
0 0.28304398148148147 0.732494212962963 0.05160879629629633 0.065625
0 0.23565972222222226 0.7269386574074075 0.053171296296296335 0.0659143518518519
0 0.1978125 0.7320023148148149 0.06690972222222222 0.08512731481481488
0 0.17541087962962965 0.7262442129629629 0.05160879629629624 0.065625
0 0.15175347222222224 0.733130787037037 0.04357638888888889 0.05353009259259256
0 0.09957175925925928 0.7323206018518518 0.05135416666666668 0.0640625
0 0.037089120370370376 0.7255787037037037 0.0643287037037037 0.07858796296296297