0 0.0359375 0.53046875 0.03828125 0.065625
0 0.11171875 0.53671875 0.03359375 0.0625
0 0.115625 0.7578125 0.0984375 0.1734375
0 0.11484375 0.646875 0.053125 0.09296875
0 0.26953125 0.64921875 0.06796875 0.128125
0 0.2734375 0.53125 0.04296875 0.078125
0 0.34140625 0.5953125 0.046875 0.08046875
0 0.37109375 0.5625 0.03515625 0.06015625
0 0.40390625 0.52265625 0.03203125 0.05546875
0 0.31640625 0.5453125 0.03359375 0.05546875
0 0.559375 0.43828125 0.03203125 0.053125
0 0.565625 0.58203125 0.03515625 0.053125
0 0.57578125 0.55546875 0.03203125 0.06015625
0 0.63046875 0.621875 0.05859375 0.103125
0 0.6515625 0.553125 0.0265625 0.065625
0 0.665625 0.57265625 0.03203125 0.05546875
0 0.69609375 0.565625 0.03515625 0.065625
0 0.73203125 0.653125 0.0703125 0.1359375
0 0.7828125 0.60078125 0.04140625 0.075
0 0.87890625 0.5375 0.0453125 0.05
0 0.9203125 0.696875 0.08359375 0.1328125
0 0.9703125 0.56796875 0.03359375 0.06015625
0 0.95859375 0.54609375 0.0296875 0.06796875