0 0.997366898148148 0.5866493055555555 0.005266203703703809 0.1412384259259259
0 0.9903356481481481 0.6829456018518518 0.01932870370370381 0.12252314814814813
0 0.9204716435185185 0.5646354166666667 0.15905671296296298 0.263923611111111
0 0.851388888888889 0.6365856481481481 0.09027777777777786 0.10368055555555564
0 0.8774594907407408 0.6700231481481481 0.05526620370370381 0.06752314814814823
0 0.8033275462962963 0.6447627314814814 0.07141203703703702 0.08168981481481481
0 0.7885127314814815 0.5447627314814815 0.11452546296296298 0.13039351851851855
0 0.7578993055555555 0.6020833333333334 0.07951388888888893 0.09423611111111115
0 0.7363425925925926 0.5991145833333333 0.058854166666666784 0.07067129629629623
0 0.687037037037037 0.6041724537037038 0.04334490740740726 0.050266203703703737
0 0.6694444444444445 0.6121238425925926 0.04311342592592595 0.048703703703703735
0 0.6537615740740741 0.559056712962963 0.06851851851851869 0.08322916666666665
0 0.6251157407407408 0.4184895833333333 0.21597222222222215 0.2357175925925926
0 0.6109664351851852 0.5922222222222222 0.050289351851851904 0.05500000000000007
0 0.586400462962963 0.5900578703703704 0.041319444444444464 0.04712962962962965
0 0.5722800925925926 0.579212962962963 0.05208333333333322 0.05657407407407398
0 0.5731481481481482 0.6167476851851852 0.043807870370370414 0.05339120370370374
0 0.5254050925925926 0.5795601851851852 0.03414351851851851 0.04083333333333332
0 0.5168402777777777 0.5639814814814815 0.0421875 0.042453703703703737
0 0.5008969907407408 0.546111111111111 0.05682870370370363 0.06753472222222215
0 0.5195601851851852 0.48731481481481487 0.08692129629629637 0.10209490740740748
0 0.4578703703703704 0.5143634259259259 0.071875 0.08481481481481482
0 0.39505208333333336 0.5179571759259259 0.047395833333333304 0.0565393518518519
0 0.3519675925925926 0.4752604166666667 0.06712962962962968 0.07385416666666664
0 0.39360532407407406 0.3920486111111111 0.15671296296296297 0.1728472222222223
0 0.2554398148148148 0.47832175925925924 0.05682870370370372 0.06753472222222215
0 0.2505787037037037 0.3821585648148148 0.1255208333333333 0.14140046296296288
0 0.15028935185185185 0.43373842592592593 0.08356481481481479 0.10050925925925927
0 0.09233217592592594 0.42791087962962965 0.061979166666666655 0.0706944444444444
0 0.09895833333333334 0.3512152777777778 0.10607638888888889 0.13657407407407404