0 0.5961516203703703 0.44854166666666667 0.1165856481481482 0.12263888888888896
0 0.3695601851851852 0.4138888888888889 0.11814814814814811 0.12291666666666674
0 0.12984374999999998 0.36133680555555553 0.1152546296296296 0.12989583333333332
0 0.8633506944444445 0.20845486111111108 0.12762731481481487 0.1380902777777778
0 0.8947337962962962 0.08135416666666666 0.14666666666666686 0.16270833333333332
0 0.8440856481481482 0.07131076388888888 0.23247685185185185 0.14262152777777776
0 0.8245543981481482 0.13592013888888888 0.13100694444444444 0.1267013888888889
0 0.7308449074074074 0.13609374999999999 0.13964120370370364 0.1447222222222222
0 0.6703877314814815 0.09588541666666667 0.15296296296296283 0.16357638888888887
0 0.666261574074074 0.061406249999999996 0.20194444444444457 0.12281249999999999
0 0.5750115740740741 0.05406249999999999 0.17456018518518518 0.10812499999999999
0 0.5262962962962963 0.042256944444444444 0.21615740740740746 0.08451388888888889
0 0.4019270833333334 0.027916666666666666 0.21802083333333327 0.05583333333333333
0 0.3140046296296296 0.03052083333333333 0.13449074074074074 0.06104166666666666
0 0.2704918981481481 0.057352430555555556 0.12006944444444442 0.11470486111111111
0 0.4721875 0.07791666666666666 0.1402314814814815 0.15381944444444445
0 0.5450462962962963 0.08369791666666666 0.15849537037037037 0.1615625
0 0.4099131944444444 0.12720486111111112 0.13974537037037038 0.1582291666666667
0 0.1735474537037037 0.03222222222222222 0.12790509259259258 0.06444444444444444