0 0.06796875 0.31484375 0.075 0.10234375
0 0.0203125 0.25546875 0.03984375 0.0671875
0 0.13046875 0.278125 0.02578125 0.04921875
0 0.24296875 0.25859375 0.03046875 0.053125
0 0.36015625 0.2359375 0.11484375 0.2109375
0 0.415625 0.28203125 0.0234375 0.04921875
0 0.45625 0.278125 0.02109375 0.0421875
0 0.490625 0.303125 0.0234375 0.0421875
0 0.52109375 0.28671875 0.0375 0.053125
0 0.53671875 0.2625 0.02109375 0.03203125
0 0.59375 0.2796875 0.0234375 0.053125
0 0.60703125 0.29375 0.02109375 0.0390625
0 0.65390625 0.2796875 0.02578125 0.04609375
0 0.74765625 0.26796875 0.13359375 0.28203125
0 0.82890625 0.26796875 0.028125 0.04921875
0 0.8390625 0.30625 0.03984375 0.0703125
0 0.925 0.275 0.0328125 0.05625
0 0.98671875 0.29375 0.02109375 0.04609375