0 0.9906510416666666 0.7856481481481481 0.018697916666666713 0.0543981481481481
0 0.8815104166666666 0.7523726851851852 0.043333333333333356 0.04646990740740744
0 0.6054166666666667 0.67265625 0.04854166666666657 0.0543981481481481
0 0.54859375 0.6755497685185186 0.04854166666666657 0.0543981481481481
0 0.69890625 0.21553819444444441 0.17135416666666678 0.18425925925925926
0 0.7406770833333333 0.413599537037037 0.11145833333333321 0.1046875
0 0.8744791666666668 0.5514467592592592 0.09468749999999986 0.10561342592592596
0 0.967734375 0.4530092592592593 0.06453124999999993 0.16550925925925936
0 0.982421875 0.593113425925926 0.03515625 0.07887731481481489
0 0.9738541666666667 0.5452546296296296 0.052291666666666715 0.09508101851851869
0 0.9925 0.6494502314814815 0.014999999999999857 0.06903935185185191
0 0.9220833333333334 0.6057002314814814 0.0580208333333335 0.0609375
0 0.9301041666666666 0.6535300925925925 0.06114583333333314 0.06105324074074083
0 0.8535416666666666 0.597193287037037 0.08645833333333357 0.08055555555555553
0 0.8016666666666667 0.5801793981481481 0.07156249999999993 0.07690972222222214
0 0.80796875 0.6304398148148148 0.071875 0.07228009259259256
0 0.7649479166666666 0.5697048611111111 0.0755208333333334 0.08015046296296298
0 0.7432291666666666 0.6036458333333334 0.06833333333333336 0.0706018518518519
0 0.5618229166666666 0.44704861111111105 0.09416666666666665 0.09785879629629624
0 0.57875 0.5016493055555555 0.06281250000000008 0.06730324074074083
0 0.6019791666666666 0.547337962962963 0.05406249999999986 0.05769675925925917
0 0.5653645833333334 0.5550057870370371 0.07395833333333321 0.08009259259259256
0 0.5079687500000001 0.5232060185185186 0.06437500000000007 0.06736111111111107
0 0.45906250000000004 0.4492766203703704 0.11364583333333336 0.11869212962962972
0 0.46260416666666665 0.5335648148148149 0.07874999999999996 0.08645833333333322
0 0.4331770833333334 0.46759259259259256 0.08229166666666661 0.08813657407407405
0 0.4593229166666667 0.1455150462962963 0.20968750000000003 0.21197916666666666
0 0.43994791666666666 0.33321759259259254 0.14177083333333335 0.14293981481481488
0 0.3091666666666667 0.27178819444444446 0.16572916666666665 0.1515625
0 0.3246875 0.40691550925925923 0.11937499999999997 0.1111689814814815
0 0.35953125 0.46953125 0.08145833333333333 0.08501157407407404
0 0.37348958333333326 0.521875 0.071875 0.07228009259259256
0 0.31604166666666667 0.49875578703703705 0.08114583333333333 0.0896412037037038
0 0.263125 0.46600115740740744 0.096875 0.09641203703703702
0 0.22156250000000002 0.44623842592592594 0.09281249999999999 0.08697916666666679
0 0.16921875000000003 0.37717013888888895 0.11520833333333336 0.11875
0 0.14203125 0.15095486111111112 0.1765625 0.2153935185185185
0 0.16197916666666665 0.542332175925926 0.055625000000000036 0.0809606481481481
0 0.16942708333333334 0.5791377314814815 0.053020833333333336 0.08859953703703702
0 0.21791666666666668 0.6396701388888889 0.055624999999999945 0.05775462962962976