0 0.34459490740740745 0.3317997685185185 0.2903935185185185 0.31284722222222217
0 0.5476273148148147 0.37326388888888895 0.2727662037037037 0.285474537037037
0 0.7318344907407408 0.37473958333333335 0.24223379629629632 0.2494791666666667
0 0.9392505787037038 0.35778356481481477 0.12149884259259239 0.23923611111111107
0 0.8055844907407408 0.21886574074074075 0.14166666666666652 0.1484953703703704
0 0.8067939814814815 0.13203125 0.10527777777777772 0.11359953703703703
0 0.7045775462962963 0.20963541666666666 0.15612268518518527 0.15109953703703702
0 0.6201099537037036 0.2723958333333333 0.18318287037037032 0.20983796296296298
0 0.5282233796296296 0.12242476851851854 0.14793981481481477 0.16122685185185187
0 0.5716724537037037 0.06747685185185184 0.13072916666666662 0.1349537037037037
0 0.38870949074074074 0.09933449074074073 0.15655092592592598 0.1710648148148148
0 0.28088541666666667 0.1009548611111111 0.14675925925925926 0.15653935185185186
0 0.31685185185185183 0.019733796296296298 0.09620370370370371 0.039467592592592596
0 0.14199652777777777 0.10118634259259258 0.1745833333333333 0.20237268518518517