0 0.9342881944444444 0.3433159722222222 0.13142361111111106 0.23998842592592595
0 0.877199074074074 0.3616608796296296 0.2456018518518519 0.3026041666666667
0 0.7211226851851852 0.4377314814814815 0.19149305555555554 0.24519675925925916
0 0.6241608796296296 0.43093171296296295 0.13888888888888892 0.1685185185185185
0 0.5543692129629629 0.45147569444444446 0.11684027777777786 0.1465856481481481
0 0.49820601851851853 0.5102430555555555 0.08755787037037041 0.10248842592592596
0 0.2705439814814815 0.575925925925926 0.1356481481481481 0.1560185185185185
0 0.4131076388888889 0.4803530092592593 0.05642361111111112 0.06846064814814809
0 0.3660011574074074 0.5080729166666667 0.03634259259259265 0.04837962962962976
0 0.4926215277777778 0.5575520833333334 0.04259259259259256 0.049537037037037025
0 0.47980324074074066 0.5626157407407407 0.03668981481481488 0.04398148148148149
0 0.46935763888888893 0.57109375 0.039409722222222145 0.04299768518518512
0 0.5133391203703704 0.5628761574074075 0.04143518518518512 0.05081018518518512
0 0.5375289351851851 0.564380787037037 0.04814814814814809 0.05949074074074083
0 0.5662905092592593 0.5548321759259259 0.057233796296296366 0.07158564814814809
0 0.6116608796296297 0.5290219907407407 0.09664351851851852 0.1145833333333334
0 0.6852430555555555 0.5776041666666667 0.08368055555555554 0.10474537037037042
0 0.7585358796296295 0.5963831018518518 0.09427083333333322 0.1111689814814815
0 0.8697048611111111 0.6006076388888889 0.10289351851851833 0.11574074074074084
0 0.9612991898148149 0.5825810185185185 0.07740162037037024 0.1526041666666668
0 0.9553964120370371 0.6423900462962964 0.08920717592592595 0.1337962962962962
0 0.6746527777777778 0.6314236111111111 0.056076388888888926 0.07285879629629619
0 0.6483796296296296 0.6161458333333334 0.03356481481481488 0.04340277777777786
0 0.6131365740740741 0.6006944444444444 0.041030092592592736 0.04924768518518512
0 0.5941261574074075 0.6105613425925925 0.041030092592592736 0.04924768518518512
0 0.5715277777777779 0.6123263888888889 0.04143518518518512 0.05081018518518512
0 0.5432581018518519 0.6122974537037037 0.03709490740740744 0.04554398148148149
0 0.6296875 0.6387152777777778 0.033912037037037025 0.039004629629629584
0 0.7254918981481481 0.666869212962963 0.04299768518518512 0.05109953703703703
0 0.6973668981481481 0.6817418981481481 0.029976851851851904 0.03530092592592595
0 0.7560185185185185 0.6784722222222224 0.04265046296296297 0.05549768518518512
0 0.8015625 0.690625 0.04184027777777786 0.05237268518518512
0 0.8461226851851851 0.7219328703703705 0.045775462962962976 0.056076388888888926
0 0.858449074074074 0.6662037037037037 0.06938657407407404 0.07829861111111107
0 0.8263310185185185 0.7316550925925925 0.039467592592592735 0.048958333333333215
0 0.9179398148148149 0.6891203703703704 0.08478009259259238 0.09751157407407404
0 0.9859809027777778 0.6959780092592592 0.028038194444444286 0.09039351851851851
0 0.9833622685185185 0.7533564814814815 0.03327546296296298 0.07916666666666679
0 0.9909866898148149 0.8342881944444445 0.018026620370370238 0.031597222222222145
0 0.990162037037037 0.8103877314814815 0.01967592592592595 0.04241898148148131
0 0.9848958333333332 0.8383680555555555 0.025636574074074048 0.030034722222222143
0 0.9538483796296295 0.81328125 0.03628472222222214 0.04241898148148167
0 0.913425925925926 0.7864583333333333 0.033912037037037025 0.039004629629629584
0 0.8900462962962964 0.7679976851851851 0.032349537037037024 0.038715277777777855
0 0.9253761574074073 0.7923900462962964 0.02442129629629619 0.025347222222222143