0 0.19296875 0.61875 0.0578125 0.11875
0 0.25 0.5421875 0.05234375 0.103125
0 0.30390625 0.5875 0.04765625 0.09375
0 0.371875 0.55625 0.04921875 0.10625
0 0.46640625 0.596875 0.05234375 0.1125
0 0.57109375 0.6640625 0.0578125 0.109375
0 0.67265625 0.56875 0.05078125 0.125
0 0.79765625 0.3296875 0.04921875 0.103125
0 0.8453125 0.2859375 0.04765625 0.109375
0 0.90234375 0.2953125 0.06015625 0.115625
0 0.7484375 0.3 0.04921875 0.1
0 0.734375 0.2328125 0.04765625 0.090625
0 0.6890625 0.28125 0.0546875 0.11875
0 0.6390625 0.2421875 0.0453125 0.084375
0 0.58984375 0.2828125 0.04921875 0.103125
0 0.54609375 0.2421875 0.05234375 0.103125
0 0.50546875 0.2984375 0.0578125 0.103125
0 0.44921875 0.2453125 0.04765625 0.096875
0 0.39921875 0.2921875 0.04921875 0.096875
0 0.3453125 0.303125 0.04375 0.075
0 0.29453125 0.3390625 0.04765625 0.084375
0 0.25703125 0.3015625 0.034375 0.078125
0 0.22109375 0.3265625 0.0453125 0.096875
0 0.128125 0.3328125 0.05234375 0.103125