0 0.5728530092592592 0.44317708333333333 0.1484375 0.25010416666666674
0 0.7188020833333333 0.6073437500000001 0.10103009259259252 0.16572916666666657
0 0.7670312499999999 0.6483854166666667 0.07880787037037038 0.11302083333333321
0 0.8199189814814816 0.6945833333333333 0.06151620370370372 0.09437499999999996
0 0.8501041666666665 0.7409895833333333 0.047256944444444574 0.0640625
0 0.9479629629629629 0.7396874999999999 0.06313657407407405 0.10260416666666679
0 0.9252893518518519 0.7359895833333333 0.045798611111111144 0.07770833333333335
0 0.7491319444444444 0.7398958333333333 0.04583333333333321 0.08239583333333336
0 0.7149074074074073 0.7104166666666666 0.055173611111111145 0.08020833333333321
0 0.6673611111111111 0.6828645833333333 0.05998842592592588 0.09864583333333332
0 0.5901851851851851 0.6395833333333334 0.07729166666666672 0.11885416666666657
0 0.4769560185185185 0.60234375 0.10414351851851862 0.16500000000000004
0 0.3007696759259259 0.5044791666666667 0.15130787037037036 0.21656250000000005
0 0.08225694444444445 0.6254687499999999 0.09927083333333334 0.13874999999999993
0 0.14299189814814814 0.6690625 0.07253472222222221 0.10822916666666664
0 0.2736805555555556 0.6741666666666667 0.07880787037037038 0.11302083333333321
0 0.3800173611111111 0.69078125 0.06462962962962973 0.09364583333333343
0 0.3680324074074074 0.72359375 0.05995370370370372 0.0939583333333335
0 0.4514525462962963 0.7693229166666666 0.05047453703703706 0.07739583333333329
0 0.4771932870370371 0.7816666666666666 0.05364583333333321 0.08447916666666658
0 0.5338368055555556 0.7435416666666667 0.04888888888888889 0.07385416666666664
0 0.5933043981481482 0.746875 0.05047453703703706 0.07739583333333329
0 0.2762789351851852 0.74609375 0.051979166666666646 0.06999999999999992
0 0.21364583333333337 0.7473958333333334 0.044178240740740726 0.06947916666666672
0 0.17859953703703704 0.7231770833333334 0.048946759259259266 0.08166666666666664
0 0.08462384259259259 0.7286458333333334 0.05053240740740743 0.08520833333333329
0 0.11979745370370369 0.7356770833333333 0.047384259259259265 0.08125