0 0.9428703703703704 0.6361516203703703 0.07623842592592567 0.08425925925925934
0 0.868125 0.6691493055555555 0.10607638888888893 0.10496527777777782
0 0.8105729166666666 0.6272858796296296 0.07135416666666679 0.07756944444444436
0 0.7563020833333333 0.7276909722222222 0.14866898148148167 0.1709837962962963
0 0.7145081018518518 0.6325231481481481 0.09357638888888893 0.1032060185185184
0 0.5671585648148147 0.4662268518518518 0.058946759259259275 0.05481481481481474
0 0.6274537037037037 0.64578125 0.06886574074074084 0.08472222222222214
0 0.6094212962962964 0.6830092592592593 0.09313657407407412 0.10164351851851841
0 0.5967592592592592 0.6167013888888888 0.0709143518518518 0.07600694444444436
0 0.5270370370370371 0.6248958333333332 0.07980324074074083 0.08626157407407398
0 0.587025462962963 0.8486747685185186 0.1909143518518519 0.2144444444444445
0 0.47785300925925933 0.6607407407407407 0.0989467592592593 0.10096064814814802
0 0.38488425925925923 0.64765625 0.08004629629629623 0.08179398148148138
0 0.3746643518518519 0.584693287037037 0.0693518518518518 0.07578703703703696
0 0.31082175925925926 0.5764583333333333 0.0662268518518518 0.07534722222222215
0 0.20021412037037037 0.612662037037037 0.06334490740740739 0.07043981481481473
0 0.24689236111111107 0.7145196759259258 0.09680555555555559 0.1306712962962962
0 0.43570601851851853 0.8228761574074074 0.16229166666666656 0.17140046296296313