0 0.958984375 0.6763078703703703 0.08203125 0.12562500000000015
0 0.7800347222222223 0.47463541666666664 0.09131944444444447 0.128263888888889
0 0.8020833333333333 0.7791550925925926 0.11197916666666652 0.14719907407407415
0 0.7584201388888889 0.6816550925925926 0.09583333333333321 0.12165509259259259
0 0.5796875 0.8195428240740741 0.13072916666666679 0.17773148148148152
0 0.5457465277777778 0.7804571759259259 0.12326388888888892 0.16432870370370373
0 0.5685763888888888 0.7035532407407408 0.08993055555555554 0.10855324074074062
0 0.4276041666666666 0.7437384259259259 0.09010416666666674 0.12952546296296283
0 0.3768229166666667 0.7828472222222222 0.09930555555555554 0.15074074074074062
0 0.3434027777777778 0.856087962962963 0.11215277777777777 0.1950925925925926
0 0.2598958333333333 0.8469155092592592 0.18125 0.2368171296296296