0 0.8556770833333334 0.21296875 0.11829861111111128 0.1667939814814815
0 0.781875 0.3040740740740741 0.07410879629629648 0.10561342592592596
0 0.7431828703703703 0.3336689814814815 0.0578819444444445 0.08540509259259262
0 0.6949305555555556 0.3546759259259259 0.04849537037037024 0.07122685185185187
0 0.6486747685185185 0.3296469907407408 0.10519675925925931 0.14725694444444448
0 0.617662037037037 0.3948379629629629 0.05494212962962948 0.07413194444444446
0 0.5953877314814815 0.408744212962963 0.04243055555555557 0.05928240740740733
0 0.5819907407407408 0.43062500000000004 0.03695601851851862 0.052025462962962975
0 0.5671585648148147 0.4216493055555556 0.03128472222222225 0.04320601851851844
0 0.5609837962962964 0.44653935185185184 0.03851851851851862 0.05236111111111104
0 0.5374826388888889 0.41586226851851854 0.04067129629629633 0.057384259259259274
0 0.5005324074074073 0.4618055555555555 0.04223379629629633 0.05771990740740733
0 0.4768981481481481 0.4684027777777778 0.030115740740740728 0.04599537037037038
0 0.4385185185185184 0.3747916666666667 0.1396180555555556 0.20329861111111108
0 0.41590277777777773 0.43969907407407405 0.05495370370370374 0.08629629629629636
0 0.42440393518518515 0.535167824074074 0.038124999999999964 0.049236111111111217
0 0.3052141203703703 0.50984375 0.05436342592592584 0.08160879629629622
0 0.2722164351851852 0.5062905092592593 0.056516203703703735 0.08663194444444447
0 0.21844328703703703 0.4805960648148148 0.1286574074074074 0.17662037037037043
0 0.2324363425925926 0.5505613425925926 0.04653935185185185 0.06776620370370381
0 0.2013599537037037 0.5800405092592593 0.030694444444444448 0.03851851851851862
0 0.18516782407407406 0.5637557870370371 0.03578703703703705 0.05481481481481474
0 0.15869791666666666 0.5747627314814816 0.0572916666666667 0.08071759259259252
0 0.13027199074074075 0.5892303240740742 0.0617939814814815 0.092326388888889
0 0.10040509259259259 0.578923611111111 0.0643287037037037 0.08831018518518512
0 0.10754629629629628 0.6670833333333334 0.04125000000000001 0.04990740740740733
0 0.03411168981481481 0.5130729166666667 0.06822337962962963 0.15395833333333328
0 0.05149884259259259 0.3269212962962963 0.10299768518518518 0.4305324074074074
0 0.029678819444444438 0.8043518518518518 0.059357638888888876 0.1610995370370369