0 0.115625 0.29541666666666666 0.11468750000000001 0.1721875
0 0.19453125 0.22696180555555556 0.13624999999999998 0.1759722222222222
0 0.19296875 0.36255208333333333 0.09406249999999998 0.1285069444444445
0 0.323125 0.29631944444444447 0.10968750000000008 0.1546180555555555
0 0.39625 0.2768055555555556 0.12000000000000002 0.15416666666666662
0 0.44015624999999997 0.3611284722222222 0.1046875 0.12961805555555558
0 0.55109375 0.30942708333333335 0.12062500000000007 0.14986111111111108
0 0.54609375 0.11798611111111112 0.18781250000000008 0.23597222222222225
0 0.7453125 0.2398263888888889 0.15687500000000015 0.20479166666666665
0 0.8451562499999999 0.04592013888888889 0.2565625000000001 0.09184027777777778
0 0.8876562499999998 0.24682291666666667 0.13500000000000015 0.1697222222222222
0 0.960703125 0.28069444444444447 0.07859374999999993 0.15531249999999996
0 0.98984375 0.13854166666666667 0.0203125 0.1878472222222222
0 0.71578125 0.5756423611111112 0.09624999999999986 0.12458333333333335