0 0.059375 0.2359375 0.034375 0.05625
0 0.1421875 0.25078125 0.05234375 0.06953125
0 0.184375 0.21171875 0.03984375 0.06171875
0 0.28515625 0.2546875 0.034375 0.05078125
0 0.3109375 0.25859375 0.04609375 0.06953125
0 0.38828125 0.30703125 0.05234375 0.06953125
0 0.46328125 0.3296875 0.0296875 0.06171875
0 0.5078125 0.3375 0.03203125 0.05078125
0 0.52421875 0.2625 0.03203125 0.06640625
0 0.55390625 0.3171875 0.03203125 0.05859375
0 0.55078125 0.46015625 0.0421875 0.06640625
0 0.56875 0.26171875 0.034375 0.04765625
0 0.62890625 0.228125 0.04609375 0.07734375
0 0.709375 0.20390625 0.03828125 0.06640625
0 0.7 0.2890625 0.04375 0.06171875
0 0.76484375 0.225 0.0296875 0.05078125
0 0.80234375 0.2015625 0.03203125 0.06640625
0 0.77578125 0.32265625 0.0359375 0.04765625
0 0.9046875 0.225 0.0421875 0.07734375