0 0.970564236111111 0.2759375 0.058871527777778 0.12374999999999999
0 0.9325115740740741 0.2554166666666667 0.08113425925925952 0.11697916666666668
0 0.9012731481481481 0.25296874999999996 0.06097222222222243 0.08666666666666671
0 0.9634288194444445 0.52421875 0.07314236111111114 0.28218750000000004
0 0.844074074074074 0.36854166666666666 0.1238888888888888 0.15625
0 0.8554918981481482 0.30994791666666666 0.09304398148148145 0.11135416666666664
0 0.8199247685185185 0.3103125 0.07442129629629628 0.10052083333333331
0 0.7798321759259259 0.2729166666666667 0.06793981481481488 0.09145833333333328
0 0.6690219907407406 0.29583333333333334 0.0530555555555555 0.07135416666666669
0 0.6551157407407407 0.32192708333333336 0.06207175925925927 0.07229166666666664
0 0.6593981481481481 0.36223958333333334 0.08523148148148145 0.10927083333333334
0 0.5969502314814814 0.38635416666666667 0.11656249999999986 0.14989583333333334
0 0.5522916666666667 0.5168229166666667 0.17371527777777765 0.2135416666666668
0 0.4290335648148149 0.774375 0.3227314814814815 0.3706250000000001
0 0.3806481481481482 0.34703125 0.058101851851851814 0.07416666666666671
0 0.30605324074074075 0.21354166666666669 0.051134259259259275 0.06937499999999999
0 0.3246006944444445 0.34124999999999994 0.06578703703703699 0.08208333333333329
0 0.2664930555555555 0.3517708333333333 0.06722222222222225 0.08833333333333329
0 0.22898726851851853 0.4231249999999999 0.08535879629629628 0.10343750000000003
0 0.19164930555555557 0.3941145833333334 0.0630208333333333 0.0828125
0 0.14355324074074075 0.36880208333333336 0.06122685185185186 0.075