0 0.1640625 0.428125 0.06875 0.0921875
0 0.09296875 0.39296875 0.05546875 0.078125
0 0.0765625 0.29453125 0.04375 0.06484375
0 0.19765625 0.3046875 0.04375 0.06015625
0 0.23359375 0.31640625 0.05 0.06484375
0 0.3125 0.28828125 0.0390625 0.071875
0 0.334375 0.365625 0.0609375 0.0859375
0 0.31875 0.5125 0.096875 0.15
0 0.4265625 0.4 0.05625 0.09375
0 0.39765625 0.31171875 0.0421875 0.071875
0 0.4640625 0.28984375 0.03828125 0.05625
0 0.50390625 0.2984375 0.0390625 0.05703125
0 0.49296875 0.37890625 0.05390625 0.08046875
0 0.5375 0.478125 0.10234375 0.1421875
0 0.509375 0.625 0.1140625 0.17734375
0 0.76171875 0.5453125 0.11328125 0.1421875
0 0.81484375 0.4359375 0.06328125 0.1
0 0.85234375 0.4359375 0.0546875 0.1015625
0 0.9796875 0.34609375 0.034375 0.08046875
0 0.89921875 0.3265625 0.03203125 0.06015625
0 0.8609375 0.353125 0.040625 0.06875
0 0.80546875 0.290625 0.03515625 0.05703125
0 0.75390625 0.36640625 0.0484375 0.06875
0 0.7625 0.31953125 0.046875 0.0640625
0 0.70859375 0.303125 0.0421875 0.07265625
0 0.63203125 0.2953125 0.0328125 0.0546875
0 0.5984375 0.34453125 0.0375 0.06640625
0 0.56796875 0.37578125 0.0515625 0.0796875
0 0.55546875 0.2875 0.03515625 0.0484375