0 0.35 0.565625 0.05078125 0.11015625
0 0.55390625 0.49375 0.04296875 0.09609375
0 0.61953125 0.50234375 0.04140625 0.0765625
0 0.68203125 0.3703125 0.04453125 0.08046875
0 0.8203125 0.4796875 0.04765625 0.08671875
0 0.2515625 0.46171875 0.0453125 0.07890625
0 0.23515625 0.3640625 0.04296875 0.0765625
0 0.2796875 0.30390625 0.02890625 0.0609375
0 0.3125 0.3203125 0.028125 0.0625
0 0.25078125 0.1953125 0.02578125 0.053125
0 0.26640625 0.171875 0.0203125 0.0453125
0 0.31875 0.1359375 0.0203125 0.04296875
0 0.3546875 0.10390625 0.021875 0.0546875
0 0.43671875 0.115625 0.0203125 0.0390625
0 0.43515625 0.18828125 0.034375 0.0671875
0 0.5046875 0.2015625 0.03671875 0.0609375
0 0.51640625 0.10234375 0.02109375 0.0390625
0 0.53671875 0.09921875 0.0203125 0.04140625
0 0.6 0.1984375 0.03359375 0.05078125
0 0.55703125 0.29921875 0.04140625 0.07265625
0 0.628125 0.25546875 0.04140625 0.075
0 0.6703125 0.2015625 0.028125 0.053125
0 0.69609375 0.19609375 0.0234375 0.046875
0 0.67890625 0.1703125 0.021875 0.04921875
0 0.659375 0.13359375 0.0234375 0.04296875