0 0.20177662037037036 0.4002604166666666 0.06737268518518516 0.059270833333333384
0 0.19393518518518518 0.5374363425925927 0.1096412037037037 0.10026620370370373
0 0.19239004629629627 0.49798032407407405 0.0893518518518519 0.0769444444444444
0 0.06710069444444443 0.5391145833333333 0.1340277777777778 0.1154166666666665
0 0.007057291666666665 0.5982465277777778 0.01411458333333333 0.15496527777777763
0 0.3330034722222222 0.5144560185185185 0.09883101851851847 0.09221064814814817
0 0.7275636574074074 0.5618923611111112 0.1253703703703703 0.11673611111111111
0 0.687505787037037 0.5231770833333333 0.10315972222222225 0.09155092592592595
0 0.8241898148148149 0.627818287037037 0.1772453703703704 0.167048611111111
0 0.8666319444444444 0.538912037037037 0.09821759259259259 0.10254629629629619
0 0.8223437499999999 0.5328298611111111 0.0831018518518519 0.0757407407407408