0 0.12361111111111112 0.26524305555555555 0.24722222222222223 0.3742361111111111
0 0.11975694444444444 0.861076388888889 0.11753472222222223 0.15003472222222233
0 0.2588715277777778 0.8544965277777777 0.10079861111111113 0.13034722222222223
0 0.3920486111111111 0.7673784722222223 0.22458333333333336 0.2814930555555556
0 0.5822743055555556 0.6799652777777778 0.26600694444444456 0.3329166666666666
0 0.52515625 0.9026388888888889 0.07069444444444457 0.09309027777777779
0 0.5959375 0.8863194444444444 0.04600694444444429 0.06135416666666664
0 0.6169618055555556 0.823420138888889 0.051180555555555604 0.06531249999999993
0 0.6806423611111111 0.8837152777777778 0.050694444444444285 0.06218749999999993
0 0.7549479166666666 0.7724826388888889 0.2124305555555555 0.271736111111111
0 0.836579861111111 0.8825347222222224 0.04854166666666657 0.06788194444444429
0 0.8612326388888889 0.8788888888888888 0.049861111111111 0.06659722222222228
0 0.8977083333333333 0.7424652777777778 0.042222222222222425 0.09562500000000007