0 0.5791145833333333 0.4255208333333334 0.05604166666666668 0.05925925925925921
0 0.1811574074074074 0.8805555555555555 0.07196759259259262 0.07268518518518512
0 0.27111111111111114 0.8455729166666666 0.07068287037037031 0.06799768518518512
0 0.29097800925925926 0.9099247685185186 0.09116898148148156 0.09247685185185191
0 0.3690393518518518 0.8987847222222222 0.08746527777777775 0.08454861111111142
0 0.4265046296296296 0.8371238425925925 0.08960648148148143 0.09236111111111107
0 0.3821122685185185 0.8427083333333334 0.07395833333333339 0.07436342592592596
0 0.36929398148148146 0.816869212962963 0.06486111111111104 0.06909722222222214
0 0.4641608796296296 0.772337962962963 0.0691203703703703 0.06788194444444429
0 0.5332870370370371 0.8552372685185186 0.09414351851851847 0.08657407407407405
0 0.5386111111111112 0.8050925925925926 0.08688657407407412 0.07685185185185191
0 0.5604166666666666 0.7506655092592592 0.07068287037037031 0.06799768518518512
0 0.6217013888888889 0.7002025462962964 0.06486111111111122 0.06909722222222214
0 0.6828703703703703 0.7339409722222222 0.09842592592592592 0.10219907407407405
0 0.7616956018518518 0.6837094907407407 0.09119212962962955 0.10931712962962958
0 0.786082175925926 0.6114872685185185 0.07667824074074084 0.08987268518518512
0 0.7282638888888889 0.6716435185185186 0.05604166666666668 0.059259259259259164
0 0.7075578703703703 0.6494502314814815 0.0622916666666665 0.05972222222222214