0 0.103125 0.56015625 0.06875 0.1015625
0 0.1953125 0.390625 0.02890625 0.05625
0 0.1875 0.528125 0.04765625 0.08515625
0 0.24453125 0.6015625 0.0859375 0.14140625
0 0.29921875 0.5296875 0.04609375 0.0828125
0 0.3640625 0.54140625 0.053125 0.1015625
0 0.503125 0.64296875 0.0765625 0.13359375
0 0.50703125 0.5359375 0.06484375 0.09609375
0 0.50703125 0.36640625 0.034375 0.06171875
0 0.7015625 0.47578125 0.03203125 0.06640625
0 0.73203125 0.53359375 0.04765625 0.090625
0 0.7984375 0.4796875 0.04609375 0.0640625
0 0.0796875 0.834375 0.15625 0.26640625