0 0.16442708333333333 0.27760416666666665 0.1370138888888889 0.18708333333333335
0 0.4644328703703703 0.31078125 0.11614583333333321 0.1482291666666667
0 0.8687962962962963 0.3675 0.12071759259259238 0.14072916666666674
0 0.9739612268518518 0.5221354166666666 0.05207754629629626 0.08666666666666671
0 0.905613425925926 0.5300520833333333 0.049409722222222285 0.06885416666666658
0 0.7907002314814815 0.5330208333333333 0.04295138888888879 0.05437499999999993
0 0.8044444444444444 0.5633854166666666 0.03343750000000014 0.04437499999999996
0 0.7307407407407407 0.5503125000000001 0.03513888888888879 0.05385416666666672
0 0.6743460648148147 0.49151041666666667 0.062141203703703594 0.08531250000000004
0 0.6406076388888889 0.5367708333333333 0.039849537037036954 0.05572916666666679
0 0.5670717592592592 0.48223958333333333 0.060555555555555605 0.08364583333333328
0 0.5707986111111112 0.52265625 0.042881944444444466 0.049687499999999926
0 0.5561516203703704 0.5369270833333333 0.03663194444444447 0.049270833333333285
0 0.35984953703703704 0.43036458333333333 0.0639120370370371 0.0994791666666666
0 0.36564814814814817 0.5050520833333334 0.039849537037037044 0.05572916666666679
0 0.2613715277777778 0.48697916666666663 0.05582175925925927 0.08020833333333321
0 0.28945023148148147 0.48197916666666674 0.03651620370370372 0.041458333333333285
0 0.16626736111111112 0.5073958333333334 0.0350462962962963 0.04760416666666671
0 0.1311400462962963 0.45890624999999996 0.0477314814814815 0.0609375
0 0.10463541666666668 0.4645833333333334 0.03341435185185184 0.04281250000000014
0 0.07473958333333333 0.4525 0.04609953703703704 0.05614583333333343
0 0.029467592592592594 0.40546875 0.045 0.08729166666666668