0 0.005020254629629628 0.5059895833333333 0.010040509259259256 0.0803587962962963
0 0.014829282407407402 0.45984953703703707 0.029658564814814804 0.07405092592592588
0 0.059837962962962954 0.4610358796296296 0.055902777777777767 0.0746990740740742
0 0.10399305555555553 0.4766840277777778 0.050636574074074056 0.0706018518518519
0 0.08353587962962963 0.5389641203703703 0.044907407407407396 0.055891203703703776
0 0.09230324074074073 0.574855324074074 0.05873842592592593 0.07378472222222214
0 0.14814814814814814 0.5142361111111111 0.05219907407407405 0.07092592592592588
0 0.22025462962962958 0.5235127314814815 0.0545138888888889 0.08342592592592588
0 0.26701388888888883 0.5250983796296296 0.05063657407407405 0.0706018518518519
0 0.3024016203703704 0.5705671296296296 0.054918981481481485 0.07750000000000004
0 0.3624710648148148 0.5659895833333334 0.054918981481481485 0.07750000000000004
0 0.39618055555555554 0.5591898148148149 0.052777777777777854 0.07405092592592588
0 0.4186921296296296 0.6084780092592592 0.054918981481481485 0.07750000000000004
0 0.4578703703703704 0.6028125 0.05162037037037024 0.06780092592592588
0 0.4657118055555555 0.6612268518518519 0.054918981481481485 0.07749999999999986
0 0.5089409722222222 0.6774942129629629 0.04976851851851851 0.0659143518518519
0 0.5109664351851853 0.6227488425925927 0.046643518518518515 0.06526620370370359
0 0.5613715277777778 0.6615972222222222 0.04207175925925934 0.056805555555555644
0 0.5858217592592593 0.617181712962963 0.05023148148148149 0.07652777777777775
0 0.572019675925926 0.7092361111111112 0.055324074074074046 0.07157407407407419
0 0.5929108796296296 0.6884201388888889 0.05005787037037024 0.0674768518518519
0 0.627806712962963 0.6664525462962964 0.04965277777777786 0.07340277777777793
0 0.6459490740740741 0.7042881944444445 0.04537037037037024 0.06650462962962962
0 0.6881076388888889 0.7219560185185185 0.055324074074074046 0.07157407407407419
0 0.7043113425925925 0.6782638888888889 0.04976851851851851 0.0659143518518519
0 0.7627025462962963 0.7309375 0.056076388888888926 0.08375000000000003