0 0.11640625 0.40234375 0.0328125 0.053125
0 0.13046875 0.43671875 0.028125 0.05703125
0 0.1578125 0.4140625 0.0390625 0.06015625
0 0.19296875 0.409375 0.0375 0.06640625
0 0.228125 0.4046875 0.04296875 0.06796875
0 0.2734375 0.41015625 0.04609375 0.0796875
0 0.3328125 0.43828125 0.05234375 0.08671875
0 0.403125 0.44921875 0.05390625 0.10390625
0 0.4640625 0.42890625 0.05078125 0.10234375
0 0.54765625 0.4109375 0.0328125 0.05078125
0 0.58359375 0.41171875 0.0328125 0.053125
0 0.64296875 0.4109375 0.0359375 0.0625
0 0.68828125 0.39296875 0.03125 0.0453125
0 0.75 0.41953125 0.0359375 0.0640625
0 0.790625 0.4046875 0.04609375 0.0640625
0 0.86484375 0.4421875 0.04765625 0.07578125