0 0.15390625 0.17265625 0.05625 0.0984375
0 0.22734375 0.5015625 0.06171875 0.09296875
0 0.32734375 0.4828125 0.07421875 0.10703125
0 0.3828125 0.471875 0.05 0.07890625
0 0.47734375 0.55625 0.10234375 0.12890625
0 0.509375 0.52109375 0.06171875 0.109375
0 0.59296875 0.484375 0.0421875 0.0703125
0 0.6921875 0.484375 0.05625 0.08125
0 0.70078125 0.56171875 0.078125 0.12890625
0 0.7578125 0.653125 0.14375 0.2046875
0 0.83203125 0.52109375 0.06015625 0.08671875
0 0.80625 0.49609375 0.0359375 0.0703125
0 0.9046875 0.57578125 0.078125 0.1125
0 0.95703125 0.5296875 0.05390625 0.08125
0 0.96171875 0.484375 0.03984375 0.0703125