0 0.8517592592592592 0.3908333333333333 0.095590277777778 0.11885416666666675
0 0.79296875 0.41328125 0.08372685185185205 0.10958333333333332
0 0.7506944444444444 0.36125 0.09458333333333328 0.12333333333333334
0 0.6684027777777778 0.4068229166666667 0.09016203703703703 0.1119791666666666
0 0.5796585648148149 0.4225 0.08822916666666672 0.10864583333333333
0 0.5311921296296296 0.4097395833333334 0.0703819444444445 0.08781250000000003
0 0.5089930555555556 0.3634895833333333 0.07885416666666671 0.10739583333333336
0 0.4323611111111111 0.4521354166666667 0.07480324074074077 0.09916666666666671
0 0.4144733796296296 0.3630208333333333 0.07766203703703703 0.11031250000000004
0 0.36031828703703705 0.3917708333333333 0.07186342592592591 0.10031249999999999
0 0.3291666666666667 0.33671875 0.08528935185185187 0.10979166666666665
0 0.2655613425925926 0.39979166666666666 0.0703819444444445 0.08781250000000007
0 0.2350462962962963 0.35234375 0.07342592592592592 0.10052083333333339
0 0.16994212962962962 0.395625 0.07591435185185183 0.10854166666666672
0 0.14549189814814817 0.34890625000000003 0.07480324074074077 0.09916666666666671
0 0.06417824074074074 0.37973958333333335 0.08243055555555556 0.09864583333333332