0 0.41171875 0.2078125 0.09296875 0.153125
0 0.528125 0.39609375 0.07109375 0.13125
0 0.609375 0.47421875 0.04375 0.07890625
0 0.66796875 0.4671875 0.0453125 0.10390625
0 0.72109375 0.446875 0.04921875 0.0953125
0 0.67421875 0.59453125 0.0578125 0.0953125
0 0.5984375 0.60390625 0.08359375 0.1421875
0 0.85078125 0.5890625 0.0578125 0.12265625
0 0.89296875 0.51328125 0.0546875 0.12578125
0 0.89921875 0.43046875 0.03125 0.0734375
0 0.94453125 0.49765625 0.05234375 0.10390625
0 0.9453125 0.44296875 0.03671875 0.07109375
0 0.9796875 0.4375 0.0328125 0.08203125
0 0.96015625 0.63671875 0.06171875 0.13125
0 0.91015625 0.69140625 0.06328125 0.09296875
0 0.87109375 0.80625 0.0875 0.153125
0 0.7828125 0.75390625 0.1 0.153125
0 0.7921875 0.66640625 0.07109375 0.109375
0 0.75390625 0.58203125 0.05625 0.109375
0 0.6953125 0.76875 0.0671875 0.11171875
0 0.78671875 0.9015625 0.09609375 0.13671875
0 0.55703125 0.88359375 0.1109375 0.14453125
0 0.4609375 0.76640625 0.07421875 0.1390625
0 0.22109375 0.75234375 0.0671875 0.128125
0 0.309375 0.73203125 0.06875 0.10390625
0 0.32734375 0.815625 0.07265625 0.1171875
0 0.26328125 0.89921875 0.10546875 0.175
0 0.06015625 0.81171875 0.109375 0.175
0 0.15078125 0.76484375 0.0546875 0.109375
0 0.26171875 0.64765625 0.0546875 0.0984375
0 0.18125 0.54375 0.0421875 0.065625
0 0.20546875 0.61875 0.0546875 0.084375
0 0.2 0.49453125 0.0328125 0.07109375
0 0.2390625 0.5 0.04921875 0.07109375
0 0.12265625 0.5328125 0.05625 0.0875
0 0.115625 0.57890625 0.06015625 0.065625
0 0.015625 0.5203125 0.03125 0.10078125
0 0.059375 0.5984375 0.04921875 0.0875