0 0.86484375 0.5756770833333332 0.14406250000000007 0.20085648148148144
0 0.8954861111111111 0.4817592592592592 0.06843749999999993 0.12613425925925928
0 0.7124652777777778 0.523761574074074 0.1113888888888889 0.1590046296296297
0 0.6408506944444444 0.4420775462962963 0.09638888888888886 0.14142361111111118
0 0.6656423611111111 0.6533217592592593 0.15190972222222215 0.22829861111111108
0 0.5561979166666667 0.3091435185185185 0.05284722222222236 0.08018518518518522
0 0.5304166666666668 0.4495486111111111 0.08305555555555558 0.13321759259259255
0 0.4926041666666666 0.5791840277777778 0.1369791666666668 0.19440972222222222
0 0.4303993055555555 0.4722569444444444 0.09253472222222218 0.14479166666666674
0 0.40843749999999995 0.3881423611111111 0.07375000000000002 0.11427083333333332
0 0.4569791666666667 0.318130787037037 0.058645833333333286 0.08775462962962965
0 0.3514756944444445 0.46398726851851857 0.08958333333333339 0.13653935185185193
0 0.3380902777777778 0.3593171296296296 0.06784722222222221 0.0977662037037037
0 0.28640625000000003 0.5162210648148149 0.11701388888888893 0.17394675925925931
0 0.23755208333333333 0.4680150462962963 0.08902777777777775 0.13341435185185196
0 0.2573784722222222 0.42109375 0.07253472222222221 0.09908564814814813
0 0.22484374999999995 0.3733796296296297 0.07291666666666663 0.10958333333333332
0 0.2584201388888889 0.8028472222222222 0.2036458333333333 0.3022337962962965
0 0.17184027777777777 0.5930787037037037 0.16645833333333332 0.2516898148148147
0 0.07625 0.420150462962963 0.08322916666666669 0.1258449074074075
0 0.031206597222222222 0.3879108796296296 0.062413194444444445 0.11871527777777775
0 0.02522569444444444 0.5259953703703704 0.05045138888888888 0.1755092592592593