0 0.12119212962962962 0.39261574074074074 0.09828703703703705 0.14564814814814825
0 0.12517939814814813 0.4410127314814815 0.07984953703703704 0.102349537037037
0 0.1604108796296296 0.4744907407407407 0.06834490740740744 0.084236111111111
0 0.2314409722222222 0.4508506944444444 0.0957060185185185 0.11945601851851854
0 0.28369212962962964 0.4815104166666667 0.08655092592592588 0.1122800925925926
0 0.3143344907407407 0.4898958333333333 0.0648842592592593 0.08230324074074069
0 0.1987210648148148 0.20156828703703705 0.24019675925925923 0.26753472222222224
0 0.3803587962962963 0.3907407407407407 0.13232638888888887 0.14815972222222218
0 0.3639236111111111 0.4447627314814815 0.09737268518518523 0.10594907407407402
0 0.39986689814814813 0.45171875000000006 0.07973379629629633 0.09472222222222229
0 0.43683449074074066 0.49700810185185185 0.0718055555555555 0.08616898148148149
0 0.5475 0.49751157407407404 0.055613425925925955 0.06750000000000007
0 0.5634490740740741 0.47479166666666667 0.06498842592592595 0.068611111111111
0 0.5630381944444445 0.43558449074074074 0.09078703703703699 0.1036458333333334
0 0.6273784722222222 0.4255555555555556 0.1235069444444445 0.14254629629629623
0 0.680949074074074 0.3094502314814815 0.1836921296296296 0.202974537037037
0 0.8250405092592592 0.1317939814814815 0.3400115740740741 0.263587962962963
0 0.8373668981481481 0.5080208333333334 0.06253472222222207 0.07136574074074069
0 0.9001678240740741 0.6511921296296297 0.05527777777777772 0.06593750000000007
0 0.8931828703703705 0.5254398148148148 0.07012731481481467 0.07835648148148149
0 0.951278935185185 0.5273668981481482 0.07146990740740762 0.08460648148148149
0 0.974748263888889 0.46619791666666666 0.050503472222222 0.09739583333333339
0 0.9977517361111111 0.5021122685185185 0.004496527777777715 0.079548611111111