0 0.18359375 0.3609375 0.0390625 0.0859375
0 0.2375 0.38671875 0.04453125 0.08984375
0 0.21796875 0.33828125 0.021875 0.05625
0 0.1640625 0.34609375 0.021875 0.05234375
0 0.15 0.3421875 0.021875 0.04765625
0 0.2671875 0.35625 0.03203125 0.0640625
0 0.2890625 0.359375 0.0296875 0.065625
0 0.3390625 0.3390625 0.0234375 0.04609375
0 0.36875 0.44609375 0.05546875 0.1203125
0 0.3828125 0.38828125 0.034375 0.06796875
0 0.375 0.346875 0.01875 0.0421875
0 0.4296875 0.3421875 0.02578125 0.05234375
0 0.44921875 0.35234375 0.02890625 0.0640625
0 0.49765625 0.428125 0.04921875 0.11171875
0 0.5234375 0.34609375 0.0265625 0.0640625
0 0.55625 0.375 0.03203125 0.07421875
0 0.5609375 0.34921875 0.02578125 0.0421875
0 0.62734375 0.3953125 0.0390625 0.065625
0 0.6609375 0.36875 0.02421875 0.04609375
0 0.6859375 0.3578125 0.0203125 0.05234375
0 0.734375 0.4 0.03984375 0.08828125
0 0.7546875 0.3671875 0.02578125 0.0578125
0 0.79609375 0.42578125 0.034375 0.07578125
0 0.79609375 0.378125 0.028125 0.06015625