0 0.46953125 0.34140625 0.02890625 0.0390625
0 0.91484375 0.58359375 0.0453125 0.0578125
0 0.9078125 0.64453125 0.05625 0.07578125
0 0.8984375 0.76171875 0.08984375 0.1203125
0 0.88515625 0.7109375 0.0546875 0.06953125
0 0.83359375 0.90234375 0.1421875 0.16484375
0 0.5 0.83359375 0.1015625 0.1703125
0 0.625 0.696875 0.08671875 0.12578125
0 0.70703125 0.63828125 0.06953125 0.11015625
0 0.74765625 0.59375 0.04609375 0.07578125
0 0.778125 0.575 0.04609375 0.06796875
0 0.6546875 0.553125 0.04609375 0.0640625
0 0.6046875 0.60078125 0.04609375 0.065625
0 0.546875 0.60390625 0.05625 0.0796875
0 0.5484375 0.53515625 0.0359375 0.065625
0 0.48515625 0.5734375 0.04921875 0.0734375
0 0.465625 0.66875 0.06484375 0.09296875
0 0.403125 0.59921875 0.05234375 0.08515625
0 0.275 0.76953125 0.096875 0.14765625
0 0.31015625 0.6234375 0.078125 0.10625
0 0.3421875 0.52421875 0.0375 0.05625
0 0.25703125 0.52578125 0.0390625 0.06015625
0 0.26171875 0.49921875 0.0359375 0.04453125
0 0.0890625 0.6828125 0.0828125 0.121875
0 0.0296875 0.54140625 0.05078125 0.07578125
0 0.040625 0.48125 0.0375 0.0484375
0 0.1046875 0.5078125 0.03359375 0.05390625
0 0.1453125 0.53671875 0.0359375 0.0578125
0 0.14140625 0.484375 0.03359375 0.05
0 0.18359375 0.509375 0.0359375 0.0578125