0 0.12799768518518523 0.8360300925925926 0.18167824074074074 0.193599537037037
0 0.26014467592592594 0.7099710648148149 0.09391203703703699 0.10401620370370371
0 0.39235532407407414 0.6722222222222223 0.08910879629629634 0.0958333333333334
0 0.4331018518518519 0.6491203703703704 0.0884374999999999 0.09270833333333339
0 0.5075636574074075 0.60375 0.09357638888888893 0.1024537037037037
0 0.5456944444444444 0.5680150462962963 0.12082175925925931 0.1300462962962964
0 0.5817303240740741 0.588107638888889 0.0941319444444444 0.09795138888888885
0 0.6737615740740741 0.5566435185185185 0.07995370370370374 0.08865740740740727
0 0.6896527777777778 0.5783622685185186 0.05672453703703706 0.05849537037037038
0 0.707488425925926 0.5130555555555556 0.09804398148148152 0.10907407407407402
0 0.7412268518518518 0.550931712962963 0.0691203703703703 0.07366898148148149
0 0.7798553240740741 0.5235127314814815 0.06599537037037032 0.073298611111111
0 0.8101099537037036 0.5031770833333333 0.06342592592592596 0.06842592592592603
0 0.8507870370370372 0.5052083333333334 0.04601851851851855 0.07245370370370381
0 0.8569039351851853 0.4412905092592593 0.06936342592592623 0.11024305555555554
0 0.8678877314814816 0.4575 0.04068287037037024 0.11141203703703706