0 0.2421875 0.4375 0.0359375 0.05703125
0 0.16484375 0.5921875 0.05234375 0.06796875
0 0.29765625 0.6140625 0.0671875 0.08828125
0 0.3609375 0.5546875 0.05234375 0.059375
0 0.51171875 0.56640625 0.053125 0.07734375
0 0.6015625 0.6671875 0.09921875 0.14296875
0 0.52421875 0.54609375 0.034375 0.0421875
0 0.696875 0.565625 0.05625 0.06484375
0 0.70390625 0.53671875 0.0328125 0.03828125
0 0.7703125 0.5796875 0.0546875 0.08828125
0 0.78828125 0.5375 0.0328125 0.04609375
0 0.84609375 0.5390625 0.034375 0.06015625
0 0.87421875 0.534375 0.04375 0.0765625
0 0.9 0.51484375 0.02421875 0.04765625
0 0.934375 0.546875 0.03828125 0.06875
0 0.9390625 0.78515625 0.1203125 0.23828125