0 0.04532986111111111 0.340943287037037 0.08034722222222221 0.11075231481481485
0 0.19598958333333333 0.3836574074074074 0.06434027777777773 0.0858564814814815
0 0.43088541666666663 0.44605902777777773 0.059652777777777645 0.08484953703703706
0 0.465625 0.45829861111111114 0.05340277777777782 0.08350694444444429
0 0.6375694444444445 0.49443865740740733 0.043229166666666784 0.05526620370370381
0 0.6975173611111111 0.5097048611111111 0.04107638888888889 0.06553240740740733
0 0.7844270833333333 0.5172280092592592 0.03371527777777779 0.05168981481481474
0 0.8331597222222221 0.5332696759259259 0.03357638888888914 0.050127314814814736
0 0.9391319444444445 0.5950462962962962 0.0297569444444445 0.04164351851851862
0 0.9103819444444443 0.5960358796296296 0.026215277777777858 0.03628472222222214
0 0.8715104166666666 0.6123668981481482 0.023229166666666856 0.03717592592592602
0 0.8101041666666667 0.6135069444444444 0.0281944444444445 0.041307870370370384
0 0.7682118055555556 0.6459085648148148 0.030312499999999964 0.04789351851851862
0 0.7075520833333334 0.5580381944444444 0.0296180555555555 0.04008101851851862
0 0.6694097222222222 0.5482523148148147 0.025208333333333322 0.04219907407407408
0 0.7030555555555555 0.6175810185185184 0.019548611111111214 0.030254629629629548
0 0.7009201388888889 0.6505613425925926 0.019409722222222214 0.028692129629629547
0 0.6814930555555556 0.6272800925925927 0.021388888888888857 0.03371527777777779
0 0.6731597222222222 0.649375 0.015868055555555573 0.023333333333333428
0 0.6515972222222223 0.6232465277777777 0.019270833333333216 0.02712962962962955
0 0.6349479166666667 0.6403703703703704 0.015868055555555573 0.023333333333333428
0 0.6065451388888888 0.6374537037037037 0.019409722222222214 0.028692129629629547
0 0.5734722222222223 0.6064641203703703 0.0233680555555555 0.03873842592592584
0 0.5214583333333334 0.6542071759259259 0.01444444444444457 0.024560185185185192
0 0.5063020833333333 0.6366203703703703 0.01913194444444457 0.025567129629629547
0 0.38196180555555553 0.6919155092592593 0.017847222222222216 0.02835648148148149
0 0.007239583333333332 0.55671875 0.014479166666666664 0.05805555555555557
0 0.03345486111111111 0.582019675925926 0.028472222222222232 0.04443287037037038
0 0.06239583333333334 0.6057523148148147 0.027916666666666673 0.03818287037037038
0 0.08394097222222222 0.5872916666666667 0.03017361111111112 0.04633101851851862
0 0.09156249999999999 0.5284201388888888 0.037673611111111116 0.061736111111111214
0 0.11378472222222222 0.5650405092592592 0.029166666666666653 0.05224537037037038
0 0.17008680555555555 0.5675810185185185 0.03187500000000001 0.048229166666666504
0 0.19463541666666667 0.4884606481481481 0.04861111111111107 0.06408564814814817
0 0.21402777777777776 0.5658738425925927 0.03499999999999999 0.04890046296296298
0 0.3408159722222222 0.5278240740740741 0.04562500000000007 0.06497685185185187
0 0.4384201388888889 0.5583449074074074 0.025624999999999964 0.04688657407407408
0 0.4401041666666667 0.5841840277777777 0.02791666666666668 0.03818287037037038
0 0.4171875 0.5912037037037037 0.025208333333333322 0.04219907407407408
0 0.40743055555555563 0.611400462962963 0.02552083333333326 0.028472222222222142
0 0.3863715277777778 0.6243923611111111 0.027500000000000035 0.033495370370370384
0 0.33277777777777773 0.6272106481481481 0.017569444444444395 0.025231481481481487
0 0.29946180555555557 0.6168692129629629 0.025937500000000037 0.033159722222222146
0 0.27024305555555556 0.6320891203703705 0.019270833333333303 0.02712962962962955
0 0.23069444444444445 0.6291666666666667 0.017708333333333392 0.026793981481481488
0 0.21557291666666667 0.6291030092592592 0.012743055555555572 0.022662037037036953
0 0.44331597222222224 0.6286631944444444 0.017847222222222216 0.02835648148148149
0 0.4467534722222222 0.6437326388888889 0.019131944444444392 0.025567129629629724
0 0.46263888888888893 0.6352025462962964 0.014722222222222215 0.02768518518518519
0 0.4691493055555556 0.6246585648148149 0.019270833333333216 0.02712962962962955
0 0.47958333333333336 0.5878877314814815 0.020972222222222215 0.029027777777777784
0 0.5049826388888888 0.6156365740740741 0.02124999999999986 0.03215277777777779
0 0.5199479166666666 0.5726736111111111 0.028611111111111143 0.04599537037037038
0 0.5623437499999999 0.579392361111111 0.025208333333333322 0.04219907407407408
0 0.5371180555555556 0.5317766203703703 0.038541666666666786 0.05425925925925927
0 0.6173958333333334 0.5601678240740741 0.03229166666666661 0.05291666666666668
0 0.6377430555555555 0.5462268518518518 0.02677083333333332 0.04253472222222214