0 0.8423611111111111 0.8106655092592593 0.17181712962962975 0.24826388888888867
0 0.9323784722222221 0.6902893518518518 0.12459490740740761 0.18596064814814817
0 0.6225115740740741 0.8545775462962963 0.17569444444444446 0.26931712962962956
0 0.7394097222222222 0.5400057870370369 0.08043981481481488 0.12283564814814803
0 0.6205150462962963 0.5288599537037036 0.11111111111111108 0.15643518518518534
0 0.5076099537037038 0.4494386574074074 0.05758101851851851 0.09108796296296298
0 0.4171296296296296 0.43186342592592586 0.07858796296296297 0.11465277777777776
0 0.34956597222222224 0.4685069444444444 0.11626157407407404 0.17004629629629625
0 0.30859375 0.19859953703703703 0.09855324074074075 0.15190972222222224
0 0.15471643518518519 0.35107638888888887 0.09056712962962962 0.14537037037037043
0 0.0923900462962963 0.4454918981481481 0.10549768518518517 0.17214120370370373