0 0.9062847222222222 0.5510300925925926 0.04383101851851841 0.06744212962962966
0 0.8988194444444446 0.6096296296296296 0.03960648148148138 0.05960648148148149
0 0.8233159722222222 0.5292997685185185 0.05342592592592581 0.06907407407407398
0 0.7232581018518518 0.6067650462962962 0.045196759259259166 0.05496527777777764
0 0.6947685185185185 0.592476851851852 0.046516203703703775 0.06434027777777765
0 0.6557986111111112 0.4248263888888889 0.09320601851851862 0.15209490740740744
0 0.5876388888888888 0.3867824074074074 0.12396990740740747 0.1710532407407408
0 0.6406076388888889 0.5772164351851852 0.050960648148148026 0.07373842592592598
0 0.5973958333333333 0.567511574074074 0.050960648148148026 0.07373842592592598
0 0.5065046296296296 0.5465046296296296 0.0496412037037036 0.06436342592592581
0 0.5127604166666667 0.4964988425925926 0.06790509259259263 0.08322916666666665
0 0.5333217592592593 0.5615625 0.03894675925925917 0.054918981481481485
0 0.5213425925925925 0.5966666666666667 0.03137731481481474 0.045497685185185155
0 0.4830613425925926 0.5963831018518518 0.03714120370370377 0.06427083333333332
0 0.45430555555555563 0.5617592592592592 0.04717592592592581 0.06902777777777765
0 0.4076620370370371 0.5653240740740741 0.038287037037036994 0.05023148148148149
0 0.3717361111111111 0.5705324074074074 0.0447106481481482 0.07369212962962965
0 0.38297453703703704 0.6073726851851852 0.03137731481481483 0.045497685185185155
0 0.3434259259259259 0.5883101851851852 0.03269675925925926 0.054872685185185156
0 0.3226041666666667 0.5584374999999999 0.04273148148148147 0.05962962962962948
0 0.29923611111111115 0.5911111111111111 0.034502314814814826 0.04552083333333332
0 0.2756539351851852 0.5752951388888888 0.032037037037037044 0.05018518518518533
0 0.24967592592592594 0.5876157407407407 0.036967592592592614 0.04085648148148149
0 0.2582175925925926 0.6158333333333333 0.03516203703703704 0.05020833333333332
0 0.25527199074074075 0.5422974537037037 0.04273148148148147 0.05962962962962966
0 0.3082986111111111 0.44336805555555553 0.08480324074074072 0.1145717592592593
0 0.13048611111111114 0.4842824074074074 0.08167824074074073 0.11454861111111114
0 0.10670717592592593 0.586556712962963 0.045196759259259256 0.05496527777777764
0 0.1482465277777778 0.59703125 0.03137731481481483 0.045497685185185335
0 0.18969328703703706 0.5637094907407407 0.04585648148148147 0.05965277777777782
0 0.2027025462962963 0.5935243055555556 0.03269675925925926 0.054872685185185156
0 0.21533564814814815 0.6037847222222222 0.029571759259259256 0.05484953703703699
0 0.1739178240740741 0.5980034722222223 0.028252314814814827 0.04547453703703699