0 0.028958333333333343 0.5957465277777778 0.057916666666666686 0.19901620370370382
0 0.27969907407407407 0.116015625 0.1810300925925926 0.23203125
0 0.23212962962962963 0.461400462962963 0.10620370370370369 0.14409722222222215
0 0.25162615740740746 0.5183159722222223 0.11715277777777777 0.16759259259259257
0 0.033663194444444454 0.8252025462962962 0.06732638888888891 0.18917824074074058
0 0.27971064814814817 0.6829282407407408 0.16984953703703703 0.21371527777777768
0 0.3510011574074074 0.41287615740740746 0.09325231481481477 0.13188657407407406
0 0.43858217592592597 0.4447627314814815 0.09414351851851852 0.1291666666666666
0 0.4635706018518519 0.35934606481481485 0.08453703703703716 0.11192129629629628
0 0.5144907407407407 0.39704861111111117 0.09168981481481495 0.13148148148148148
0 0.555462962962963 0.3642939814814815 0.08052083333333329 0.11383101851851851
0 0.5207870370370371 0.5119791666666667 0.15153935185185183 0.1971643518518519
0 0.47254050925925933 0.6816261574074074 0.2036921296296296 0.2682291666666668
0 0.5844791666666668 0.5589120370370371 0.14943287037037045 0.22170138888888893
0 0.643888888888889 0.4815393518518518 0.1116782407407408 0.15584490740740745
0 0.6909548611111112 0.42728587962962966 0.08666666666666671 0.12870370370370363
0 0.66734375 0.34487847222222223 0.07795138888888893 0.10873842592592595
0 0.6120949074074075 0.3651041666666667 0.07549768518518504 0.11105324074074074
0 0.7012731481481482 0.5337962962962963 0.12876157407407404 0.17355324074074083
0 0.7685416666666667 0.47135416666666663 0.08912037037037024 0.12638888888888894
0 0.7560243055555556 0.4059895833333333 0.08766203703703698 0.11273148148148149