0 0.9549131944444443 0.5966261574074074 0.027152777777777713 0.05436342592592584
0 0.8047569444444445 0.644519675925926 0.039861111111110945 0.062013888888888855
0 0.7226909722222222 0.6590798611111112 0.049374999999999857 0.06736111111111107
0 0.6648090277777777 0.6090277777777777 0.03979166666666671 0.06045138888888886
0 0.5932638888888888 0.6168055555555556 0.040138888888888856 0.06826388888888886
0 0.5665104166666668 0.5888194444444445 0.02666666666666657 0.04342592592592602
0 0.545 0.5396585648148149 0.02013888888888893 0.03569444444444443
0 0.47829861111111105 0.6390277777777778 0.055034722222222145 0.09034722222222236
0 0.4330555555555556 0.5602777777777778 0.02347222222222225 0.04112268518518505
0 0.38935763888888886 0.498900462962963 0.02170138888888893 0.03606481481481474
0 0.3583159722222222 0.5309664351851853 0.02156250000000002 0.03293981481481474
0 0.34645833333333337 0.5598495370370371 0.03496527777777771 0.056215277777777926
0 0.2690451388888889 0.5747395833333334 0.0677777777777778 0.1335648148148149
0 0.22847222222222224 0.5141030092592592 0.030486111111111124 0.059791666666666646
0 0.19866319444444444 0.5217245370370371 0.024027777777777804 0.05362268518518505
0 0.11180555555555556 0.5328298611111111 0.04069444444444446 0.08076388888888886
0 0.035833333333333335 0.4931770833333333 0.026944444444444448 0.049675925925926026
0 0.09024305555555555 0.6390335648148149 0.06993055555555554 0.1124305555555555