0 0.05669560185185185 0.3935821759259259 0.07179398148148149 0.12980324074074073
0 0.022896412037037038 0.5733217592592592 0.045792824074074076 0.11064814814814809
0 0.06756365740740741 0.6640277777777778 0.06152777777777776 0.11650462962962962
0 0.15481481481481482 0.37269675925925927 0.07622685185185185 0.12785879629629626
0 0.2445023148148148 0.3707696759259259 0.06857638888888892 0.10909722222222218
0 0.3358275462962963 0.33935185185185185 0.07103009259259263 0.12042824074074074
0 0.42082754629629626 0.33860532407407407 0.06697916666666667 0.12706018518518522
0 0.5041377314814814 0.3398148148148148 0.061273148148148236 0.11337962962962962
0 0.595949074074074 0.35877893518518517 0.06516203703703702 0.12354166666666674
0 0.6878819444444444 0.33868634259259256 0.07259259259259246 0.12082175925925931
0 0.7768634259259259 0.30785879629629626 0.07568287037037039 0.13996527777777779
0 0.8705034722222222 0.29498842592592595 0.06672453703703703 0.12393518518518523
0 0.8002314814814815 0.47185185185185186 0.061655092592592456 0.11806712962962962
0 0.7108217592592593 0.5173263888888888 0.057511574074074014 0.10478009259259266
0 0.6453993055555556 0.5031944444444444 0.060254629629629616 0.10087962962962962
0 0.5716840277777777 0.478142361111111 0.07217592592592581 0.13449074074074083
0 0.473119212962963 0.5044965277777778 0.05438657407407419 0.10399305555555553
0 0.4148206018518518 0.4686747685185185 0.06723379629629633 0.13018518518518504
0 0.3341956018518519 0.5096412037037037 0.06545138888888893 0.10831018518518505
0 0.24776041666666665 0.5092187499999999 0.07947916666666668 0.1302083333333332
0 0.15397569444444445 0.5144733796296297 0.0634722222222222 0.1215856481481481
0 0.1345775462962963 0.6586284722222222 0.06478009259259258 0.11885416666666657
0 0.2189236111111111 0.6565162037037038 0.057511574074074104 0.10478009259259266
0 0.2647164351851852 0.6579918981481482 0.059837962962962975 0.11454861111111114
0 0.3169849537037037 0.6739062499999999 0.06207175925925927 0.1043981481481481
0 0.3833912037037037 0.6571817129629629 0.05493055555555557 0.09188657407407419
0 0.4449537037037038 0.662337962962963 0.06194444444444436 0.10283564814814809
0 0.5170833333333333 0.6411111111111112 0.06101851851851858 0.11025462962962962
0 0.5862962962962963 0.627505787037037 0.06101851851851858 0.11025462962962962
0 0.5996064814814815 0.7083275462962962 0.05987268518518505 0.09619212962962961
0 0.6550520833333333 0.7509895833333333 0.06388888888888893 0.10791666666666658
0 0.445943287037037 0.7722800925925926 0.058946759259259275 0.10361111111111114
0 0.38472800925925926 0.7440798611111111 0.06021990740740737 0.11923611111111114
0 0.29879050925925926 0.7657233796296297 0.05569444444444445 0.10126157407407418
0 0.19619212962962965 0.7946238425925927 0.06219907407407406 0.1059606481481481
0 0.13483796296296297 0.7963020833333333 0.06207175925925927 0.1043981481481481
0 0.08228587962962965 0.8026504629629629 0.05556712962962964 0.09969907407407419