0 0.9254398148148149 0.6461805555555555 0.04585648148148138 0.05789351851851841
0 0.7646469907407407 0.6388599537037037 0.04201388888888893 0.054050925925925954
0 0.6768055555555555 0.6527314814814815 0.04201388888888893 0.054050925925925954
0 0.7737789351851851 0.9299508101851852 0.12988425925925923 0.14009837962962948
0 0.856388888888889 0.880462962962963 0.10275462962962933 0.13164351851851847
0 0.9345428240740741 0.8244039351851852 0.06337962962962962 0.08263888888888893
0 0.9848871527777778 0.8487962962962964 0.03022569444444443 0.05776620370370367
0 0.9940306712962963 0.8326099537037038 0.011938657407407405 0.046597222222222
0 0.9991898148148148 0.8046412037037036 0.0016203703703702387 0.055486111111111215
0 0.8773148148148149 0.775 0.04309027777777778 0.05873842592592595
0 0.8346412037037038 0.7696412037037037 0.05221064814814795 0.07267361111111122
0 0.7751273148148148 0.7715162037037037 0.06314814814814813 0.07518518518518516
0 0.7039988425925927 0.7840451388888889 0.06891203703703716 0.08094907407407419
0 0.6189004629629629 0.8163078703703703 0.07334490740740733 0.09380787037037024
0 0.5932349537037037 0.964056712962963 0.14153935185185187 0.07188657407407391
0 0.27450810185185187 0.8215914351851851 0.11597222222222223 0.13763888888888892
0 0.5047569444444445 0.8574421296296297 0.081388888888889 0.1030555555555555
0 0.4180034722222222 0.7664756944444445 0.07311342592592585 0.08635416666666665
0 0.5090219907407407 0.759994212962963 0.06266203703703717 0.07951388888888893
0 0.5683796296296297 0.7381018518518518 0.0530555555555555 0.06990740740740745
0 0.6521238425925926 0.7321701388888889 0.04921296296296305 0.06606481481481481
0 0.7007002314814815 0.7277835648148148 0.04357638888888893 0.05440972222222236
0 0.6118171296296296 0.708113425925926 0.045497685185185335 0.056331018518518405
0 0.5417361111111111 0.6994212962962963 0.039733796296296295 0.050567129629629545
0 0.46923611111111113 0.7027546296296296 0.06099537037037024 0.06581018518518533
0 0.40343171296296293 0.5869965277777778 0.048368055555555546 0.0688310185185184
0 0.36084490740740743 0.6593634259259259 0.039733796296296295 0.050567129629629545
0 0.2944097222222222 0.718113425925926 0.06806712962962962 0.08371527777777779
0 0.2570949074074075 0.6555208333333333 0.05846064814814813 0.0741087962962963
0 0.19019097222222225 0.65421875 0.042731481481481516 0.05717592592592595
0 0.1775173611111111 0.6957118055555556 0.03371527777777779 0.05658564814814824