0 0.4222222222222222 0.6538194444444445 0.04982638888888893 0.055659722222222284
0 0.31918402777777777 0.5781770833333333 0.07309027777777785 0.082673611111111
0 0.22256944444444446 0.6270833333333334 0.07256944444444446 0.077986111111111
0 0.14201388888888888 0.5805555555555555 0.10538194444444446 0.12079861111111115
0 0.11840277777777779 0.6457638888888889 0.07013888888888889 0.08416666666666668
0 0.06319444444444444 0.6586805555555555 0.09270833333333335 0.10493055555555557
0 0.02309027777777778 0.6803125 0.04618055555555556 0.10173611111111107
0 0.00824652777777778 0.6124131944444444 0.01649305555555556 0.11892361111111108
0 0.44461805555555556 0.4803125 0.11875 0.12888888888888878
0 0.49418402777777776 0.3708854166666667 0.1807291666666666 0.19572916666666665
0 0.565625 0.4222916666666666 0.10642361111111107 0.11614583333333339
0 0.5784722222222223 0.48201388888888885 0.061111111111111074 0.07305555555555561
0 0.6220486111111111 0.45454861111111117 0.06371527777777786 0.06843749999999993
0 0.6844618055555556 0.43289930555555556 0.09340277777777786 0.09715277777777782
0 0.7105902777777777 0.3941319444444445 0.08819444444444446 0.09236111111111107
0 0.7713541666666667 0.33822916666666664 0.12100694444444446 0.12114583333333329
0 0.7881944444444444 0.3830555555555556 0.08628472222222214 0.08920138888888882
0 0.8349826388888889 0.33369791666666665 0.09479166666666652 0.10965277777777782
0 0.8981770833333332 0.3821701388888889 0.08159722222222214 0.08909722222222224
0 0.9141493055555555 0.3225868055555556 0.09166666666666679 0.12361111111111107