0 0.00962384259259258 0.6157407407407407 0.01924768518518516 0.10578703703703703
0 0.019661458333333326 0.520457175925926 0.03932291666666665 0.08072916666666678
0 0.061255787037037025 0.5513020833333334 0.09079861111111112 0.0987268518518519
0 0.09801504629629629 0.5271122685185186 0.07395833333333332 0.07447916666666661
0 0.1105671296296296 0.49858217592592596 0.06613425925925923 0.06776620370370381
0 0.3458043981481481 0.4382233796296296 0.0677083333333333 0.0740162037037038
0 0.4103298611111111 0.29160879629629627 0.05322916666666662 0.05914351851851851
0 0.3779282407407407 0.6972800925925926 0.19722222222222224 0.19861111111111107
0 0.37914351851851846 0.5706886574074075 0.1479282407407408 0.15509259259259273
0 0.40037615740740734 0.4955150462962963 0.10292824074074076 0.11035879629629637
0 0.4147453703703704 0.4354166666666666 0.0943171296296296 0.10052083333333325
0 0.4925173611111111 0.4097222222222222 0.07593750000000003 0.08842592592592595
0 0.528443287037037 0.4131944444444445 0.08493055555555565 0.09369212962962958
0 0.5713541666666666 0.44068287037037035 0.10918981481481467 0.11695601851851851
0 0.619068287037037 0.509982638888889 0.14283564814814814 0.14704861111111106
0 0.7669791666666665 0.57109375 0.1953009259259259 0.2153356481481481
0 0.7927604166666666 0.362181712962963 0.08493055555555565 0.09369212962962958
0 0.7390625 0.3592592592592593 0.07788194444444443 0.08396990740740744
0 0.6939872685185184 0.3403645833333333 0.07553240740740748 0.0807291666666666
0 0.789704861111111 0.3256076388888889 0.07395833333333339 0.0744791666666667
0 0.8480787037037036 0.33431712962962956 0.08255787037037052 0.07818287037037042
0 0.8667361111111112 0.3820023148148148 0.057962962962962904 0.08402777777777785