0 0.51328125 0.27890625 0.0140625 0.028125
0 0.46640625 0.2921875 0.0125 0.0203125
0 0.45 0.2921875 0.01484375 0.02421875
0 0.421875 0.30703125 0.0109375 0.0203125
0 0.4234375 0.27890625 0.0140625 0.0203125
0 0.396875 0.29140625 0.0140625 0.02265625
0 0.37421875 0.2921875 0.0140625 0.02421875
0 0.37265625 0.3109375 0.01484375 0.03203125
0 0.3578125 0.3296875 0.0171875 0.02421875
0 0.34296875 0.2953125 0.01875 0.0265625
0 0.3265625 0.2625 0.0140625 0.02421875
0 0.296875 0.26484375 0.0140625 0.0265625
0 0.271875 0.2703125 0.0109375 0.02265625
0 0.278125 0.32109375 0.02109375 0.03359375
0 0.39765625 0.396875 0.02265625 0.0375
0 0.34453125 0.4859375 0.03359375 0.05859375
0 0.33828125 0.3859375 0.02109375 0.04296875
0 0.309375 0.45546875 0.04140625 0.07734375
0 0.27734375 0.44296875 0.025 0.05078125
0 0.26953125 0.3703125 0.01875 0.03359375
0 0.23046875 0.334375 0.02109375 0.0375
0 0.21796875 0.459375 0.0359375 0.065625
0 0.1984375 0.43203125 0.02265625 0.0375
0 0.1640625 0.41953125 0.0296875 0.0453125
0 0.13671875 0.36953125 0.0265625 0.03984375
0 0.11015625 0.41484375 0.025 0.0359375
0 0.09140625 0.30703125 0.0203125 0.03203125
0 0.05625 0.43671875 0.0453125 0.0546875
0 0.05703125 0.5 0.0484375 0.07890625
0 0.12578125 0.61875 0.0984375 0.12421875
0 0.015625 0.3703125 0.02890625 0.0453125
0 0.021875 0.3515625 0.0234375 0.03359375
0 0.0078125 0.28984375 0.015625 0.0296875
0 0.02578125 0.23125 0.02109375 0.0375
0 0.04140625 0.28125 0.0203125 0.03203125
0 0.0796875 0.225 0.01875 0.03203125
0 0.0984375 0.25546875 0.02109375 0.03359375
0 0.121875 0.29765625 0.02109375 0.03203125
0 0.14140625 0.2671875 0.0171875 0.0265625
0 0.16875 0.2578125 0.0171875 0.0265625
0 0.20390625 0.25390625 0.0171875 0.03359375
0 0.20390625 0.290625 0.0203125 0.028125
0 0.23359375 0.2765625 0.0171875 0.0296875
0 0.5875 0.3625 0.0203125 0.0375
0 0.5859375 0.403125 0.0296875 0.05078125
0 0.621875 0.434375 0.03125 0.06015625
0 0.63984375 0.50625 0.0578125 0.10703125
0 0.6359375 0.3484375 0.02265625 0.04296875
0 0.67109375 0.38515625 0.025 0.05234375
0 0.6765625 0.34765625 0.0234375 0.03359375
0 0.70390625 0.3234375 0.0203125 0.0296875
0 0.71171875 0.34375 0.02109375 0.03359375
0 0.728125 0.37109375 0.0265625 0.046875
0 0.7421875 0.43046875 0.04140625 0.0640625
0 0.81796875 0.44453125 0.05390625 0.09609375
0 0.753125 0.3546875 0.02109375 0.0359375
0 0.76484375 0.33359375 0.0203125 0.0359375
0 0.77109375 0.3109375 0.0171875 0.03203125
0 0.87421875 0.32109375 0.02890625 0.05234375
0 0.9296875 0.4 0.05234375 0.0828125
0 0.9671875 0.31171875 0.03515625 0.05625
0 0.9765625 0.38046875 0.0375 0.0734375