0 0.03671875 0.66015625 0.0265625 0.08203125
0 0.08671875 0.68125 0.0359375 0.09609375
0 0.1203125 0.79921875 0.059375 0.16015625
0 0.17734375 0.73828125 0.0421875 0.09609375
0 0.3625 0.8984375 0.075 0.1671875
0 0.7640625 0.934375 0.053125 0.103125
0 0.10859375 0.50703125 0.0203125 0.0390625
0 0.08203125 0.5015625 0.0140625 0.0359375
0 0.20390625 0.5234375 0.0140625 0.04296875
0 0.2296875 0.50546875 0.0125 0.028125
0 0.27109375 0.56015625 0.0171875 0.04609375
0 0.23359375 0.5625 0.0140625 0.0359375
0 0.25078125 0.51796875 0.0109375 0.025
0 0.33125 0.540625 0.01875 0.0359375
0 0.3984375 0.62421875 0.034375 0.06796875
0 0.440625 0.6546875 0.021875 0.0640625
0 0.503125 0.67421875 0.025 0.06796875
0 0.5484375 0.63359375 0.01875 0.04296875
0 0.56875 0.58359375 0.01875 0.04296875
0 0.5875 0.690625 0.021875 0.05
0 0.6234375 0.64765625 0.025 0.078125
0 0.6671875 0.6796875 0.034375 0.0921875
0 0.7125 0.7046875 0.028125 0.078125
0 0.69609375 0.6390625 0.0234375 0.053125
0 0.67265625 0.578125 0.0203125 0.053125
0 0.63046875 0.5625 0.0140625 0.05
0 0.5890625 0.54609375 0.01875 0.0390625
0 0.77734375 0.6140625 0.0234375 0.06015625
0 0.73671875 0.6640625 0.0265625 0.075
0 0.8015625 0.71875 0.034375 0.08515625
0 0.76171875 0.578125 0.0203125 0.04609375
0 0.790625 0.54296875 0.015625 0.0390625
0 0.8078125 0.6015625 0.015625 0.0359375
0 0.12578125 0.421875 0.0171875 0.03203125
0 0.1546875 0.4125 0.009375 0.0359375