0 0.09933449074074074 0.17657986111111112 0.054629629629629625 0.09197916666666668
0 0.22870370370370371 0.12369791666666667 0.11597222222222223 0.15565972222222224
0 0.34571759259259255 0.1406423611111111 0.10306712962962958 0.1425
0 0.3728298611111111 0.1719965277777778 0.052430555555555536 0.07451388888888885
0 0.39207175925925924 0.2244097222222222 0.0671875 0.0957638888888889
0 0.44759837962962956 0.1948784722222222 0.08825231481481488 0.11968749999999999
0 0.4997106481481482 0.20055555555555554 0.065625 0.09548611111111108
0 0.5367766203703704 0.22463541666666664 0.054166666666666786 0.07947916666666668
0 0.5951678240740741 0.1875173611111111 0.07193287037037024 0.09815972222222222
0 0.6047743055555556 0.23456597222222225 0.07048611111111107 0.10100694444444444
0 0.6317418981481482 0.21954861111111112 0.06070601851851851 0.08840277777777779
0 0.6958333333333333 0.2301736111111111 0.065625 0.09548611111111116
0 0.7075810185185185 0.2501041666666667 0.04600694444444446 0.06871527777777775
0 0.7811053240740742 0.2818576388888889 0.07395833333333339 0.1109375
0 0.8435474537037037 0.2691840277777778 0.03952546296296298 0.06135416666666664
0 0.8826967592592594 0.30704861111111115 0.08015046296296298 0.1104861111111111