0 0.04596354166666667 0.6082291666666666 0.09192708333333334 0.18603009259259268
0 0.10503472222222224 0.49821180555555555 0.11579861111111107 0.17520833333333333
0 0.22369791666666666 0.35668402777777775 0.08506944444444446 0.1325925925925926
0 0.3486979166666667 0.32330439814814815 0.056944444444444464 0.08589120370370366
0 0.409375 0.6174710648148147 0.12013888888888893 0.1867476851851851
0 0.4326388888888889 0.5660937500000001 0.09600694444444433 0.14846064814814816
0 0.4530381944444445 0.4902256944444444 0.09756944444444446 0.14876157407407398
0 0.5796006944444445 0.4643287037037037 0.07430555555555554 0.11828703703703702
0 0.5807291666666666 0.7486226851851852 0.18142361111111108 0.2841782407407408
0 0.6998263888888889 0.8943402777777777 0.29253472222222215 0.21131944444444448
0 0.659375 0.46453125 0.05381944444444446 0.08528935185185187
0 0.7077256944444444 0.4459143518518519 0.04861111111111107 0.07969907407407409
0 0.7394965277777777 0.4903356481481481 0.05225694444444447 0.08498842592592588
0 0.7890625 0.48232638888888885 0.0734375 0.11047453703703702
0 0.7944444444444445 0.5416145833333333 0.07378472222222214 0.09983796296296284
0 0.8913194444444444 0.5818171296296295 0.1125 0.15928240740740734