0 0.14375 0.17890625 0.209375 0.3578125
0 0.4375 0.4609375 0.06015625 0.1328125
0 0.56328125 0.4890625 0.03671875 0.1078125
0 0.61640625 0.5609375 0.06484375 0.1375
0 0.6265625 0.4734375 0.04765625 0.0921875
0 0.68046875 0.36484375 0.03515625 0.06484375
0 0.72890625 0.52109375 0.05078125 0.10234375
0 0.71171875 0.6671875 0.10546875 0.15
0 0.82734375 0.4296875 0.0421875 0.08515625
0 0.878125 0.5046875 0.0546875 0.1203125
0 0.9296875 0.72734375 0.1125 0.1703125
0 0.97421875 0.55390625 0.04375 0.1125