0 0.0515625 0.90390625 0.0859375 0.159375
0 0.0671875 0.8328125 0.05546875 0.0984375
0 0.115625 0.86015625 0.05625 0.11015625
0 0.18671875 0.82109375 0.053125 0.08828125
0 0.2578125 0.92109375 0.08359375 0.14453125
0 0.25390625 0.85859375 0.06171875 0.0953125
0 0.3375 0.8203125 0.05625 0.07890625
0 0.36484375 0.94140625 0.1265625 0.1171875
0 0.39296875 0.88359375 0.0921875 0.128125
0 0.47109375 0.85625 0.06484375 0.09609375
0 0.553125 0.9125 0.090625 0.1421875
0 0.6046875 0.84140625 0.046875 0.0703125
0 0.63828125 0.9 0.0703125 0.09609375
0 0.68359375 0.8828125 0.07109375 0.11953125
0 0.80078125 0.640625 0.05234375 0.0671875