0 0.34416087962962966 0.4119097222222223 0.09745370370370372 0.10795138888888896
0 0.46646412037037044 0.4218055555555555 0.08844907407407412 0.09645833333333331
0 0.4444791666666667 0.3630555555555556 0.07084490740740748 0.08114583333333325
0 0.5530902777777778 0.47081597222222216 0.10488425925925923 0.11319444444444429
0 0.5830902777777778 0.4250173611111111 0.08493055555555565 0.09461805555555554
0 0.5637037037037038 0.3987847222222222 0.06261574074074083 0.06666666666666661
0 0.6391493055555555 0.42243055555555553 0.07711805555555565 0.09392361111111107
0 0.6749652777777777 0.4599826388888889 0.10841435185185197 0.12114583333333333
0 0.7024016203703705 0.40083333333333326 0.05557870370370388 0.0629861111111111
0 0.7741377314814815 0.4256076388888889 0.060671296296296265 0.07107638888888883
0 0.7776736111111111 0.5443055555555556 0.12327546296296284 0.1316319444444444
0 0.8419675925925926 0.45072916666666674 0.08608796296296291 0.08708333333333336
0 0.9252719907407407 0.5214756944444444 0.1494560185185186 0.18468750000000006