0 0.7692708333333333 0.5049305555555555 0.11041666666666661 0.14370370370370367
0 0.840625 0.5509490740740741 0.09861111111111107 0.13500000000000015
0 0.9160590277777778 0.6028182870370371 0.06163194444444429 0.09482638888888886
0 0.8785590277777778 0.642332175925926 0.06475694444444428 0.09508101851851851
0 0.90078125 0.70484375 0.046527777777777855 0.05643518518518533
0 0.7936631944444444 0.6188599537037037 0.07934027777777786 0.10091435185185187
0 0.7081597222222222 0.6718055555555555 0.04774305555555554 0.06737268518518533
0 0.6644097222222223 0.5972916666666667 0.09305555555555553 0.12680555555555556
0 0.6146701388888889 0.6831076388888888 0.0421875 0.05917824074074076
0 0.5634548611111111 0.6970659722222223 0.05364583333333321 0.07869212962962954
0 0.49001736111111105 0.8187905092592592 0.19826388888888888 0.27937499999999993
0 0.3944444444444445 0.7282291666666667 0.05190972222222214 0.07700231481481482
0 0.35399305555555555 0.6595023148148147 0.07013888888888893 0.10171296296296291
0 0.3323784722222222 0.7192303240740741 0.046875 0.059560185185185154
0 0.30451388888888886 0.7500694444444445 0.039409722222222235 0.06204861111111111
0 0.28671875 0.7186631944444445 0.04010416666666661 0.05436342592592602
0 0.2631076388888889 0.7112210648148147 0.0359375 0.058668981481481454
0 0.2092013888888889 0.6713541666666666 0.0744791666666667 0.09896990740740748
0 0.15685763888888887 0.5819502314814815 0.12309027777777777 0.16021990740740738
0 0.19583333333333336 0.7420023148148148 0.046875 0.059560185185185334
0 0.16796875 0.7373668981481482 0.039409722222222235 0.06204861111111111
0 0.1447048611111111 0.7197048611111111 0.061111111111111116 0.09013888888888885
0 0.09010416666666668 0.6718981481481482 0.06822916666666665 0.09846064814814817
0 0.06536458333333334 0.596568287037037 0.08350694444444444 0.12447916666666678
0 0.07309027777777778 0.8250231481481481 0.04149305555555556 0.05292824074074076
0 0.04427083333333334 0.7509375 0.04496527777777778 0.0702430555555555
0 0.008810763888888889 0.7190740740740741 0.017621527777777778 0.07387731481481481
0 0.003298611111111116 0.7690104166666667 0.006597222222222232 0.05917824074074076