0 0.4703125 0.62421875 0.01640625 0.0296875
0 0.15546875 0.95703125 0.0515625 0.0796875
0 0.2015625 0.90859375 0.03671875 0.07109375
0 0.296875 0.8953125 0.03359375 0.0625
0 0.32265625 0.8390625 0.028125 0.05625
0 0.35 0.79765625 0.0203125 0.0328125
0 0.26796875 0.78828125 0.0234375 0.03828125
0 0.25546875 0.8046875 0.021875 0.04140625
0 0.23203125 0.81953125 0.0234375 0.04140625
0 0.21796875 0.840625 0.0234375 0.04765625
0 0.11640625 0.85234375 0.04296875 0.07109375
0 0.10703125 0.79765625 0.0203125 0.04453125
0 0.05703125 0.79296875 0.0265625 0.04765625
0 0.0125 0.79609375 0.025 0.04765625
0 0.1703125 0.78984375 0.0203125 0.04140625
0 0.2234375 0.7828125 0.0203125 0.04453125
0 0.6140625 0.784375 0.025 0.04140625
0 0.65078125 0.8328125 0.028125 0.05625
0 0.66953125 0.8640625 0.03203125 0.053125
0 0.696875 0.8109375 0.0234375 0.04765625
0 0.6984375 0.7828125 0.0234375 0.04453125
0 0.74140625 0.87578125 0.03984375 0.0890625
0 0.73515625 0.82109375 0.0265625 0.03828125
0 0.77578125 0.859375 0.03828125 0.05625
0 0.7828125 0.771875 0.028125 0.04765625
0 0.7703125 0.78984375 0.0234375 0.04765625
0 0.79140625 0.8109375 0.0234375 0.04140625
0 0.8171875 0.82265625 0.021875 0.04140625
0 0.82890625 0.859375 0.028125 0.05
0 0.88515625 0.90703125 0.03984375 0.0625
0 0.865625 0.8125 0.025 0.05
0 0.9109375 0.77109375 0.021875 0.03828125
0 0.91015625 0.80625 0.0203125 0.03828125
0 0.92734375 0.84140625 0.03203125 0.05
0 0.9765625 0.884375 0.03671875 0.07109375
0 0.9828125 0.82109375 0.028125 0.05
0 0.9765625 0.78828125 0.0234375 0.03828125
0 0.98671875 0.76484375 0.0203125 0.03828125