0 0.7341666666666666 0.33461226851851855 0.0916666666666666 0.12032407407407408
0 0.5851736111111111 0.26640046296296294 0.13819444444444445 0.19611111111111112
0 0.5797916666666667 0.38749421296296294 0.09527777777777775 0.1322106481481482
0 0.6610590277777778 0.3939641203703704 0.06263888888888883 0.09146990740740737
0 0.35652777777777783 0.31572916666666667 0.13145833333333332 0.183275462962963
0 0.350625 0.3772800925925926 0.09343750000000002 0.12548611111111105
0 0.40770833333333334 0.446875 0.07527777777777782 0.09839120370370366
0 0.4425347222222221 0.48278935185185184 0.051006944444444355 0.07252314814814813
0 0.5576041666666667 0.5304050925925926 0.06378472222222217 0.08256944444444443
0 0.5791666666666666 0.472818287037037 0.055624999999999855 0.07238425925925931
0 0.6307291666666666 0.4884780092592592 0.062361111111111 0.08521990740740755
0 0.6642013888888889 0.44796874999999997 0.05718750000000004 0.07285879629629637
0 0.2240277777777778 0.37525462962962963 0.11968750000000002 0.16120370370370374
0 0.12098958333333334 0.3597974537037037 0.12989583333333332 0.18280092592592592
0 0.16399305555555554 0.44332754629629634 0.10010416666666666 0.1367592592592592
0 0.3003125 0.47601851851851845 0.08208333333333329 0.1127893518518519
0 0.35374999999999995 0.5207523148148148 0.04427083333333339 0.059687500000000074
0 0.013906249999999998 0.512824074074074 0.027812499999999997 0.09752314814814814