0 0.15387731481481484 0.54109375 0.07546296296296298 0.10131944444444443
0 0.22378472222222223 0.6100347222222222 0.07760416666666663 0.109375
0 0.30011574074074077 0.6376736111111111 0.12193287037037041 0.1656944444444445
0 0.4666666666666666 0.6670833333333334 0.13778935185185187 0.17125000000000004
0 0.37777777777777777 0.5339236111111111 0.10399305555555553 0.1320138888888888
0 0.31059027777777776 0.45902777777777776 0.06516203703703702 0.08736111111111118
0 0.3255208333333333 0.36187500000000006 0.054629629629629584 0.07027777777777774
0 0.372193287037037 0.42652777777777773 0.07141203703703702 0.08833333333333333
0 0.44372106481481477 0.4533333333333333 0.07569444444444447 0.10444444444444442
0 0.6010127314814815 0.571111111111111 0.12708333333333338 0.1726736111111112
0 0.6204861111111111 0.4179340277777778 0.09212962962962976 0.1178125000000001
0 0.5470775462962963 0.37640625 0.07152777777777786 0.08989583333333337
0 0.5433449074074075 0.33668402777777773 0.058333333333333216 0.07857638888888889
0 0.5942997685185185 0.30979166666666663 0.0549768518518519 0.07496527777777776
0 0.6793981481481481 0.3811111111111111 0.08518518518518511 0.10746527777777777
0 0.7024594907407408 0.31904513888888886 0.062152777777777855 0.08843750000000003
0 0.7418981481481481 0.28604166666666664 0.06099537037037024 0.07281250000000003
0 0.7325231481481481 0.24482638888888886 0.056076388888888926 0.06895833333333332
0 0.775607638888889 0.21836805555555555 0.05115740740740726 0.0651041666666667
0 0.8144965277777778 0.29529513888888886 0.08240740740740753 0.11166666666666672
0 0.8915219907407408 0.3749826388888889 0.11846064814814809 0.16052083333333336
0 0.8513599537037038 0.23819444444444446 0.06087962962962976 0.07125000000000004
0 0.8921296296296297 0.22315972222222222 0.06805555555555572 0.08472222222222223
0 0.9087962962962962 0.19211805555555556 0.05931712962962976 0.07100694444444447
0 0.982349537037037 0.19234374999999998 0.03530092592592595 0.08312499999999998