0 0.68828125 0.31015625 0.05 0.03984375
0 0.68984375 0.4453125 0.0796875 0.0703125
0 0.69296875 0.40625 0.06640625 0.05234375
0 0.81328125 0.4484375 0.1 0.07734375
0 0.93984375 0.50859375 0.11328125 0.1125
0 0.9265625 0.4015625 0.06640625 0.05234375
0 0.5546875 0.4203125 0.0703125 0.06484375
0 0.16796875 0.4609375 0.08984375 0.0828125
0 0.20859375 0.4234375 0.0765625 0.0625
0 0.06640625 0.52578125 0.1328125 0.1171875
0 0.03359375 0.4359375 0.06640625 0.07734375
0 0.0765625 0.43125 0.06015625 0.05234375