0 0.03511284722222222 0.8333391203703704 0.07022569444444444 0.14221064814814816
0 0.024149305555555566 0.9831597222222221 0.04829861111111113 0.03368055555555571
0 0.022282986111111125 0.9303356481481482 0.04456597222222225 0.07822916666666657
0 0.05086805555555558 0.9379282407407408 0.08347222222222221 0.09399305555555557
0 0.12822916666666667 0.907957175925926 0.08003472222222223 0.07993055555555557
0 0.14102430555555556 0.7847916666666667 0.17055555555555557 0.1710300925925928
0 0.26772569444444444 0.7429050925925926 0.13864583333333333 0.1483680555555555
0 0.20583333333333337 0.8866493055555555 0.10024305555555554 0.09914351851851855
0 0.24430555555555555 0.9224131944444445 0.0547569444444445 0.0590162037037036
0 0.3042708333333334 0.8895659722222222 0.055173611111111145 0.05437499999999993
0 0.3481076388888889 0.8711921296296297 0.06177083333333329 0.06232638888888893
0 0.38090277777777776 0.8336053240740741 0.059826388888888894 0.060717592592592594
0 0.38460069444444445 0.7251215277777778 0.13010416666666663 0.13880787037037035
0 0.47081597222222216 0.7780381944444444 0.058645833333333286 0.06223379629629626
0 0.5078472222222222 0.7649710648148148 0.06177083333333329 0.06232638888888893
0 0.5037152777777778 0.7947511574074074 0.048958333333333395 0.047986111111111285
0 0.4452083333333333 0.8441666666666666 0.045069444444444426 0.04476851851851862
0 0.42256944444444444 0.8466435185185185 0.04583333333333326 0.04789351851851862
0 0.5509548611111111 0.7914293981481482 0.052430555555555536 0.05584490740740726
0 0.5849826388888889 0.7648958333333333 0.060243055555555716 0.056076388888888926
0 0.5964756944444444 0.795138888888889 0.032638888888888926 0.03199074074074062
0 0.6292361111111111 0.7512557870370371 0.04663194444444443 0.04481481481481495
0 0.6308159722222222 0.7898611111111111 0.028749999999999963 0.02877314814814813
0 0.6541666666666667 0.7748148148148148 0.031458333333333324 0.033506944444444284
0 0.6309201388888889 0.7025173611111111 0.07263888888888878 0.07505787037037023
0 0.6967361111111111 0.668269675925926 0.08506944444444446 0.08783564814814823
0 0.6767361111111111 0.7243344907407407 0.04350694444444443 0.04472222222222229
0 0.6732118055555556 0.6872453703703704 0.04972222222222218 0.05111111111111111
0 0.7105729166666667 0.7339930555555556 0.03843749999999986 0.043020833333333286
0 0.7289409722222222 0.7007002314814815 0.040763888888889 0.04619212962962962
0 0.7604513888888889 0.6426157407407407 0.0733680555555555 0.08438657407407409
0 0.8085763888888889 0.6227951388888888 0.08503472222222222 0.0940393518518519
0 0.837482638888889 0.6236516203703704 0.0546180555555555 0.08383101851851844
0 0.8560416666666665 0.5895775462962962 0.035069444444444285 0.08635416666666665
0 0.7611805555555555 0.7040162037037037 0.042708333333333216 0.047800925925925955