0 0.0765625 0.58125 0.08359375 0.153125
0 0.0359375 0.5 0.0640625 0.09296875
0 0.05234375 0.4109375 0.03515625 0.07109375
0 0.0359375 0.35546875 0.03984375 0.0625
0 0.10859375 0.428125 0.04765625 0.1
0 0.115625 0.36875 0.0359375 0.07109375
0 0.159375 0.3609375 0.03125 0.06015625
0 0.16953125 0.4390625 0.0609375 0.10859375
0 0.2328125 0.4078125 0.0390625 0.08203125
0 0.2859375 0.37109375 0.03359375 0.0578125
0 0.3109375 0.4390625 0.0546875 0.09140625
0 0.2859375 0.546875 0.0703125 0.13359375
0 0.259375 0.6953125 0.12890625 0.221875
0 0.47890625 0.5890625 0.0953125 0.18671875
0 0.409375 0.48203125 0.05859375 0.1203125
0 0.4 0.3859375 0.02734375 0.078125
0 0.3671875 0.35859375 0.02734375 0.05546875
0 0.43203125 0.38203125 0.03125 0.0578125
0 0.4703125 0.396875 0.0328125 0.0734375
0 0.46640625 0.3390625 0.02734375 0.05546875
0 0.5328125 0.41875 0.0359375 0.0734375
0 0.5421875 0.38125 0.0296875 0.046875
0 0.5359375 0.34140625 0.0265625 0.0421875
0 0.55 0.33125 0.0203125 0.04453125
0 0.57109375 0.3359375 0.0203125 0.053125
0 0.634375 0.5375 0.07890625 0.1421875
0 0.6171875 0.396875 0.0390625 0.078125
0 0.6125 0.3546875 0.025 0.046875
0 0.6546875 0.35859375 0.02890625 0.06015625
0 0.6875 0.428125 0.05234375 0.1
0 0.69375 0.36640625 0.0328125 0.04921875
0 0.73359375 0.38671875 0.0328125 0.07578125
0 0.7625 0.4390625 0.05 0.1046875
0 0.75625 0.35234375 0.02734375 0.06875
0 0.91015625 0.4140625 0.0453125 0.08671875
0 0.88515625 0.37421875 0.0296875 0.0640625
0 0.975 0.48671875 0.04765625 0.15078125
0 0.959375 0.4421875 0.05390625 0.1203125
0 0.9359375 0.38671875 0.03359375 0.0796875
0 0.9765625 0.3765625 0.03515625 0.078125