0 0.0609375 0.6015625 0.0859375 0.1265625
0 0.11875 0.5390625 0.0375 0.05859375
0 0.121875 0.503125 0.0390625 0.046875
0 0.1953125 0.565625 0.05625 0.08828125
0 0.1953125 0.50546875 0.0375 0.0484375
0 0.2359375 0.49609375 0.03515625 0.05859375
0 0.28671875 0.478125 0.0265625 0.04296875
0 0.2609375 0.7 0.1046875 0.15
0 0.34296875 0.57109375 0.04609375 0.06796875
0 0.3890625 0.51640625 0.0375 0.053125
0 0.3703125 0.50703125 0.0234375 0.03984375
0 0.3890625 0.48203125 0.02265625 0.03359375
0 0.3421875 0.48984375 0.025 0.03671875
0 0.44453125 0.53359375 0.0390625 0.053125
0 0.4296875 0.4875 0.0234375 0.03203125
0 0.43203125 0.4671875 0.0140625 0.021875
0 0.48125 0.4890625 0.0203125 0.03203125
0 0.4859375 0.46953125 0.01875 0.021875
0 0.4734375 0.475 0.01640625 0.0265625
0 0.509375 0.5109375 0.02890625 0.04140625
0 0.5109375 0.46796875 0.01640625 0.0265625
0 0.534375 0.47890625 0.0234375 0.04140625
0 0.55859375 0.49609375 0.0375 0.05859375
0 0.590625 0.49453125 0.0234375 0.04140625
0 0.62578125 0.4859375 0.0234375 0.03828125
0 0.6515625 0.475 0.0171875 0.0265625
0 0.6671875 0.4828125 0.02109375 0.03515625
0 0.690625 0.47265625 0.0234375 0.03203125
0 0.70859375 0.4671875 0.0203125 0.03203125
0 0.7265625 0.50078125 0.02734375 0.0453125
0 0.7109375 0.52578125 0.0375 0.05859375
0 0.65859375 0.53828125 0.0328125 0.05703125
0 0.615625 0.56328125 0.04609375 0.06015625
0 0.5515625 0.628125 0.0609375 0.096875
0 0.471875 0.734375 0.10390625 0.16484375
0 0.79296875 0.55 0.0359375 0.06640625
0 0.7578125 0.50546875 0.0265625 0.04140625
0 0.76953125 0.48828125 0.01875 0.03671875
0 0.784375 0.48359375 0.02109375 0.03359375
0 0.7921875 0.46953125 0.01875 0.03203125
0 0.8109375 0.47734375 0.01640625 0.03203125
0 0.8359375 0.4859375 0.0171875 0.03515625
0 0.84921875 0.5015625 0.0265625 0.03984375
0 0.8578125 0.4765625 0.01640625 0.0296875
0 0.909375 0.5125 0.0359375 0.06796875
0 0.934375 0.478125 0.0234375 0.03359375
0 0.959375 0.4921875 0.01875 0.028125
0 0.984375 0.51015625 0.02890625 0.05
0 0.87265625 0.5875 0.06015625 0.08515625
0 0.86640625 0.63671875 0.0703125 0.11015625