0 0.31328125 0.61953125 0.0421875 0.07734375
0 0.2578125 0.61015625 0.03125 0.05859375
0 0.23359375 0.5703125 0.0296875 0.05390625
0 0.27421875 0.5265625 0.0265625 0.0375
0 0.34453125 0.5328125 0.0234375 0.03984375
0 0.3890625 0.67421875 0.046875 0.0890625
0 0.43125 0.58984375 0.025 0.0515625
0 0.39375 0.559375 0.021875 0.0328125
0 0.378125 0.55 0.01875 0.0328125
0 0.38671875 0.47890625 0.0203125 0.03046875
0 0.4265625 0.53359375 0.015625 0.0375
0 0.4546875 0.52578125 0.01875 0.03046875
0 0.48984375 0.575 0.0359375 0.06328125
0 0.50390625 0.53359375 0.0171875 0.0375
0 0.52890625 0.52421875 0.0171875 0.028125
0 0.54765625 0.55390625 0.0265625 0.03984375
0 0.56171875 0.53046875 0.0203125 0.03046875
0 0.59375 0.59375 0.04375 0.07265625
0 0.61640625 0.52421875 0.0203125 0.028125
0 0.6953125 0.60625 0.040625 0.0796875
0 0.7375 0.56640625 0.03125 0.0609375
0 0.78828125 0.60859375 0.0484375 0.0609375
0 0.765625 0.53828125 0.021875 0.0375
0 0.759375 0.52109375 0.015625 0.03046875
0 0.7390625 0.5171875 0.0125 0.0234375
0 0.859375 0.53125 0.028125 0.0515625
0 0.83984375 0.540625 0.0203125 0.0421875
0 0.89453125 0.52890625 0.0203125 0.0375
0 0.93515625 0.55 0.0234375 0.0421875
0 0.92421875 0.5171875 0.0203125 0.028125