0 0.9758130787037036 0.8013888888888889 0.04837384259259281 0.10378472222222221
0 0.9189525462962962 0.7065046296296297 0.13092592592592567 0.14150462962962962
0 0.8699999999999999 0.6858564814814815 0.12004629629629662 0.13251157407407402
0 0.7492708333333333 0.5814641203703703 0.19458333333333327 0.20288194444444443
0 0.6999247685185186 0.6537673611111111 0.07910879629629619 0.08619212962962966
0 0.7400115740740741 0.7708738425925926 0.07075231481481481 0.07446759259259253
0 0.5830787037037037 0.5734953703703705 0.09028935185185176 0.09674768518518526
0 0.4881597222222222 0.5714525462962963 0.06606481481481481 0.07387731481481481
0 0.4319791666666667 0.49348379629629624 0.12353009259259262 0.1268518518518519
0 0.46626736111111117 0.5092361111111112 0.07598379629629619 0.085798611111111
0 0.44605902777777773 0.5547164351851851 0.05800925925925924 0.06371527777777786
0 0.555144675925926 0.19492476851851853 0.3665393518518519 0.2961921296296296
0 0.3815046296296296 0.5084722222222222 0.09966435185185185 0.09792824074074069
0 0.3204398148148148 0.4763888888888889 0.11571759259259266 0.12586805555555572
0 0.26875578703703706 0.465306712962963 0.07099537037037038 0.08364583333333328
0 0.22388310185185184 0.4223032407407407 0.15418981481481478 0.16730324074074082
0 0.13047453703703704 0.3449826388888889 0.12467592592592594 0.14071759259259267
0 0.11717592592592592 0.3867592592592593 0.09864583333333332 0.10847222222222222