0 0.8070717592592592 0.8054166666666667 0.06032407407407412 0.07208333333333324
0 0.7285185185185186 0.8435474537037038 0.0537962962962963 0.06702546296296319
0 0.751087962962963 0.6203356481481481 0.06722222222222225 0.08339120370370381
0 0.6394849537037037 0.6775520833333333 0.03908564814814817 0.05525462962962955
0 0.38317708333333333 0.7199884259259259 0.04745370370370363 0.06509259259259252
0 0.36493055555555554 0.5155439814814814 0.06750000000000007 0.08807870370370381
0 0.3772743055555555 0.5568518518518518 0.04745370370370372 0.06509259259259252
0 0.3767534722222222 0.5919155092592593 0.04395833333333332 0.05865740740740755
0 0.295150462962963 0.563275462962963 0.03908564814814817 0.05525462962962955
0 0.23624421296296294 0.4406481481481482 0.06106481481481474 0.08458333333333332
0 0.06313078703703703 0.5505555555555556 0.06556712962962963 0.08173611111111115
0 0.07247685185185185 0.3008796296296296 0.10004629629629631 0.11180555555555553