0 0.9565856481481483 0.44104166666666667 0.08682870370370352 0.4997916666666667
0 0.9492418981481482 0.2758333333333333 0.059513888888889 0.078125
0 0.8944328703703703 0.28552083333333333 0.06444444444444457 0.08833333333333329
0 0.7482696759259259 0.29000000000000004 0.06378472222222235 0.09260416666666664
0 0.7535127314814816 0.34281249999999996 0.04586805555555564 0.06114583333333332
0 0.6953935185185186 0.3353125 0.04148148148148145 0.0614583333333333
0 0.6669270833333334 0.30265624999999996 0.06222222222222236 0.0921875
0 0.6553993055555556 0.34515624999999994 0.045810185185185225 0.06854166666666668
0 0.6736747685185185 0.36328125 0.037152777777777854 0.05437500000000002
0 0.6214178240740741 0.3648958333333333 0.03438657407407408 0.04770833333333337
0 0.6070775462962963 0.34161458333333333 0.05356481481481481 0.07802083333333325
0 0.6630555555555555 0.43182291666666667 0.03312499999999989 0.04885416666666664
0 0.6281423611111111 0.45098958333333333 0.03997685185185187 0.05364583333333321
0 0.5945428240740741 0.43859375000000006 0.03655092592592588 0.05124999999999993
0 0.5515856481481481 0.381875 0.03528935185185187 0.05239583333333338
0 0.5490798611111112 0.44989583333333333 0.03312500000000007 0.04885416666666664
0 0.5270023148148149 0.37364583333333334 0.03865740740740744 0.06218749999999993
0 0.5182407407407407 0.31109375 0.054166666666666786 0.08114583333333333
0 0.4408912037037037 0.31036458333333333 0.054768518518518404 0.08427083333333325
0 0.5159664351851851 0.4570833333333333 0.03685185185185187 0.05281249999999993
0 0.49108217592592596 0.44729166666666664 0.034629629629629656 0.05666666666666664
0 0.47468171296296297 0.47302083333333333 0.030659722222222286 0.04375
0 0.45298032407407407 0.4541666666666666 0.037152777777777854 0.05437499999999993
0 0.4496527777777778 0.4838020833333333 0.03282407407407408 0.04729166666666664
0 0.4210821759259259 0.3994270833333333 0.030960648148148095 0.0453125
0 0.42028935185185184 0.46781249999999996 0.03126157407407408 0.046875
0 0.37976273148148143 0.398125 0.04827546296296301 0.07364583333333333
0 0.3583391203703704 0.29541666666666666 0.089212962962963 0.12458333333333335
0 0.3377777777777778 0.38057291666666665 0.05236111111111112 0.07177083333333326
0 0.34219328703703705 0.48453125 0.040277777777777767 0.055208333333333214
0 0.2979398148148148 0.4125520833333334 0.04340277777777777 0.05604166666666668
0 0.2384027777777778 0.3848958333333333 0.05885416666666661 0.08239583333333336
0 0.18535879629629629 0.2544791666666667 0.09690972222222224 0.1414583333333333
0 0.10864004629629628 0.36364583333333333 0.07833333333333332 0.11427083333333332
0 0.17581018518518518 0.39255208333333336 0.06721064814814812 0.09499999999999993
0 0.13913194444444446 0.4409375 0.0625810185185185 0.08635416666666665
0 0.20153935185185184 0.41526041666666663 0.051701388888888845 0.07604166666666674