0 0.8190914351851852 0.09427083333333335 0.1334259259259259 0.13711805555555556
0 0.7616319444444445 0.12311342592592596 0.1659143518518519 0.17687500000000003
0 0.6850231481481481 0.1595717592592593 0.11075231481481485 0.12443287037037036
0 0.6305381944444445 0.16470486111111113 0.09234953703703716 0.0989583333333333
0 0.5651909722222221 0.2337905092592593 0.15299768518518525 0.16128472222222223
0 0.5147337962962963 0.2764756944444445 0.10996527777777772 0.12130787037037045
0 0.4612094907407407 0.28969328703703706 0.10722222222222229 0.11636574074074071
0 0.41530671296296295 0.29942129629629627 0.1252199074074074 0.13428240740740732
0 0.3770543981481481 0.4929513888888889 0.10174768518518525 0.11247685185185183
0 0.33096643518518515 0.29518518518518516 0.18039351851851854 0.19271990740740746
0 0.2540277777777778 0.4013715277777778 0.10018518518518515 0.11222222222222218
0 0.1869849537037037 0.43851851851851853 0.12599537037037037 0.131412037037037
0 0.15901620370370367 0.46330439814814817 0.10761574074074076 0.11792824074074063
0 0.06591435185185185 0.45916087962962965 0.1318287037037037 0.14467592592592596
0 0.07145833333333332 0.5075405092592593 0.0966550925925926 0.10415509259259252
0 0.04762442129629629 0.559681712962963 0.09524884259259259 0.2753587962962964