0 0.034375 0.39140625 0.06796875 0.14921875
0 0.025 0.3015625 0.05 0.08359375
0 0.13515625 0.31328125 0.034375 0.0765625
0 0.15234375 0.35859375 0.05234375 0.09140625
0 0.228125 0.31875 0.0359375 0.0875
0 0.2890625 0.36640625 0.0578125 0.11484375
0 0.31328125 0.30703125 0.034375 0.0875
0 0.36796875 0.41640625 0.0921875 0.20625
0 0.38125 0.3 0.02578125 0.05703125
0 0.4140625 0.3109375 0.0359375 0.0875
0 0.45 0.31484375 0.04765625 0.103125
0 0.52734375 0.35078125 0.0703125 0.16015625
0 0.571875 0.33046875 0.0359375 0.0875
0 0.5828125 0.29765625 0.02578125 0.0609375
0 0.66796875 0.36484375 0.0640625 0.13359375
0 0.77265625 0.49453125 0.11796875 0.32421875
0 0.73671875 0.32265625 0.0296875 0.0875
0 0.78203125 0.353125 0.03984375 0.08046875
0 0.82421875 0.3375 0.0359375 0.0875
0 0.8640625 0.32265625 0.03203125 0.08046875
0 0.88984375 0.3359375 0.02421875 0.0609375
0 0.92421875 0.40625 0.071875 0.14140625
0 0.959375 0.33984375 0.04609375 0.11484375