0 0.6925 0.3500868055555556 0.055625000000000036 0.06527777777777777
0 0.5610937500000001 0.6672743055555556 0.2458333333333332 0.28246527777777786
0 0.33041666666666664 0.705295138888889 0.35333333333333333 0.37690972222222213
0 0.29739583333333336 0.5504340277777778 0.1645833333333333 0.17621527777777785
0 0.25536458333333334 0.507638888888889 0.12427083333333329 0.14079861111111108
0 0.14750000000000002 0.42899305555555556 0.09666666666666666 0.14201388888888894
0 0.16953125 0.4216145833333333 0.08937499999999998 0.1036458333333334
0 0.20187499999999997 0.40946180555555556 0.05125000000000002 0.05989583333333339
0 0.33036458333333335 0.4413194444444445 0.06916666666666664 0.08298611111111107
0 0.3509895833333333 0.5186631944444444 0.0802083333333334 0.09131944444444447
0 0.3721875 0.4833333333333333 0.07541666666666665 0.084375
0 0.3713020833333333 0.43967013888888895 0.06593750000000007 0.07638888888888892
0 0.42223958333333333 0.4755208333333334 0.06479166666666672 0.07760416666666678
0 0.44625000000000004 0.5190104166666666 0.08135416666666657 0.09010416666666679
0 0.45500000000000007 0.48975694444444445 0.06437500000000007 0.07604166666666679
0 0.48307291666666663 0.4926215277777778 0.05124999999999993 0.05989583333333339
0 0.49786458333333333 0.5108506944444444 0.054062500000000034 0.06493055555555553
0 0.5035416666666667 0.5848958333333334 0.12156249999999993 0.14166666666666677
0 0.53484375 0.5067708333333334 0.07156249999999993 0.08645833333333322
0 0.5602604166666667 0.5151909722222222 0.08187499999999996 0.09756944444444446
0 0.5875 0.5149305555555556 0.06999999999999992 0.08611111111111107
0 0.6089062500000001 0.5176215277777778 0.06322916666666671 0.07725694444444446
0 0.6273958333333333 0.5342013888888889 0.05406249999999986 0.06493055555555571
0 0.65390625 0.5870659722222222 0.12125000000000004 0.14600694444444445
0 0.6704687500000001 0.5560763888888889 0.09624999999999986 0.11840277777777786
0 0.68921875 0.5394965277777779 0.07593749999999985 0.09184027777777785
0 0.24682291666666667 0.4383680555555555 0.05125000000000002 0.05989583333333322
0 0.25354166666666667 0.4170138888888889 0.0703125 0.08177083333333326
0 0.8645833333333334 0.5733506944444444 0.06437500000000007 0.07604166666666679
0 0.9041666666666668 0.5728298611111111 0.07166666666666685 0.09236111111111107
0 0.9358333333333334 0.5922743055555555 0.09343750000000028 0.11336805555555571
0 0.959609375 0.6167534722222222 0.08078125000000007 0.09444444444444447
0 0.9920052083333333 0.6288194444444445 0.015989583333333356 0.14097222222222214
0 0.9922395833333333 0.6020833333333334 0.015520833333333428 0.08871527777777785