0 0.8837673611111111 0.6412789351851853 0.10734953703703702 0.17355324074074083
0 0.712644675925926 0.7131307870370371 0.11678240740740727 0.1767129629629629
0 0.6562789351851851 0.7048784722222222 0.0943287037037038 0.15736111111111112
0 0.5741319444444445 0.32372685185185185 0.08744212962962976 0.13910879629629624
0 0.42743055555555554 0.8051967592592593 0.13825231481481487 0.21142361111111113
0 0.3086226851851852 0.6173842592592592 0.11047453703703702 0.17408564814814814
0 0.2807002314814815 0.8053530092592591 0.12934027777777776 0.2223263888888888
0 0.21791087962962963 0.7609317129629629 0.10978009259259255 0.1972569444444444
0 0.18654513888888888 0.62265625 0.08917824074074074 0.14406250000000007
0 0.09875578703703704 0.6453761574074074 0.09600694444444444 0.16075231481481467
0 0.0008391203703703692 0.859837962962963 0.0016782407407407384 0.13344907407407405
0 0.000723379629629628 0.605167824074074 0.001446759259259256 0.11466435185185198