0 0.1765625 0.52265625 0.0796875 0.12734375
0 0.10625 0.4734375 0.0703125 0.1203125
0 0.02734375 0.4171875 0.04921875 0.08515625
0 0.06953125 0.38125 0.04453125 0.08515625
0 0.0484375 0.31796875 0.03515625 0.04921875
0 0.15390625 0.4078125 0.05859375 0.08828125
0 0.23984375 0.35859375 0.0328125 0.06015625
0 0.28203125 0.434375 0.065625 0.11328125
0 0.3328125 0.3515625 0.03046875 0.053125
0 0.38359375 0.3390625 0.0375 0.0703125
0 0.4578125 0.22109375 0.1390625 0.25078125
0 0.5515625 0.31484375 0.03515625 0.0703125
0 0.59140625 0.38515625 0.04921875 0.0921875
0 0.61328125 0.3265625 0.03515625 0.053125
0 0.64140625 0.296875 0.02578125 0.05625
0 0.65859375 0.32890625 0.028125 0.04921875
0 0.68203125 0.3375 0.0234375 0.053125
0 0.73515625 0.3796875 0.05390625 0.08828125
0 0.7859375 0.4703125 0.0890625 0.14140625
0 0.74921875 0.309375 0.03515625 0.053125
0 0.77734375 0.31484375 0.02578125 0.05625
0 0.8 0.33359375 0.0421875 0.08125
0 0.85390625 0.38359375 0.046875 0.08828125
0 0.87734375 0.459375 0.05625 0.11328125
0 0.871875 0.23125 0.03046875 0.04609375
0 0.9 0.30703125 0.03046875 0.06328125
0 0.9515625 0.340625 0.03515625 0.0671875
0 0.95859375 0.29140625 0.03046875 0.053125