0 0.19024305555555554 0.6205729166666666 0.18643518518518518 0.23163194444444457
0 0.12955439814814815 0.4108159722222222 0.163275462962963 0.3002430555555556
0 0.2801388888888889 0.6190798611111111 0.16582175925925924 0.21736111111111106
0 0.28620370370370374 0.7113715277777778 0.14015046296296294 0.17340277777777774
0 0.39869212962962963 0.6157118055555555 0.1425462962962963 0.18746527777777774
0 0.31057870370370366 0.42451388888888886 0.22197916666666676 0.2712847222222223
0 0.42312500000000003 0.48982638888888885 0.15611111111111117 0.19593749999999996
0 0.5165162037037037 0.5182986111111111 0.15321759259259266 0.18784722222222214
0 0.8665740740740742 0.7257118055555555 0.13469907407407397 0.17697916666666663
0 0.8472685185185185 0.3572743055555555 0.12212962962962956 0.1565625
0 0.8426215277777779 0.29692708333333334 0.16502314814814828 0.21267361111111116
0 0.8904166666666666 0.18649305555555556 0.21916666666666665 0.2976736111111111
0 0.9628414351851852 0.25484375 0.07431712962962962 0.2152430555555555
0 0.972644675925926 0.196875 0.05471064814814817 0.19930555555555554