0 0.12578125 0.55859375 0.0484375 0.11640625
0 0.134375 0.86328125 0.06171875 0.1015625
0 0.365625 0.6015625 0.05546875 0.11640625
0 0.4703125 0.53828125 0.0515625 0.1015625
0 0.4046875 0.39609375 0.04296875 0.0859375
0 0.3515625 0.28359375 0.03828125 0.0703125
0 0.3140625 0.171875 0.034375 0.05546875
0 0.2921875 0.13515625 0.02578125 0.04296875
0 0.2703125 0.04453125 0.02421875 0.04609375
0 0.221875 0.10390625 0.0296875 0.04921875
0 0.25078125 0.18125 0.0296875 0.06171875
0 0.27265625 0.2625 0.03125 0.0640625
0 0.29375 0.45546875 0.04296875 0.0765625
0 0.1359375 0.321875 0.034375 0.0671875
0 0.15703125 0.2578125 0.02734375 0.05546875
0 0.14375 0.1734375 0.02578125 0.05234375
0 0.15703125 0.11015625 0.02421875 0.03671875
0 0.340625 0.05390625 0.02265625 0.03359375
0 0.36796875 0.12109375 0.0296875 0.04609375
0 0.425 0.1609375 0.0328125 0.0640625
0 0.421875 0.0734375 0.01875 0.04921875
0 0.46796875 0.06875 0.01875 0.03984375
0 0.4515625 0.11484375 0.0203125 0.04609375
0 0.48828125 0.178125 0.02734375 0.05546875
0 0.5109375 0.11484375 0.02265625 0.04609375
0 0.503125 0.0796875 0.0171875 0.03671875
0 0.5484375 0.11796875 0.0171875 0.04609375
0 0.55234375 0.16875 0.02265625 0.04296875
0 0.5953125 0.175 0.02265625 0.04296875
0 0.6671875 0.1703125 0.02734375 0.05234375
0 0.63984375 0.27734375 0.034375 0.05234375
0 0.6390625 0.22421875 0.02265625 0.04921875
0 0.5484375 0.28359375 0.03125 0.0640625
0 0.484375 0.27109375 0.034375 0.0640625
0 0.53203125 0.36484375 0.0328125 0.0796875
0 0.62421875 0.38359375 0.04140625 0.0859375
0 0.69375 0.29453125 0.02578125 0.04296875
0 0.728125 0.2453125 0.01875 0.04921875
0 0.76640625 0.26875 0.01875 0.03984375
0 0.76171875 0.409375 0.03125 0.0640625
0 0.81796875 0.36328125 0.02578125 0.05859375
0 0.86328125 0.4234375 0.0296875 0.06171875
0 0.9421875 0.52109375 0.02578125 0.06171875
0 0.84765625 0.49375 0.02265625 0.06171875
0 0.8078125 0.51875 0.0296875 0.06171875
0 0.72265625 0.51875 0.03125 0.0796875
0 0.63203125 0.571875 0.0359375 0.0828125
0 0.8921875 0.71953125 0.053125 0.10703125