0 0.4170659722222222 0.5921701388888889 0.07972222222222225 0.10706018518518512
0 0.32602430555555556 0.5750578703703704 0.07777777777777786 0.09612268518518512
0 0.28770833333333334 0.5771585648148149 0.051006944444444535 0.07355324074074084
0 0.23383680555555558 0.5600347222222222 0.051180555555555604 0.06599537037037032
0 0.18746527777777777 0.5509606481481482 0.04225694444444446 0.05847222222222222
0 0.15904513888888888 0.5319155092592592 0.04024305555555556 0.0642129629629629
0 0.12560763888888887 0.5401215277777778 0.04281249999999996 0.06159722222222221
0 0.5003472222222223 0.5442939814814814 0.0484375 0.07616898148148152
0 0.43954861111111115 0.535144675925926 0.04197916666666668 0.056909722222222216
0 0.4880729166666667 0.5051215277777777 0.034236111111111 0.03895833333333325
0 0.4627604166666666 0.507824074074074 0.034236111111111 0.03895833333333343
0 0.5154166666666666 0.5095775462962963 0.029548611111111 0.03819444444444446
0 0.5444097222222222 0.5105092592592593 0.031111111111111 0.03844907407407412
0 0.3972916666666667 0.5108101851851852 0.02982638888888891 0.03975694444444446
0 0.37519097222222225 0.5102430555555555 0.03423611111111109 0.03895833333333343
0 0.3596354166666667 0.49101851851851847 0.033333333333333395 0.05094907407407412
0 0.4132638888888889 0.49824074074074076 0.02604166666666661 0.02700231481481481
0 0.3235763888888889 0.49728009259259254 0.03111111111111118 0.03844907407407412
0 0.29118055555555555 0.49427662037037035 0.03194444444444446 0.04313657407407412
0 0.27503472222222225 0.5144039351851852 0.02642361111111118 0.037685185185185155
0 0.2493576388888889 0.4851851851851851 0.019062500000000072 0.030416666666666713
0 0.22355902777777778 0.5022222222222222 0.02982638888888891 0.03975694444444446
0 0.7080034722222223 0.6327546296296296 0.08826388888888878 0.10390046296296304
0 0.695138888888889 0.5646585648148148 0.054027777777777786 0.06494212962962961
0 0.6753472222222222 0.5386747685185185 0.03461805555555557 0.0496412037037036
0 0.6909548611111112 0.4600462962962963 0.028993055555555536 0.035069444444444466
0 0.7669270833333333 0.580150462962963 0.05090277777777778 0.06443287037037031
0 0.7534027777777779 0.5339467592592593 0.029826388888889 0.03975694444444429
0 0.7366319444444445 0.5334895833333333 0.027256944444444466 0.04237268518518515
0 0.8347222222222221 0.6329224537037037 0.06784722222222257 0.09146990740740737
0 0.8524479166666665 0.5918113425925926 0.046493055555555426 0.06523148148148153
0 0.8278125 0.5513831018518518 0.028993055555555713 0.035069444444444285
0 0.8031076388888888 0.5617708333333333 0.0353472222222222 0.04520833333333343
0 0.7877430555555556 0.5478877314814815 0.022743055555555537 0.034050925925926026
0 0.9191145833333334 0.6254340277777778 0.06343749999999986 0.09226851851851858
0 0.9937065972222221 0.6831539351851852 0.012586805555555714 0.08104166666666668
0 0.9957378472222222 0.6136226851851851 0.0085243055555555 0.04989583333333343
0 0.9734027777777777 0.6107638888888889 0.034895833333333216 0.0512037037037036
0 0.943715277777778 0.605925925925926 0.029826388888889 0.03975694444444446
0 0.8762673611111111 0.5721759259259259 0.027430555555555715 0.03481481481481481
0 0.8894965277777779 0.5697800925925925 0.024861111111111 0.0374305555555555
0 0.9294791666666666 0.5770543981481481 0.02163194444444443 0.027800925925926024
0 0.9425173611111111 0.5693171296296295 0.024861111111111 0.0374305555555555