0 0.175 0.840625 0.16484375 0.29609375
0 0.428125 0.78671875 0.1640625 0.28984375
0 0.75078125 0.5828125 0.10234375 0.19609375
0 0.784375 0.47890625 0.0796875 0.1359375
0 0.7234375 0.34453125 0.0484375 0.08671875
0 0.7078125 0.26796875 0.02734375 0.05703125
0 0.6484375 0.27109375 0.02734375 0.05390625
0 0.621875 0.3234375 0.03984375 0.0640625
0 0.57734375 0.27421875 0.025 0.04765625
0 0.496875 0.26953125 0.0265625 0.05078125
0 0.4828125 0.3328125 0.040625 0.08359375
0 0.496875 0.4109375 0.0703125 0.1078125
0 0.40078125 0.24765625 0.02421875 0.04765625
0 0.44609375 0.2484375 0.02265625 0.04921875
0 0.4484375 0.31015625 0.040625 0.0765625
0 0.36015625 0.340625 0.0515625 0.09140625
0 0.34453125 0.26015625 0.03515625 0.071875
0 0.33046875 0.23828125 0.01640625 0.03125
0 0.3078125 0.2515625 0.0234375 0.034375
0 0.27890625 0.23125 0.02265625 0.040625
0 0.2359375 0.2828125 0.0375 0.065625
0 0.1828125 0.34609375 0.05859375 0.1
0 0.7625 0.309375 0.03203125 0.05234375
0 0.76015625 0.27421875 0.02421875 0.04453125
0 0.7828125 0.2890625 0.0171875 0.04453125
0 0.85390625 0.37265625 0.04375 0.0765625
0 0.959375 0.35 0.0390625 0.065625
0 0.95078125 0.3109375 0.028125 0.04921875