0 0.08203125 0.50859375 0.0734375 0.1203125
0 0.1296875 0.415625 0.03671875 0.0578125
0 0.20546875 0.5953125 0.11484375 0.2
0 0.25234375 0.30078125 0.06484375 0.121875
0 0.353125 0.39453125 0.03671875 0.06015625
0 0.42734375 0.5390625 0.08203125 0.11796875
0 0.4921875 0.40078125 0.03515625 0.06015625
0 0.5296875 0.428125 0.0734375 0.08671875
0 0.559375 0.31015625 0.03828125 0.05546875
0 0.6203125 0.38125 0.05 0.078125
0 0.81640625 0.46796875 0.09296875 0.13984375
0 0.9234375 0.43671875 0.0765625 0.11796875