0 0.9703240740740741 0.06284722222222225 0.023993055555555642 0.04357638888888889
0 0.9524479166666666 0.061255787037037046 0.027094907407407477 0.04282407407407409
0 0.9353182870370371 0.06180555555555558 0.02560185185185162 0.047106481481481485
0 0.9285648148148148 0.04487847222222223 0.017581018518518475 0.03101851851851851
0 0.9419039351851852 0.03752893518518521 0.020706018518518478 0.03182870370370372
0 0.9178124999999999 0.035214120370370396 0.016018518518518477 0.03061342592592591
0 0.9044386574074075 0.04490740740740742 0.022361111111111144 0.03848379629629632
0 0.87765625 0.06663773148148149 0.03819444444444429 0.05659722222222223
0 0.8623090277777777 0.05193865740740742 0.025509259259258954 0.040856481481481445
0 0.8827951388888888 0.03495370370370372 0.020659722222222142 0.02870370370370372
0 0.8554976851851851 0.03891782407407409 0.015972222222222145 0.02748842592592595
0 0.8462384259259259 0.03353587962962963 0.017581018518518475 0.03101851851851851
0 0.8213831018518519 0.08278356481481482 0.058946759259259185 0.09155092592592591
0 0.7925578703703703 0.0848090277777778 0.04162037037037045 0.07771990740740739
0 0.8259837962962961 0.03489583333333335 0.015972222222222145 0.02748842592592595
0 0.8095775462962964 0.03914930555555558 0.020659722222222142 0.02870370370370372
0 0.8168402777777779 0.021701388888888905 0.015972222222222145 0.02748842592592591
0 0.8026736111111111 0.03237847222222223 0.015972222222222145 0.02748842592592595
0 0.7815798611111111 0.037847222222222233 0.015972222222222145 0.02748842592592595
0 0.7856481481481481 0.025896990740740745 0.015972222222222145 0.02748842592592595
0 0.7675752314814815 0.03758680555555557 0.015972222222222145 0.02748842592592593
0 0.7481828703703703 0.03327546296296298 0.020706018518518478 0.03182870370370372
0 0.7431770833333333 0.10850694444444446 0.05265046296296294 0.08680555555555554
0 0.6658680555555556 0.1262152777777778 0.05582175925925927 0.09074074074074075
0 0.6286689814814814 0.115625 0.03996527777777779 0.0710648148148148
0 0.662037037037037 0.06961805555555557 0.02243055555555564 0.043171296296296305
0 0.6822916666666666 0.06825810185185185 0.025509259259259308 0.04085648148148149
0 0.6904166666666667 0.045138888888888895 0.014409722222222143 0.027083333333333327
0 0.710462962962963 0.0578414351851852 0.023993055555555642 0.04357638888888891
0 0.719392361111111 0.03295717592592593 0.012754629629629654 0.020428240740740743
0 0.7046990740740741 0.02664930555555557 0.011192129629629654 0.02002314814814816
0 0.6553067129629631 0.051128472222222235 0.01592592592592581 0.024363425925925906
0 0.6456770833333334 0.07074652777777778 0.015972222222222145 0.02748842592592593
0 0.6262268518518519 0.0703414351851852 0.027094907407407477 0.04282407407407407
0 0.6375578703703704 0.04094328703703705 0.01918981481481481 0.03454861111111111
0 0.6260474537037037 0.029918981481481487 0.01280092592592581 0.023553240740740743
0 0.5514641203703704 0.12630208333333334 0.04959490740740744 0.09068287037037037
0 0.5770543981481481 0.07997685185185185 0.02238425925925931 0.04004629629629628
0 0.6055439814814815 0.10060763888888888 0.02238425925925931 0.04004629629629629
0 0.6117650462962964 0.04840856481481483 0.020706018518518478 0.0318287037037037
0 0.5930844907407408 0.04858217592592594 0.016018518518518477 0.03061342592592593
0 0.5639583333333332 0.0709201388888889 0.014409722222222143 0.027083333333333327
0 0.562673611111111 0.05257523148148149 0.012893518518518476 0.029803240740740745
0 0.5785532407407408 0.031336805555555555 0.011168981481481488 0.01846064814814814
0 0.5558738425925925 0.03877314814814816 0.011192129629629477 0.02002314814814814
0 0.5485532407407407 0.060127314814814814 0.012800925925925988 0.023553240740740743
0 0.5248611111111111 0.0833912037037037 0.020798611111111143 0.0380787037037037
0 0.5338657407407407 0.10596064814814814 0.02721064814814831 0.050636574074074056
0 0.5315277777777778 0.05364583333333334 0.020706018518518478 0.0318287037037037
0 0.5441435185185185 0.04259259259259259 0.014409722222222143 0.027083333333333327
0 0.5106076388888889 0.04739583333333334 0.015972222222222145 0.02748842592592593
0 0.48627314814814815 0.061487268518518524 0.02075231481481481 0.034953703703703695
0 0.4720081018518519 0.13133680555555555 0.0606481481481481 0.10133101851851851
0 0.4384317129629629 0.0863425925925926 0.022268518518518476 0.0322337962962963
0 0.45111689814814815 0.07060185185185186 0.016018518518518477 0.03061342592592591
0 0.4498206018518518 0.05303819444444445 0.011192129629629477 0.02002314814814816
0 0.437505787037037 0.0437789351851852 0.014409722222222143 0.027083333333333327
0 0.42052083333333334 0.08709490740740741 0.02238425925925931 0.0400462962962963
0 0.4175636574074074 0.1291087962962963 0.027233796296296298 0.05219907407407409
0 0.3706655092592593 0.1428240740740741 0.05906249999999993 0.09936342592592594
0 0.39402777777777775 0.08929398148148147 0.02714120370370372 0.04594907407407407
0 0.4051967592592593 0.07083333333333333 0.016018518518518522 0.03061342592592593
0 0.40078703703703705 0.053298611111111116 0.017581018518518475 0.03101851851851851
0 0.41711226851851857 0.054513888888888896 0.014409722222222143 0.027083333333333327
0 0.3841145833333333 0.07552083333333333 0.017696759259259308 0.038831018518518515
0 0.3260821759259259 0.10535300925925925 0.027094907407407477 0.042824074074074056
0 0.3043518518518519 0.15379050925925924 0.04168981481481478 0.08240740740740744
0 0.23799189814814814 0.16788194444444446 0.07806712962962967 0.12141203703703703
0 0.31411458333333336 0.07265625 0.017581018518518475 0.03101851851851851
0 0.3329108796296296 0.0646701388888889 0.016018518518518477 0.03061342592592593
0 0.29870949074074077 0.06186342592592593 0.017581018518518475 0.03101851851851851
0 0.27825810185185185 0.07650462962962963 0.020659722222222232 0.02870370370370372
0 0.2663773148148148 0.09048032407407407 0.020706018518518478 0.03182870370370372
0 0.2541203703703704 0.07731481481481481 0.017534722222222233 0.027893518518518512
0 0.2715046296296296 0.0595775462962963 0.017581018518518475 0.03101851851851851
0 0.24030092592592595 0.06455439814814815 0.017534722222222233 0.027893518518518512
0 0.22443287037037035 0.08501157407407409 0.022361111111111144 0.0384837962962963
0 0.21129050925925927 0.07907986111111112 0.01592592592592599 0.02436342592592593
0 0.12806134259259258 0.1286747685185185 0.03980324074074071 0.0601273148148148
0 0.15502893518518518 0.09444444444444446 0.022361111111111144 0.0384837962962963
0 0.19001157407407407 0.09704861111111111 0.02075231481481481 0.03495370370370372
0 0.19107060185185185 0.07809606481481482 0.01597222222222223 0.02748842592592591
0 0.20604166666666668 0.06565393518518518 0.0159259259259259 0.02436342592592593
0 0.1291898148148148 0.10503472222222224 0.01597222222222223 0.02748842592592594
0 0.10269675925925928 0.10723379629629629 0.020798611111111132 0.03807870370370371
0 0.07831597222222222 0.12445023148148149 0.023854166666666666 0.034201388888888885
0 0.06399305555555557 0.19820601851851852 0.0830324074074074 0.1413773148148148
0 0.057748842592592595 0.14690393518518519 0.039733796296296295 0.05543981481481484
0 0.05360532407407407 0.11140046296296298 0.02226851851851852 0.03223379629629629