0 0.35625 0.91640625 0.16328125 0.16015625
0 0.18671875 0.715625 0.08671875 0.1140625
0 0.14375 0.58515625 0.05546875 0.08671875
0 0.10078125 0.53828125 0.0359375 0.0671875
0 0.0109375 0.4828125 0.021875 0.0375
0 0.04921875 0.46484375 0.0265625 0.03984375
0 0.07578125 0.49140625 0.02265625 0.03984375
0 0.09296875 0.496875 0.02421875 0.04375
0 0.1140625 0.46953125 0.02265625 0.03671875
0 0.12265625 0.48984375 0.0265625 0.05
0 0.1484375 0.4984375 0.02421875 0.03984375
0 0.1875 0.51484375 0.0265625 0.053125
0 0.2296875 0.53984375 0.03984375 0.0703125
0 0.28671875 0.58359375 0.05546875 0.08359375
0 0.2765625 0.478125 0.02265625 0.03359375
0 0.29921875 0.475 0.02265625 0.03984375
0 0.33359375 0.4796875 0.02421875 0.04375
0 0.36640625 0.496875 0.0265625 0.05
0 0.378125 0.46953125 0.02421875 0.03671875
0 0.35625 0.40625 0.0203125 0.03671875
0 0.40390625 0.4578125 0.02265625 0.0265625
0 0.40546875 0.48828125 0.015625 0.03984375
0 0.42265625 0.48828125 0.02890625 0.046875
0 0.440625 0.51171875 0.02890625 0.046875
0 0.45390625 0.4796875 0.0203125 0.03046875
0 0.4875 0.4578125 0.02421875 0.03984375
0 0.49765625 0.4734375 0.02265625 0.03671875
0 0.51640625 0.49296875 0.02890625 0.05
0 0.52578125 0.51875 0.02890625 0.046875
0 0.4953125 0.54375 0.04453125 0.0703125
0 0.43984375 0.7375 0.08046875 0.14375
0 0.5984375 0.79921875 0.1296875 0.20703125
0 0.63984375 0.615625 0.05546875 0.09375
0 0.6125 0.55546875 0.0421875 0.0671875
0 0.58046875 0.5 0.0359375 0.06328125
0 0.54765625 0.4796875 0.03359375 0.04375
0 0.5515625 0.46640625 0.02265625 0.03671875
0 0.575 0.4578125 0.02890625 0.046875
0 0.6015625 0.4734375 0.015625 0.03046875
0 0.6171875 0.48359375 0.0203125 0.04375
0 0.63203125 0.503125 0.03125 0.05
0 0.66875 0.49140625 0.02421875 0.046875
0 0.7 0.55703125 0.0421875 0.0703125
0 0.73203125 0.51015625 0.03984375 0.05
0 0.71328125 0.48359375 0.02421875 0.03671875
0 0.7453125 0.4734375 0.0265625 0.04375
0 0.78671875 0.50703125 0.02890625 0.04375
0 0.753125 0.4984375 0.02890625 0.046875
0 0.82734375 0.5734375 0.0515625 0.090625
0 0.840625 0.49296875 0.02890625 0.03671875
0 0.878125 0.53515625 0.046875 0.08671875
0 0.9140625 0.503125 0.03359375 0.05
0 0.95546875 0.4796875 0.0359375 0.05