0 0.7578125 0.30625 0.03515625 0.0625
0 0.77265625 0.6578125 0.1015625 0.1796875
0 0.81171875 0.52265625 0.06328125 0.125
0 0.6125 0.5671875 0.078125 0.11484375
0 0.371875 0.6890625 0.103125 0.1625
0 0.2578125 0.55 0.078125 0.13984375
0 0.15703125 0.53359375 0.0734375 0.1125
0 0.1421875 0.45859375 0.0546875 0.0828125
0 0.07421875 0.39609375 0.03828125 0.0625
0 0.10234375 0.3828125 0.03515625 0.06015625
0 0.159375 0.3390625 0.03203125 0.04765625
0 0.2484375 0.32890625 0.03359375 0.04765625
0 0.3 0.31484375 0.03359375 0.03984375
0 0.353125 0.3171875 0.0265625 0.03515625
0 0.2953125 0.4125 0.03984375 0.06484375
0 0.34765625 0.38125 0.03203125 0.05234375
0 0.38046875 0.36875 0.03515625 0.04765625
0 0.396875 0.29765625 0.0234375 0.03984375
0 0.4375 0.34375 0.025 0.0421875
0 0.475 0.29375 0.0265625 0.0375
0 0.49140625 0.3421875 0.0265625 0.0453125
0 0.528125 0.3296875 0.0234375 0.03515625
0 0.5140625 0.28125 0.021875 0.0375
0 0.59140625 0.31015625 0.0203125 0.03984375
0 0.65078125 0.32109375 0.028125 0.04765625
0 0.47109375 0.49609375 0.06171875 0.1078125