0 0.9323784722222221 0.3248900462962963 0.11637731481481453 0.13968749999999996
0 0.981322337962963 0.3749652777777778 0.03735532407407405 0.09021990740740744
0 0.9989438657407408 0.37567708333333333 0.0021122685185183342 0.08553240740740745
0 0.876099537037037 0.3545949074074074 0.07413194444444429 0.08553240740740745
0 0.907986111111111 0.3763425925925926 0.04895833333333357 0.06287037037037031
0 0.9353877314814815 0.39977430555555554 0.05642361111111107 0.06876157407407409
0 0.9970775462962962 0.1444560185185185 0.005844907407407618 0.288912037037037
0 0.8265914351851851 0.35346643518518517 0.04224537037037024 0.054155092592592526
0 0.8126157407407408 0.36600115740740746 0.03628472222222223 0.042615740740740725
0 0.7616898148148148 0.44799189814814816 0.040625 0.0479050925925927
0 0.7698784722222223 0.2454513888888889 0.21111111111111108 0.2588773148148148
0 0.705295138888889 0.331712962962963 0.059259259259259164 0.07969907407407409
0 0.725925925925926 0.3416840277777778 0.06076388888888893 0.07405092592592596
0 0.6741030092592593 0.3442824074074074 0.03871527777777768 0.051990740740740726
0 0.6592592592592592 0.3471412037037037 0.048958333333333395 0.0628703703703704
0 0.6068287037037037 0.2809548611111111 0.07615740740740744 0.09334490740740745
0 0.6078703703703704 0.33243055555555556 0.049710648148148094 0.0600462962962963
0 0.6382233796296296 0.3356076388888889 0.0465856481481481 0.0594444444444445
0 0.575925925925926 0.3262789351851852 0.058391203703703806 0.07062499999999998
0 0.559056712962963 0.34347222222222223 0.04143518518518512 0.05103009259259261
0 0.5080729166666667 0.2860300925925926 0.08043981481481488 0.09268518518518523
0 0.4543981481481481 0.16758680555555555 0.23466435185185186 0.2752893518518518
0 0.24207175925925925 0.18387152777777777 0.24334490740740744 0.2858680555555556
0 0.1470486111111111 0.23498263888888887 0.1274884259259259 0.15964120370370374
0 0.1316261574074074 0.2830671296296296 0.07505787037037037 0.10055555555555555
0 0.13859953703703703 0.34160300925925924 0.053298611111111074 0.06815972222222229
0 0.18255208333333334 0.33395833333333336 0.058391203703703674 0.07062500000000008
0 0.21336805555555555 0.32310185185185186 0.05920138888888891 0.07374999999999998
0 0.24302662037037032 0.3141087962962963 0.07100694444444447 0.08493055555555555
0 0.3104456018518518 0.3052256944444444 0.07256944444444446 0.08523148148148145
0 0.3568576388888889 0.3323784722222222 0.06898148148148149 0.07711805555555555
0 0.3886863425925926 0.3254282407407407 0.046527777777777765 0.05349537037037031
0 0.426099537037037 0.3083796296296296 0.06817129629629637 0.07399305555555555
0 0.45917245370370363 0.3315393518518518 0.0666087962962962 0.07369212962962965