0 0.13087384259259255 0.4557002314814815 0.1567013888888889 0.1546875
0 0.36949074074074073 0.4141782407407407 0.19039351851851852 0.19103009259259257
0 0.6090277777777777 0.2087384259259259 0.28451388888888884 0.2887731481481482
0 0.5659837962962964 0.4088541666666667 0.11180555555555553 0.12366898148148149
0 0.6800347222222222 0.4227141203703704 0.08403935185185177 0.08622685185185186
0 0.7951909722222222 0.33110532407407406 0.13724537037037052 0.1424768518518519
0 0.7180844907407408 0.45066550925925924 0.056064814814814845 0.06261574074074065
0 0.7494097222222222 0.4591145833333334 0.04409722222222214 0.04942129629629619
0 0.7596122685185185 0.472974537037037 0.03525462962962962 0.03645833333333339
0 0.78671875 0.4609664351851851 0.03148148148148131 0.0331018518518519
0 0.8054861111111112 0.47803819444444445 0.029918981481481578 0.03298611111111107
0 0.8374594907407408 0.3795138888888889 0.08371527777777779 0.08466435185185181
0 0.8566261574074074 0.405787037037037 0.05600694444444443 0.054918981481481485
0 0.8430381944444445 0.4267939814814815 0.04182870370370395 0.03848379629629619
0 0.8329861111111111 0.4344618055555555 0.03525462962962962 0.03645833333333322
0 0.8456076388888889 0.45891203703703703 0.027708333333333356 0.029745370370370415
0 0.8598148148148148 0.4386284722222221 0.03837962962962962 0.03668981481481488
0 0.8674537037037038 0.4611400462962963 0.03525462962962962 0.03645833333333339
0 0.7412326388888889 0.4874131944444445 0.029270833333333357 0.02986111111111107
0 0.7283333333333333 0.4791377314814815 0.03902777777777775 0.03981481481481488
0 0.6981597222222222 0.48368055555555556 0.036226851851851906 0.041145833333333215
0 0.7029976851851851 0.5048611111111111 0.031157407407407512 0.0315393518518519
0 0.6692534722222222 0.48582175925925924 0.03590277777777793 0.039583333333333394
0 0.6714814814814816 0.5010416666666666 0.027708333333333356 0.029745370370370238
0 0.6717071759259259 0.5333333333333334 0.029594907407407334 0.03142361111111107
0 0.6469733796296296 0.5413194444444445 0.023611111111111072 0.02482638888888893
0 0.6392418981481482 0.4895833333333333 0.04565972222222214 0.049537037037037025
0 0.6113946759259259 0.4754918981481481 0.05320601851851858 0.05625
0 0.5514756944444444 0.48993055555555554 0.06765046296296298 0.06655092592592596
0 0.5340856481481481 0.5181423611111111 0.041562499999999857 0.044618055555555716
0 0.5876678240740741 0.5157118055555555 0.038113425925925884 0.04282407407407405
0 0.6155729166666666 0.5221064814814815 0.025497685185185227 0.026504629629629583
0 0.5822164351851852 0.5345775462962963 0.01983796296296294 0.02146990740740744
0 0.5756423611111112 0.5366030092592593 0.021724537037037094 0.023148148148148095
0 0.5297106481481482 0.539236111111111 0.019513888888888786 0.019907407407407263
0 0.5074537037037037 0.5501157407407408 0.023611111111111072 0.02482638888888893
0 0.5161805555555555 0.5525462962962963 0.017951388888888965 0.019791666666666607
0 0.4854166666666666 0.552517361111111 0.025497685185185047 0.02650462962962976
0 0.47520254629629627 0.5609664351851851 0.023287037037037096 0.023263888888888928
0 0.014302662037037029 0.6146990740740741 0.028605324074074057 0.07361111111111107
0 0.0005815972222222188 0.6444733796296296 0.0011631944444444376 0.061400462962962976
0 0.01974537037037035 0.676244212962963 0.038703703703703705 0.03825231481481488
0 0.07724537037037035 0.6512152777777778 0.04813657407407408 0.046643518518518515
0 0.11730902777777777 0.6397858796296296 0.034340277777777796 0.039467592592592735
0 0.13696180555555554 0.5598668981481482 0.1044675925925926 0.103125
0 0.14229166666666665 0.6194733796296296 0.045659722222222233 0.049537037037037025
0 0.1390972222222222 0.649710648148148 0.034930555555555555 0.034895833333333216
0 0.19620949074074073 0.5931712962962963 0.05730324074074074 0.06116898148148149
0 0.17818287037037037 0.602199074074074 0.041886574074074104 0.04618055555555554
0 0.18654513888888885 0.632349537037037 0.029270833333333312 0.02986111111111107
0 0.20239004629629628 0.6227141203703704 0.036817129629629616 0.03657407407407405
0 0.22685763888888885 0.60859375 0.04059027777777775 0.03993055555555554
0 0.21857638888888883 0.6299768518518519 0.025497685185185227 0.02650462962962976
0 0.2538194444444445 0.6158275462962963 0.025497685185185227 0.026504629629629583
0 0.2701793981481481 0.6 0.03902777777777775 0.03981481481481488
0 0.3070833333333333 0.551880787037037 0.08689814814814811 0.09259259259259256
0 0.3045254629629629 0.6013020833333333 0.03525462962962962 0.03645833333333322
0 0.27976273148148145 0.6131365740740741 0.023611111111111072 0.02482638888888893
0 0.31888310185185187 0.6025462962962963 0.02204861111111107 0.024710648148148096
0 0.3330902777777778 0.5822627314814814 0.0434490740740741 0.04629629629629619
0 0.358443287037037 0.575 0.03369212962962962 0.03634259259259256
0 0.3762210648148148 0.578298611111111 0.030243055555555554 0.03454861111111107
0 0.37156828703703704 0.6155671296296296 0.023287037037037005 0.023263888888888928
0 0.4141898148148148 0.5547164351851851 0.03525462962962962 0.03645833333333322
0 0.3995891203703704 0.5027199074074075 0.08280092592592592 0.08767361111111108
0 0.4536168981481481 0.5241030092592592 0.05353009259259274 0.0578125
0 0.44037037037037036 0.5620081018518519 0.022372685185185225 0.026273148148148094
0 0.46343750000000006 0.5472222222222223 0.029270833333333357 0.02986111111111107
0 0.44731481481481483 0.5730324074074075 0.023611111111111072 0.02482638888888893
0 0.41267361111111106 0.5694444444444444 0.023287037037037096 0.023263888888888928
0 0.39979166666666666 0.5796296296296296 0.023935185185185136 0.026388888888888927
0 0.4147974537037037 0.5777488425925925 0.018275462962963118 0.021354166666666785