0 0.6720023148148149 0.2776331018518518 0.08484953703703706 0.1528356481481481
0 0.7143287037037037 0.19131944444444443 0.06234953703703709 0.10462962962962967
0 0.6860821759259259 0.19730902777777776 0.03729166666666668 0.06643518518518517
0 0.6709664351851852 0.18116319444444443 0.028749999999999963 0.05005787037037033
0 0.5943055555555555 0.17135416666666664 0.03368055555555553 0.05613425925925926
0 0.534068287037037 0.18761574074074072 0.03869212962962969 0.06377314814814813
0 0.5026157407407407 0.19296874999999997 0.040740740740740834 0.07361111111111111
0 0.4877719907407407 0.19736689814814815 0.03745370370370367 0.06956018518518521
0 0.4446817129629629 0.20775462962962962 0.04386574074074083 0.07453703703703703
0 0.42554398148148154 0.23642939814814815 0.0425462962962964 0.07876157407407405
0 0.4119097222222223 0.21825810185185182 0.04747685185185193 0.08483796296296298
0 0.31474537037037037 0.30257523148148147 0.11491898148148146 0.1986689814814815
0 0.30257523148148147 0.25144675925925924 0.07754629629629628 0.13067129629629629