0 0.25577546296296294 0.693113425925926 0.1128935185185185 0.1424768518518519
0 0.2682523148148148 0.5207465277777777 0.053923611111111124 0.0734375
0 0.3200636574074074 0.6635416666666667 0.08524305555555553 0.11365740740740744
0 0.40370370370370373 0.7421006944444445 0.14758101851851854 0.19253472222222215
0 0.42369212962962965 0.6699363425925926 0.08181712962962959 0.1111689814814815
0 0.4885648148148148 0.685474537037037 0.09792824074074069 0.1336226851851851
0 0.6604282407407407 0.7975405092592592 0.13483796296296297 0.1799189814814815
0 0.6182407407407406 0.6855902777777778 0.10700231481481488 0.13483796296296297
0 0.5452372685185185 0.5092592592592593 0.06167824074074062 0.0831018518518519
0 0.7722974537037037 0.6325231481481481 0.060717592592592594 0.08576388888888893
0 0.8253761574074074 0.6939236111111111 0.08800925925925931 0.12037037037037042
0 0.8629166666666667 0.6402199074074074 0.07508101851851841 0.09149305555555554
0 0.3445138888888889 0.8980034722222221 0.2586574074074074 0.20399305555555564