0 0.677951388888889 0.69453125 0.08472222222222214 0.09906249999999997
0 0.5947048611111111 0.7056250000000001 0.08472222222222214 0.09906250000000014
0 0.7657118055555555 0.4575 0.08472222222222214 0.09906249999999997
0 0.7026041666666666 0.51015625 0.08315972222222215 0.09875000000000007
0 0.6465277777777778 0.5128125 0.07378472222222214 0.08343749999999997
0 0.6313368055555555 0.45999999999999996 0.0765625 0.09593750000000015
0 0.5785590277777778 0.49187499999999995 0.06944444444444446 0.08406249999999993
0 0.5191840277777777 0.50203125 0.07517361111111107 0.08968749999999996
0 0.45842013888888894 0.5037499999999999 0.07743055555555571 0.09312499999999986
0 0.3936631944444445 0.48671875 0.08038194444444446 0.09968749999999993
0 0.31328125 0.5326562499999999 0.07517361111111107 0.08968750000000014
0 0.2529513888888889 0.55078125 0.08697916666666669 0.10250000000000004
0 0.22265625 0.51453125 0.06788194444444447 0.08375000000000003
0 0.18428819444444444 0.51828125 0.08263888888888889 0.103125
0 0.11675347222222224 0.5284375000000001 0.08107638888888888 0.10281249999999993
0 0.22890625 0.7140625 0.0838541666666667 0.10187500000000008
0 0.13585069444444448 0.72890625 0.08090277777777778 0.0953125
0 0.06536458333333334 0.53203125 0.07743055555555556 0.09312500000000004
0 0.018836805555555558 0.54265625 0.037673611111111116 0.11843749999999993