0 0.32644675925925926 0.49399884259259264 0.22662037037037042 0.3479861111111111
0 0.2717013888888889 0.5905150462962963 0.17309027777777777 0.28263888888888894
0 0.1848090277777778 0.8404513888888889 0.17106481481481484 0.26976851851851863
0 0.24652777777777776 0.9322164351851852 0.11226851851851852 0.06223379629629626
0 0.3923611111111111 0.8479976851851851 0.14560185185185182 0.1677083333333332
0 0.46611689814814816 0.6689525462962963 0.16736111111111107 0.2534027777777778
0 0.5038194444444445 0.835763888888889 0.11643518518518511 0.13291666666666657
0 0.5961805555555555 0.7760416666666667 0.14733796296296298 0.2145833333333334
0 0.5999131944444445 0.5789178240740741 0.16932870370370381 0.26471064814814815
0 0.581105324074074 0.30517361111111113 0.2810185185185185 0.4367708333333333
0 0.7238136574074074 0.37064814814814817 0.2033564814814813 0.3053009259259259
0 0.7110243055555555 0.578587962962963 0.14606481481481487 0.2220254629629629
0 0.7186631944444445 0.7210011574074074 0.13275462962962958 0.1971874999999999
0 0.8984375 0.6169155092592593 0.13530092592592596 0.2241203703703704
0 0.8848668981481481 0.31434606481481486 0.1803819444444444 0.31224537037037037
0 0.9129340277777779 0.18968171296296296 0.1741319444444443 0.3793634259259259
0 0.9799768518518519 0.40750000000000003 0.04004629629629619 0.24532407407407408
0 0.727199074074074 0.055063657407407415 0.3137731481481481 0.11012731481481483