0 0.08987268518518518 0.46453125 0.11643518518518517 0.15531249999999996
0 0.16167824074074072 0.58140625 0.11487268518518516 0.15500000000000008
0 0.21708912037037037 0.538125 0.07805555555555552 0.11812499999999986
0 0.26588541666666665 0.61234375 0.16061342592592592 0.23093749999999993
0 0.16983796296296297 0.804375 0.23797453703703703 0.32562500000000005
0 0.41461805555555553 0.890625 0.22377314814814805 0.21875
0 0.4883333333333333 0.8595312500000001 0.11344907407407412 0.159375
0 0.4730150462962962 0.68328125 0.09589120370370381 0.14343749999999994
0 0.45115740740740745 0.65328125 0.05856481481481488 0.08937500000000007
0 0.5423726851851851 0.74375 0.10204861111111115 0.14156249999999987
0 0.550630787037037 0.68171875 0.07593749999999985 0.09906249999999997
0 0.6216261574074075 0.77125 0.08623842592592582 0.13218749999999985
0 0.623292824074074 0.8275 0.09579861111111114 0.14031249999999992
0 0.6711284722222223 0.8168749999999999 0.07175925925925916 0.11531250000000019
0 0.7159837962962963 0.83671875 0.06192129629629619 0.09781249999999986
0 0.6331192129629629 0.9408593749999999 0.16865740740740734 0.11828125000000007
0 0.7546585648148147 0.9360937500000001 0.12650462962962958 0.12781249999999994
0 0.7874421296296296 0.935546875 0.10204861111111115 0.12890625
0 0.7894733796296297 0.8793749999999999 0.0697337962962962 0.09937499999999985
0 0.3880497685185185 0.5940625 0.07947916666666668 0.11374999999999993
0 0.3315798611111111 0.6278124999999999 0.08761574074074074 0.12624999999999992