0 0.8469386574074074 0.5800636574074074 0.10902777777777786 0.1696527777777778
0 0.6923148148148148 0.47406249999999994 0.17684027777777783 0.25751157407407416
0 0.5718287037037036 0.7145949074074075 0.05372685185185198 0.08400462962962969
0 0.49021990740740745 0.7672453703703704 0.06480324074074062 0.10332175925925924
0 0.3596180555555556 0.5811226851851852 0.17070601851851847 0.2728125
0 0.33349537037037036 0.7339814814814816 0.06959490740740737 0.11762731481481481
0 0.21331018518518516 0.7230324074074075 0.08216435185185186 0.12765046296296312
0 0.13375578703703703 0.7091956018518518 0.12310185185185185 0.1719444444444445
0 0.1286400462962963 0.7672511574074073 0.0899537037037037 0.1249305555555555
0 0.17657407407407408 0.8327083333333334 0.08223379629629628 0.13702546296296286
0 0.07969328703703704 0.8385127314814815 0.09488425925925928 0.15798611111111108