0 0.15374421296296298 0.013217592592592592 0.05501157407407407 0.022685185185185187
0 0.20741898148148147 0.0296412037037037 0.05703703703703704 0.05395833333333333
0 0.23240740740740745 0.030792824074074077 0.05393518518518512 0.055474537037037044
0 0.2674594907407407 0.03834490740740741 0.05883101851851853 0.06960648148148149
0 0.32654513888888886 0.16424768518518518 0.08107638888888893 0.09493055555555556
0 0.4603240740740741 0.048234953703703703 0.057476851851851765 0.08364583333333334
0 0.517505787037037 0.14441550925925925 0.21186342592592594 0.27651620370370367
0 0.5770138888888889 0.18905671296296295 0.07680555555555557 0.1229861111111111
0 0.620457175925926 0.15766203703703702 0.054166666666666786 0.07109953703703704
0 0.6425520833333334 0.14314236111111112 0.05271990740740744 0.07888888888888887
0 0.7740509259259258 0.18103587962962964 0.167650462962963 0.24461805555555555
0 0.8738020833333333 0.2520601851851852 0.10031250000000007 0.12802083333333333
0 0.8914930555555557 0.16558449074074075 0.06671296296296277 0.0744097222222222
0 0.892974537037037 0.38206018518518514 0.20770833333333344 0.3123842592592593
0 0.974380787037037 0.21447916666666664 0.04660879629629626 0.0881712962962963
0 0.9861400462962961 0.26466435185185183 0.02179398148148124 0.1003009259259259