0 0.8976736111111112 0.3452604166666666 0.1012731481481481 0.1529050925925926
0 0.7672222222222222 0.41182291666666665 0.10515046296296297 0.14616898148148144
0 0.7064351851851851 0.4684895833333333 0.074861111111111 0.10413194444444454
0 0.6863657407407407 0.2648958333333333 0.1282754629629629 0.19266203703703705
0 0.6892939814814815 0.7073206018518519 0.06575231481481474 0.08983796296296305
0 0.6296701388888889 0.5395023148148148 0.07648148148148141 0.11975694444444436
0 0.5411747685185185 0.2456134259259259 0.1450925925925926 0.2224537037037037
0 0.38919560185185187 0.6374305555555555 0.07033564814814816 0.1046180555555555
0 0.3333738425925926 0.6609259259259259 0.07297453703703702 0.10064814814814813
0 0.23217013888888888 0.6513715277777778 0.0741087962962963 0.11158564814814813
0 0.03571759259259259 0.5308969907407407 0.07143518518518518 0.20383101851851854
0 0.04224537037037037 0.3131597222222222 0.08449074074074074 0.31430555555555556