0 0.059432870370370386 0.47251157407407407 0.11848379629629628 0.15653935185185192
0 0.1480787037037037 0.3935763888888889 0.10418981481481482 0.13767361111111115
0 0.17360532407407409 0.4416087962962963 0.09559027777777777 0.12488425925925935
0 0.250005787037037 0.40946180555555556 0.102962962962963 0.1387731481481481
0 0.31464699074074076 0.452488425925926 0.10932870370370366 0.14797453703703703
0 0.3748090277777778 0.5231770833333333 0.1136805555555556 0.14780092592592595
0 0.5128993055555556 0.4252025462962963 0.11324074074074061 0.159375
0 0.7432465277777778 0.17699652777777775 0.10072916666666672 0.13518518518518516
0 0.8078819444444445 0.13151041666666663 0.10363425925925931 0.14189814814814813
0 0.85390625 0.14201388888888886 0.11814814814814803 0.15497685185185187
0 0.7141956018518518 0.14537037037037032 0.10005787037037042 0.1320601851851852
0 0.7350462962962963 0.0755497685185185 0.09335648148148153 0.12129629629629632
0 0.6701851851851852 0.12549189814814812 0.11535879629629626 0.15561342592592592
0 0.6454918981481482 0.08379629629629627 0.08888888888888893 0.1141203703703704
0 0.5807465277777778 0.12638888888888888 0.10072916666666672 0.1351851851851852
0 0.5621354166666667 0.08362268518518516 0.10418981481481496 0.13767361111111112
0 0.49777199074074074 0.14146412037037032 0.110775462962963 0.14108796296296297
0 0.47392361111111114 0.08561921296296295 0.09626157407407412 0.12800925925925927
0 0.4056597222222223 0.13437499999999997 0.09815972222222231 0.13003472222222223
0 0.35214699074074074 0.14510995370370366 0.08218750000000004 0.1033564814814815
0 0.2893576388888889 0.18200231481481483 0.09078703703703708 0.11614583333333335
0 0.2744270833333333 0.14253472222222222 0.07437500000000004 0.10104166666666665
0 0.2301678240740741 0.16808449074074075 0.0946990740740741 0.12754629629629627
0 0.1432928240740741 0.17407407407407408 0.10418981481481482 0.13767361111111112