0 0.065625 0.453125 0.0484375 0.0734375
0 0.16171875 0.45859375 0.04609375 0.06953125
0 0.24609375 0.44921875 0.040625 0.0625
0 0.2203125 0.39921875 0.0234375 0.0453125
0 0.2921875 0.40859375 0.025 0.04921875
0 0.325 0.45703125 0.040625 0.07734375
0 0.3625 0.42734375 0.02734375 0.04921875
0 0.42109375 0.4484375 0.0421875 0.071875
0 0.49375 0.4203125 0.02890625 0.05234375
0 0.51875 0.40390625 0.02265625 0.04296875
0 0.50859375 0.37890625 0.01953125 0.03359375
0 0.52734375 0.3625 0.0171875 0.03203125
0 0.546875 0.3765625 0.0171875 0.03359375
0 0.4921875 0.35390625 0.015625 0.03046875
0 0.50078125 0.31328125 0.01484375 0.028125
0 0.45078125 0.29296875 0.0171875 0.028125
0 0.4484375 0.37578125 0.01875 0.03203125
0 0.421875 0.39609375 0.02109375 0.028125
0 0.40078125 0.3765625 0.0234375 0.03359375
0 0.36640625 0.3734375 0.0234375 0.03203125
0 0.35390625 0.39140625 0.02734375 0.0375
0 0.79140625 0.4828125 0.03671875 0.0625
0 0.6734375 0.38984375 0.01953125 0.03046875
0 0.6828125 0.371875 0.01171875 0.02421875