0 0.038072916666666665 0.4653125 0.07614583333333333 0.20999999999999996
0 0.014374999999999999 0.5611747685185186 0.028749999999999998 0.10474537037037042
0 0.07817708333333333 0.6038020833333333 0.08031250000000001 0.08489583333333339
0 0.08395833333333333 0.6351851851851851 0.06364583333333332 0.07488425925925916
0 0.10552083333333333 0.7264409722222223 0.12072916666666664 0.1350462962962963
0 0.16833333333333333 0.6693055555555556 0.05677083333333335 0.06931712962962955
0 0.20619791666666668 0.6440451388888888 0.0671875 0.07844907407407398
0 0.24833333333333335 0.5867534722222223 0.11135416666666664 0.13372685185185187
0 0.3040625 0.3872627314814815 0.26010416666666664 0.30644675925925924
0 0.6175520833333333 0.1558130787037037 0.36916666666666664 0.3116261574074074
0 0.5307291666666666 0.5730729166666666 0.1369791666666668 0.16493055555555572
0 0.41494791666666664 0.6192650462962963 0.09822916666666667 0.10428240740740727
0 0.4075520833333333 0.6747337962962963 0.07093749999999996 0.08357638888888878
0 0.36802083333333335 0.6894965277777778 0.07510416666666667 0.09182870370370359
0 0.32901041666666664 0.6313599537037037 0.09437499999999996 0.10987268518518523
0 0.29583333333333334 0.6789583333333333 0.07177083333333334 0.08982638888888879
0 0.26921875 0.6543402777777778 0.07843750000000008 0.09383101851851858
0 0.4189583333333333 0.8709085648148148 0.06781249999999997 0.08313657407407397
0 0.5346875 0.704369212962963 0.09104166666666665 0.10787037037037042
0 0.6747916666666667 0.6654861111111111 0.14312500000000003 0.17652777777777776