0 0.09609375 0.41015625 0.03671875 0.06171875
0 0.12109375 0.4265625 0.04140625 0.06875
0 0.17890625 0.41015625 0.03203125 0.05703125
0 0.2171875 0.41171875 0.03828125 0.07109375
0 0.25625 0.41171875 0.03046875 0.05234375
0 0.29375 0.45078125 0.03828125 0.06171875
0 0.29921875 0.4078125 0.03203125 0.04375
0 0.253125 0.58125 0.04296875 0.075
0 0.34453125 0.6046875 0.03671875 0.059375
0 0.35390625 0.425 0.03359375 0.059375
0 0.39921875 0.43984375 0.03671875 0.06640625
0 0.42265625 0.5671875 0.02890625 0.05234375
0 0.47109375 0.58984375 0.03359375 0.06171875
0 0.45703125 0.396875 0.02734375 0.0546875
0 0.50859375 0.42890625 0.03203125 0.059375
0 0.53515625 0.39140625 0.03359375 0.04765625
0 0.51640625 0.61171875 0.03671875 0.0640625
0 0.5828125 0.609375 0.03203125 0.0640625
0 0.5953125 0.4109375 0.03828125 0.0546875
0 0.64375 0.41875 0.03515625 0.07109375
0 0.6703125 0.42578125 0.03515625 0.06640625
0 0.71328125 0.4015625 0.03359375 0.059375
0 0.7296875 0.43125 0.03203125 0.06875
0 0.784375 0.4078125 0.03515625 0.06640625
0 0.81171875 0.425 0.04140625 0.0734375
0 0.875 0.43515625 0.0484375 0.0796875
0 0.921875 0.41875 0.0484375 0.0796875