0 0.7836458333333334 0.5379166666666666 0.16258101851851858 0.23270833333333343
0 0.8436863425925927 0.4872395833333334 0.09726851851851848 0.14020833333333335
0 0.8813136574074074 0.5396354166666667 0.07204861111111108 0.10270833333333336
0 0.8414699074074076 0.5449479166666666 0.0687615740740739 0.09916666666666671
0 0.71265625 0.5753125 0.10195601851851847 0.1408333333333333
0 0.5772106481481482 0.4343229166666667 0.21342592592592596 0.31552083333333336
0 0.5936168981481481 0.6416145833333333 0.11928240740740748 0.17572916666666671
0 0.5280729166666667 0.6488020833333333 0.10400462962962961 0.15041666666666664
0 0.4318807870370371 0.6934375 0.08428240740740738 0.1291666666666666
0 0.3869444444444444 0.7071875000000001 0.10432870370370377 0.15666666666666665
0 0.3408449074074074 0.7583333333333334 0.06062500000000002 0.09187499999999993
0 0.31019675925925927 0.7957812499999999 0.050520833333333307 0.0765625
0 0.2896064814814815 0.7589583333333334 0.050277777777777824 0.071875
0 0.33501157407407406 0.5566145833333334 0.18155092592592598 0.26937500000000014
0 0.1924826388888889 0.7168229166666666 0.1547685185185185 0.23166666666666663
0 0.09876736111111109 0.7735416666666667 0.09907407407407406 0.14510416666666667