0 0.0359375 0.57890625 0.06484375 0.1046875
0 0.12578125 0.55234375 0.0546875 0.0734375
0 0.18671875 0.578125 0.09296875 0.12890625
0 0.2828125 0.56875 0.09140625 0.13359375
0 0.3953125 0.52578125 0.103125 0.1359375
0 0.44453125 0.5359375 0.04140625 0.07578125
0 0.5171875 0.53984375 0.071875 0.10234375
0 0.571875 0.5046875 0.05 0.07578125
0 0.5953125 0.54296875 0.06015625 0.08203125
0 0.65703125 0.53359375 0.0734375 0.1109375
0 0.70546875 0.50078125 0.05859375 0.08671875
0 0.796875 0.4875 0.08671875 0.1359375
0 0.778125 0.34140625 0.0265625 0.046875
0 0.93359375 0.50078125 0.06640625 0.08671875
0 0.97109375 0.471875 0.0546875 0.10859375
0 0.8453125 0.5 0.05 0.07578125