0 0.2652083333333333 0.7247395833333334 0.15388888888888888 0.18379629629629618
0 0.15800347222222225 0.6117766203703704 0.08458333333333332 0.10077546296296305
0 0.2921527777777778 0.6376620370370369 0.12645833333333334 0.14881944444444456
0 0.2977777777777778 0.584074074074074 0.08569444444444443 0.10702546296296304
0 0.24937500000000004 0.5334027777777778 0.0516319444444445 0.06031250000000003
0 0.300625 0.5148611111111111 0.06277777777777782 0.08039351851851854
0 0.4375173611111111 0.530607638888889 0.0682986111111111 0.08587962962962958
0 0.4339409722222222 0.5019675925925926 0.05642361111111107 0.07021990740740733
0 0.5014930555555556 0.5112037037037037 0.0625 0.07883101851851855
0 0.5356076388888888 0.49428819444444444 0.05413194444444436 0.07437500000000004
0 0.5674826388888888 0.48608217592592595 0.06222222222222236 0.07726851851851854
0 0.6199305555555557 0.5041087962962963 0.07888888888888879 0.10283564814814809
0 0.6347569444444444 0.4596643518518519 0.059097222222222356 0.07673611111111107
0 0.7107465277777778 0.4907928240740741 0.0738194444444444 0.09136574074074062
0 0.8796527777777777 0.5672974537037037 0.11864583333333342 0.14748842592592587
0 0.9613541666666666 0.6177662037037037 0.07729166666666672 0.2302083333333334
0 0.8291493055555555 0.492025462962963 0.10041666666666664 0.12165509259259259
0 0.7897395833333334 0.43228009259259254 0.05670138888888889 0.07178240740740738
0 0.8872916666666667 0.43980902777777775 0.05697916666666671 0.07334490740740733
0 0.9212673611111111 0.45620370370370367 0.08642361111111115 0.10260416666666679