0 0.23391203703703703 0.33642361111111113 0.20606481481481484 0.22011574074074075
0 0.32002314814814814 0.24711805555555558 0.1229976851851852 0.13451388888888885
0 0.34422453703703704 0.32171875 0.16568287037037033 0.18048611111111112
0 0.43553819444444447 0.3279166666666667 0.12447916666666661 0.14701388888888883
0 0.4712847222222223 0.39140046296296294 0.12511574074074083 0.13929398148148148
0 0.49725694444444446 0.4377835648148148 0.21766203703703707 0.23942129629629635
0 0.5102141203703704 0.49440972222222224 0.264849537037037 0.28410879629629626
0 0.6075462962962963 0.44982638888888893 0.16062499999999993 0.17708333333333326
0 0.6810243055555556 0.460474537037037 0.14793981481481477 0.17478009259259258
0 0.7828587962962963 0.5239409722222221 0.21885416666666657 0.2363888888888887
0 0.8076215277777777 0.6402719907407407 0.24718750000000006 0.2659953703703703
0 0.9504224537037038 0.3647222222222222 0.03952546296296298 0.11094907407407409
0 0.8436516203703703 0.32299189814814816 0.10146990740740733 0.10996527777777772
0 0.7991087962962963 0.22751736111111107 0.13292824074074083 0.13975694444444445
0 0.5947916666666667 0.10605324074074074 0.09890046296296298 0.1144675925925926
0 0.6914351851851851 0.27306134259259257 0.06770833333333322 0.07383101851851848
0 0.48225694444444445 0.13950810185185186 0.04655092592592584 0.052407407407407416
0 0.3792303240740741 0.07282407407407407 0.04829861111111118 0.05406249999999999
0 0.16411458333333334 0.2150636574074074 0.12125000000000004 0.13285879629629632
0 0.20607060185185183 0.16641203703703705 0.11002314814814813 0.1166782407407407
0 0.13179976851851852 0.16909143518518518 0.09733796296296296 0.11437499999999998
0 0.11550925925925926 0.14059027777777777 0.08115740740740743 0.10876157407407408