0 0.0578125 0.53359375 0.02265625 0.04921875
0 0.103125 0.53046875 0.02421875 0.046875
0 0.1453125 0.52890625 0.03046875 0.0453125
0 0.19140625 0.53359375 0.0234375 0.040625
0 0.2421875 0.53671875 0.03046875 0.04765625
0 0.29140625 0.540625 0.021875 0.0421875
0 0.3328125 0.540625 0.02578125 0.0375
0 0.390625 0.53046875 0.0265625 0.03984375
0 0.44375 0.53125 0.02578125 0.04296875
0 0.50078125 0.51875 0.028125 0.046875
0 0.57109375 0.52421875 0.028125 0.05234375
0 0.640625 0.51796875 0.03125 0.0546875
0 0.7109375 0.53125 0.03359375 0.0640625
0 0.7765625 0.52265625 0.03203125 0.04765625
0 0.84296875 0.53828125 0.034375 0.05234375
0 0.9671875 0.52421875 0.03828125 0.06171875
0 0.1484375 0.8640625 0.08359375 0.13828125