0 0.07767939814814814 0.22387152777777777 0.1222800925925926 0.17170138888888892
0 0.025 0.3563368055555555 0.05 0.11875
0 0.05058449074074074 0.4139756944444445 0.07618055555555556 0.10364583333333326
0 0.09825810185185187 0.43532986111111105 0.07498842592592592 0.10642361111111112
0 0.17336805555555557 0.34713541666666664 0.09283564814814818 0.1286458333333333
0 0.1426851851851852 0.43914930555555554 0.07618055555555552 0.1036458333333334
0 0.1610300925925926 0.47690972222222217 0.06781250000000001 0.09722222222222214
0 0.2205902777777778 0.46215277777777786 0.06320601851851855 0.08402777777777785
0 0.24742476851851852 0.40902777777777777 0.07075231481481481 0.0963541666666666
0 0.28130208333333334 0.34140625 0.10332175925925924 0.1401041666666666
0 0.2930034722222222 0.04409722222222222 0.2296180555555555 0.08819444444444444
0 0.3753819444444445 0.20868055555555554 0.1711342592592592 0.23732638888888893
0 0.34546875000000005 0.4161458333333333 0.08142361111111107 0.109375
0 0.30550347222222224 0.4067708333333334 0.07093749999999996 0.09791666666666674
0 0.2746990740740741 0.4805555555555555 0.0587037037037037 0.08454861111111107
0 0.308425925925926 0.5810763888888889 0.04959490740740744 0.071875
0 0.36837962962962967 0.4346354166666667 0.0590740740740741 0.08767361111111108
0 0.3201157407407408 0.4567708333333333 0.06145833333333339 0.08211805555555554
0 0.44391203703703697 0.43914930555555554 0.0737962962962964 0.10920138888888893
0 0.4470543981481482 0.3677083333333333 0.08603009259259267 0.12256944444444447
0 0.5749942129629629 0.138671875 0.21620370370370362 0.27734375
0 0.5347453703703703 0.2888888888888889 0.12807870370370367 0.18211805555555555
0 0.5440277777777778 0.3902777777777778 0.09468749999999986 0.1442708333333334
0 0.5463657407407407 0.44756944444444446 0.07149305555555543 0.10260416666666661
0 0.630150462962963 0.4723090277777778 0.07618055555555561 0.1036458333333334
0 0.6943460648148149 0.36067708333333337 0.11409722222222207 0.16684027777777777
0 0.7183217592592592 0.21614583333333334 0.1807175925925925 0.26684027777777775
0 0.7823958333333334 0.39435763888888886 0.11372685185185176 0.16371527777777778
0 0.8560590277777778 0.38255208333333335 0.12053240740740741 0.1697916666666667