0 0.05 0.33125 0.02890625 0.04375
0 0.075 0.3375 0.02421875 0.04765625
0 0.11015625 0.32109375 0.0203125 0.03984375
0 0.1765625 0.3078125 0.02265625 0.04375
0 0.27109375 0.32734375 0.02421875 0.04375
0 0.30703125 0.30546875 0.015625 0.03984375
0 0.34609375 0.30546875 0.01796875 0.03984375
0 0.3828125 0.2578125 0.046875 0.0953125
0 0.48671875 0.29140625 0.01796875 0.04375
0 0.528125 0.30390625 0.046875 0.09140625
0 0.5625 0.31171875 0.02265625 0.0515625
0 0.55546875 0.27578125 0.02265625 0.04375
0 0.6359375 0.31328125 0.01796875 0.05546875
0 0.67109375 0.278125 0.02421875 0.05546875
0 0.70625 0.28984375 0.02890625 0.05546875
0 0.73203125 0.271875 0.03984375 0.07578125
0 0.85078125 0.26015625 0.07578125 0.17890625
0 0.89921875 0.29765625 0.04453125 0.1109375
0 0.96015625 0.26015625 0.03125 0.08359375