0 0.13509837962962964 0.38817708333333334 0.1033449074074074 0.12364583333333332
0 0.410150462962963 0.6129166666666667 0.28289351851851857 0.26927083333333324
0 0.49335648148148153 0.50171875 0.19800925925925927 0.20062500000000014
0 0.607638888888889 0.5076041666666666 0.10799768518518534 0.10552083333333329
0 0.5542592592592592 0.47859375000000004 0.07122685185185187 0.07541666666666665
0 0.5616203703703704 0.5519791666666667 0.05635416666666657 0.05906249999999993
0 0.6333101851851852 0.5527604166666666 0.04930555555555571 0.049374999999999857
0 0.6748495370370371 0.5158333333333334 0.08960648148148138 0.08739583333333342
0 0.6891782407407407 0.5538020833333334 0.06965277777777779 0.06916666666666664
0 0.6192939814814815 0.6863541666666666 0.2285069444444444 0.21802083333333327
0 0.9066030092592593 0.5623437499999999 0.13188657407407406 0.13937500000000008
0 0.8627256944444444 0.6026041666666667 0.10565972222222228 0.10843749999999996
0 0.9135590277777779 0.6278125 0.08373842592592595 0.08239583333333336
0 0.952421875 0.6068229166666667 0.09515625000000014 0.10031250000000007
0 0.9642679398148148 0.64671875 0.07146412037037031 0.11999999999999993