0 0.9414236111111112 0.4888020833333333 0.11715277777777758 0.1421990740740741
0 0.8343865740740739 0.5331481481481481 0.12069444444444448 0.1374421296296296
0 0.730306712962963 0.6134664351851852 0.12604166666666677 0.1421990740740741
0 0.6623842592592593 0.4853819444444444 0.09798611111111111 0.10903935185185176
0 0.7184027777777777 0.38486111111111115 0.10443287037037034 0.12160879629629626
0 0.5406481481481482 0.7338368055555555 0.14452546296296304 0.16274305555555557
0 0.5230960648148149 0.5371122685185185 0.127824074074074 0.14378472222222208
0 0.5551099537037036 0.3878993055555556 0.10108796296296294 0.12000000000000002
0 0.5270486111111111 0.30484374999999997 0.11021990740740754 0.12949074074074077
0 0.445162037037037 0.49853587962962964 0.11759259259259255 0.12648148148148142
0 0.3970138888888889 0.5718865740740741 0.10821759259259256 0.1263425925925926
0 0.3642361111111111 0.8707754629629629 0.15814814814814815 0.15982638888888873
0 0.2943576388888889 0.7177141203703703 0.1570023148148148 0.17384259259259274
0 0.18171296296296294 0.7316377314814815 0.14674768518518516 0.16745370370370374
0 0.29019675925925925 0.5219675925925926 0.1229166666666666 0.14215277777777774
0 0.3515277777777778 0.44257523148148153 0.11622685185185189 0.13893518518518522
0 0.4050462962962963 0.3630671296296296 0.09886574074074073 0.11528935185185177
0 0.34175347222222224 0.26233796296296297 0.09351851851851851 0.11053240740740744