0 0.2615219907407408 0.1440914351851852 0.14172453703703702 0.15935185185185183
0 0.36975694444444446 0.09935185185185184 0.2301388888888889 0.1987037037037037
0 0.4525925925925926 0.31623263888888886 0.09512731481481485 0.1067708333333333
0 0.5429918981481482 0.31591435185185185 0.1235879629629629 0.14174768518518518
0 0.5086053240740741 0.3633506944444444 0.08978009259259245 0.09730324074074073
0 0.3342939814814815 0.3150173611111111 0.06012731481481479 0.06384259259259259
0 0.3570543981481481 0.3214236111111111 0.04429398148148147 0.049409722222222195
0 0.40469328703703705 0.33653356481481483 0.04162037037037027 0.04467592592592595
0 0.5151099537037037 0.5102777777777778 0.032777777777777926 0.0335532407407408
0 0.5372974537037036 0.5308622685185185 0.032326388888888856 0.03819444444444429
0 0.5593807870370371 0.544369212962963 0.033518518518518545 0.03667824074074062
0 0.5819791666666666 0.5633680555555556 0.03931712962962965 0.04150462962962962
0 0.6485590277777777 0.5023900462962964 0.053136574074074086 0.060532407407407264
0 0.6282638888888888 0.4864699074074075 0.03849537037037045 0.04458333333333329
0 0.61265625 0.47041087962962963 0.03931712962962948 0.04150462962962962
0 0.6886805555555556 0.5554861111111111 0.05231481481481488 0.0636111111111111
0 0.8389756944444444 0.5887962962962963 0.06777777777777771 0.0764814814814816
0 0.8829398148148148 0.631550925925926 0.0651851851851852 0.06554398148148159
0 0.8876967592592593 0.5653240740740741 0.10984953703703723 0.1165162037037037
0 0.977800925925926 0.7074710648148148 0.04439814814814795 0.10052083333333339
0 0.9951504629629628 0.7760127314814815 0.009699074074074332 0.0765740740740739
0 0.9836487268518518 0.7924016203703703 0.03270254629629647 0.08438657407407409
0 0.9892390046296295 0.8670833333333334 0.021521990740740904 0.05901620370370395
0 0.9451215277777777 0.897199074074074 0.033518518518518545 0.03667824074074062