0 0.8688802083333332 0.8517100694444444 0.26223958333333347 0.2965798611111111
0 0.9317274305555555 0.7768576388888888 0.13654513888888892 0.2789930555555557
0 0.9154079861111111 0.6863715277777778 0.16918402777777786 0.2587847222222221
0 0.9137152777777778 0.5822569444444444 0.17256944444444428 0.2472569444444444
0 0.99140625 0.6331597222222223 0.0171875 0.20069444444444445
0 0.9342447916666667 0.41631944444444446 0.13151041666666644 0.17753472222222227
0 0.8876736111111111 0.48369791666666667 0.14131944444444428 0.17048611111111106
0 0.8355902777777778 0.46875 0.10694444444444437 0.16208333333333336
0 0.7848958333333333 0.42015624999999995 0.0994791666666666 0.13513888888888884
0 0.7534722222222222 0.4848784722222222 0.1260416666666666 0.1682291666666668
0 0.7969618055555555 0.6041145833333333 0.15034722222222213 0.184513888888889
0 0.6724826388888889 0.5626041666666667 0.13732638888888893 0.1724652777777777
0 0.6450520833333334 0.4458159722222222 0.11770833333333322 0.1440277777777777
0 0.6457465277777779 0.3691493055555556 0.08402777777777785 0.09885416666666673
0 0.7294270833333333 0.37335069444444446 0.12256944444444447 0.1526041666666666
0 0.550607638888889 0.35993055555555553 0.11163194444444428 0.1499305555555555
0 0.5270833333333333 0.5100694444444445 0.15173611111111107 0.1774652777777778
0 0.4286458333333333 0.4727083333333333 0.1380208333333334 0.18888888888888888
0 0.42352430555555554 0.24685763888888887 0.12777777777777785 0.16274305555555557
0 0.2696180555555555 0.42866319444444445 0.15121527777777782 0.19506944444444443
0 0.16692708333333334 0.3754861111111111 0.14895833333333336 0.19156249999999994
0 0.11770833333333335 0.13737847222222221 0.12100694444444446 0.17881944444444448