0 0.1551736111111111 0.41336805555555556 0.10979166666666665 0.11423611111111107
0 0.2529976851851852 0.40234375 0.19349537037037035 0.1688888888888888
0 0.2877199074074074 0.5312152777777778 0.10295138888888893 0.095451388888889
0 0.22273148148148145 0.5375347222222222 0.08429398148148151 0.073298611111111
0 0.31092592592592594 0.5860763888888888 0.07184027777777775 0.062152777777777855
0 0.4158449074074074 0.5340625 0.13166666666666665 0.11472222222222221
0 0.4065104166666666 0.6029513888888889 0.07560185185185193 0.06999999999999992
0 0.4694618055555555 0.6555902777777778 0.07228009259259274 0.06371527777777786
0 0.5152951388888888 0.6915451388888889 0.06427083333333332 0.05732638888888886
0 0.5422106481481481 0.63546875 0.10651620370370374 0.09708333333333333
0 0.5825289351851851 0.6821701388888889 0.0787268518518518 0.07006944444444443
0 0.6187673611111111 0.7171354166666667 0.07872685185185198 0.07006944444444443
0 0.6488252314814814 0.7356597222222222 0.07315972222222218 0.06684027777777786
0 0.712042824074074 0.56859375 0.19501157407407402 0.17979166666666657
0 0.7480324074074074 0.6881770833333334 0.14187499999999992 0.12892361111111103
0 0.770630787037037 0.7546701388888889 0.09762731481481488 0.0875694444444445
0 0.7973032407407408 0.8080555555555555 0.08449074074074084 0.07951388888888893
0 0.9731944444444445 0.9022569444444445 0.053611111111111144 0.06687499999999993
0 0.9805266203703702 0.8708333333333332 0.03894675925925952 0.07635416666666686
0 0.997517361111111 0.8687152777777778 0.004965277777777999 0.095451388888889