0 0.3094328703703704 0.6908680555555555 0.058946759259259275 0.060381944444444356
0 0.3064699074074074 0.6542708333333334 0.0549768518518519 0.06340277777777778
0 0.34208912037037037 0.6706076388888889 0.06855324074074076 0.06836805555555543
0 0.37634837962962964 0.6674826388888888 0.06998842592592584 0.07461805555555542
0 0.4106076388888889 0.6643576388888889 0.07539351851851847 0.07784722222222236
0 0.4490277777777778 0.6488888888888888 0.08451388888888882 0.09048611111111118
0 0.49012152777777784 0.6078298611111111 0.09412037037037031 0.09847222222222225
0 0.5494675925925925 0.5819444444444445 0.10431712962962969 0.11579861111111107
0 0.6146064814814814 0.5880555555555556 0.09891203703703706 0.1125694444444445
0 0.7000057870370371 0.5876215277777778 0.05702546296296305 0.05878472222222229
0 0.7322280092592592 0.5790104166666667 0.058946759259259095 0.060381944444444356
0 0.7868113425925926 0.566232638888889 0.06578703703703699 0.06986111111111111
0 0.836863425925926 0.5743402777777777 0.052465277777777784 0.052465277777777784
0 0.8806597222222223 0.5348958333333333 0.06614583333333357 0.0714236111111111
0 0.9245254629629629 0.5397569444444444 0.07780092592592602 0.07479166666666667
0 0.9668547453703704 0.48725694444444445 0.06629050925925917 0.085798611111111