0 0.1886921296296296 0.465480324074074 0.27266203703703706 0.4434606481481481
0 0.3077719907407407 0.5674074074074074 0.0709143518518518 0.08596064814814816
0 0.35256944444444444 0.5461516203703705 0.0709143518518518 0.08596064814814816
0 0.38093750000000004 0.4807291666666666 0.18616898148148148 0.23471064814814818
0 0.4494675925925926 0.49096064814814816 0.10687499999999997 0.13128472222222226
0 0.53125 0.5521122685185185 0.09648148148148153 0.10444444444444442
0 0.5805266203703704 0.6630150462962963 0.08364583333333328 0.1021412037037038
0 0.5753009259259259 0.4914756944444445 0.05248842592592595 0.06481481481481488
0 0.6088194444444444 0.3530844907407408 0.33202546296296304 0.4253819444444445
0 0.7646990740740741 0.40011574074074074 0.08465277777777783 0.10682870370370363
0 0.7709722222222222 0.4436805555555555 0.08509259259259246 0.09451388888888883
0 0.7356539351851852 0.45161458333333326 0.06521990740740727 0.08099537037037052
0 0.811116898148148 0.3828125 0.11581018518518524 0.14415509259259257
0 0.858449074074074 0.4056712962962963 0.07124999999999986 0.08752314814814817
0 0.8932986111111111 0.3560590277777778 0.09916666666666671 0.11694444444444443
0 0.9201186342592592 0.2921180555555556 0.1597627314814815 0.2656018518518518