0 0.14296875 0.61171875 0.15 0.253125
0 0.10546875 0.509375 0.1515625 0.23984375
0 0.04375 0.41171875 0.08671875 0.146875
0 0.334375 0.16640625 0.09375 0.16796875
0 0.3515625 0.30234375 0.06953125 0.1359375
0 0.3765625 0.5921875 0.17421875 0.271875
0 0.4640625 0.2734375 0.07109375 0.0984375
0 0.55078125 0.29453125 0.0765625 0.13046875
0 0.6359375 0.3359375 0.0734375 0.13359375
0 0.59765625 0.0796875 0.0421875 0.075
0 0.75546875 0.31875 0.0890625 0.16796875
0 0.8765625 0.4 0.08671875 0.1703125
0 0.94765625 0.52265625 0.10078125 0.25625