0 0.825306712962963 0.5755266203703704 0.06565972222222242 0.0860069444444445
0 0.7464699074074075 0.6209259259259259 0.09342592592592602 0.10907407407407418
0 0.6931481481481482 0.5858912037037036 0.06216435185185176 0.07943287037037053
0 0.6268865740740741 0.699369212962963 0.12837962962962965 0.17481481481481484
0 0.5956886574074074 0.6052893518518518 0.08083333333333335 0.10621527777777776
0 0.4678703703703704 0.4530497685185185 0.0530555555555555 0.05674768518518505
0 0.5072858796296297 0.6333912037037037 0.05950231481481474 0.08692129629629637
0 0.4848784722222222 0.6745486111111111 0.08064814814814802 0.10309027777777775
0 0.4801157407407407 0.6072800925925926 0.06216435185185176 0.07943287037037035
0 0.40898726851851847 0.6255266203703703 0.06887731481481478 0.08789351851851848
0 0.44254050925925925 0.8510706018518519 0.1652546296296297 0.2205671296296295
0 0.35574652777777777 0.670474537037037 0.08689814814814811 0.10373842592592589
0 0.26255208333333335 0.6701273148148148 0.07025462962962967 0.08493055555555565
0 0.260318287037037 0.6062268518518519 0.060509259259259277 0.07770833333333335
0 0.1974537037037037 0.6066956018518519 0.05738425925925923 0.07738425925925921
0 0.08190393518518518 0.6614872685185185 0.05554398148148147 0.07253472222222221
0 0.11655092592592593 0.7613599537037038 0.0808449074074074 0.13261574074074076
0 0.2940162037037037 0.8473148148148149 0.14253472222222224 0.1778356481481481