0 0.26796875 0.21525462962962966 0.09600694444444446 0.11997685185185185
0 0.12282986111111112 0.4721238425925926 0.22309027777777776 0.23885416666666667
0 0.12664930555555556 0.7507754629629629 0.2532986111111111 0.3796759259259259
0 0.2359375 0.43310763888888887 0.1072916666666667 0.13730324074074077
0 0.40503472222222225 0.4676967592592593 0.13003472222222215 0.15947916666666662
0 0.48680555555555555 0.5064699074074074 0.20868055555555554 0.26359953703703703
0 0.558420138888889 0.46762152777777777 0.0921875 0.12771990740740743
0 0.5608506944444445 0.23446180555555557 0.059375 0.07107638888888887
0 0.659982638888889 0.4902546296296297 0.09461805555555572 0.10747685185185177
0 0.7984375 0.42735532407407406 0.11180555555555571 0.1358101851851851
0 0.721875 0.48256365740740736 0.11041666666666661 0.15138888888888893
0 0.5693576388888889 0.84203125 0.3484375 0.3159375000000001