0 0.3171875 0.11328125 0.121875 0.2265625
0 0.45625 0.34453125 0.0359375 0.06328125
0 0.49765625 0.371875 0.02421875 0.04296875
0 0.52734375 0.4078125 0.01796875 0.034375
0 0.57109375 0.38203125 0.02578125 0.0515625
0 0.69609375 0.47109375 0.015625 0.034375
0 0.709375 0.47265625 0.01796875 0.0375
0 0.746875 0.47734375 0.01796875 0.02890625
0 0.803125 0.465625 0.03828125 0.0578125
0 0.84296875 0.4640625 0.03828125 0.06640625
0 0.88515625 0.4484375 0.07421875 0.08046875
0 0.9640625 0.4328125 0.0640625 0.10625