0 0.05170717592592592 0.5655208333333334 0.08663194444444444 0.10437499999999993
0 0.031684027777777776 0.6502604166666667 0.06336805555555555 0.0875
0 0.12251157407407406 0.6226041666666667 0.09762731481481483 0.12749999999999986
0 0.18776041666666665 0.6502604166666667 0.07847222222222223 0.09864583333333332
0 0.10318287037037037 0.44494791666666667 0.11730324074074075 0.14250000000000007
0 0.32068865740740743 0.5683333333333334 0.11111111111111108 0.12156249999999993
0 0.3958622685185185 0.6186458333333333 0.10208333333333339 0.125
0 0.4593460648148149 0.6596875000000001 0.0903356481481481 0.11260416666666657
0 0.5683738425925926 0.50359375 0.11684027777777786 0.17802083333333343
0 0.648900462962963 0.4920833333333333 0.15572916666666678 0.20177083333333332
0 0.6087094907407408 0.6065104166666666 0.11157407407407405 0.12781249999999994
0 0.6995659722222223 0.6539583333333333 0.09803240740740744 0.11208333333333335