0 0.7534375 0.7778993055555555 0.10718750000000003 0.13089120370370377
0 0.7125 0.7566956018518518 0.10406250000000003 0.11526620370370377
0 0.59328125 0.7607986111111111 0.1203125 0.13420138888888894
0 0.5782812500000001 0.835798611111111 0.09624999999999986 0.1073611111111112
0 0.48249999999999993 0.9291319444444444 0.10124999999999992 0.10899305555555543
0 0.41078125 0.9060474537037038 0.10875000000000004 0.11533564814814809
0 0.51625 0.6746990740740741 0.11656249999999986 0.12324074074074076
0 0.39703125 0.7216435185185185 0.12000000000000002 0.12484953703703709
0 0.41421875 0.7759143518518519 0.1040624999999999 0.11526620370370359
0 0.24171874999999998 0.890636574074074 0.10625 0.11062499999999993
0 0.16203125 0.87234375 0.109375 0.12625000000000028
0 0.05109374999999999 0.8468518518518519 0.10218749999999999 0.12951388888888893
0 0.028359375 0.7890682870370371 0.05671875 0.12788194444444442
0 0.26468749999999996 0.7290567129629629 0.109375 0.12624999999999992
0 0.4387499999999999 0.42347222222222225 0.14562500000000003 0.1517129629629629
0 0.328125 0.34176504629629634 0.14124999999999996 0.16099537037037043
0 0.16171875 0.6752777777777779 0.11968750000000003 0.13886574074074076
0 0.058124999999999996 0.5623090277777778 0.11500000000000002 0.13879629629629625
0 0.013593749999999993 0.655630787037037 0.027187499999999986 0.14210648148148158