0 0.07890625 0.2578125 0.05859375 0.0828125
0 0.02890625 0.25390625 0.0328125 0.07890625
0 0.0375 0.6796875 0.05546875 0.13125
0 0.16484375 0.38828125 0.0359375 0.059375
0 0.18828125 0.3734375 0.02890625 0.046875
0 0.2515625 0.4328125 0.0484375 0.071875
0 0.28203125 0.4140625 0.0359375 0.0640625
0 0.29765625 0.37265625 0.0296875 0.040625
0 0.334375 0.41640625 0.034375 0.0421875
0 0.33828125 0.384375 0.02578125 0.03828125
0 0.31015625 0.453125 0.03984375 0.065625
0 0.3046875 0.52578125 0.04453125 0.07421875
0 0.3640625 0.565625 0.06875 0.10390625
0 0.43671875 0.403125 0.02734375 0.046875
0 0.45703125 0.41484375 0.02890625 0.04921875
0 0.4640625 0.44765625 0.02890625 0.05546875
0 0.5125 0.4796875 0.03828125 0.06796875
0 0.5015625 0.42890625 0.02890625 0.0640625
0 0.465625 0.775 0.103125 0.16953125
0 0.909375 0.66015625 0.1015625 0.153125
0 0.753125 0.58203125 0.0625 0.11015625
0 0.703125 0.55 0.05390625 0.071875
0 0.5953125 0.50078125 0.05 0.0765625
0 0.6453125 0.36640625 0.02109375 0.03203125
0 0.67109375 0.35859375 0.01875 0.0296875
0 0.67890625 0.3515625 0.0140625 0.03203125
0 0.70390625 0.36484375 0.02109375 0.03359375
0 0.7671875 0.3703125 0.0171875 0.0234375
0 0.77578125 0.3578125 0.0203125 0.03203125
0 0.80625 0.35703125 0.015625 0.03359375
0 0.83359375 0.35703125 0.015625 0.02578125
0 0.85234375 0.3671875 0.0125 0.02578125
0 0.90390625 0.28359375 0.02578125 0.04453125