0 0.06640625 0.63125 0.065625 0.13671875
0 0.15625 0.703125 0.0734375 0.159375
0 0.259375 0.23359375 0.09375 0.2015625
0 0.36484375 0.58203125 0.0578125 0.1140625
0 0.41171875 0.6390625 0.059375 0.13671875
0 0.2515625 0.9296875 0.11328125 0.1328125
0 0.51484375 0.80390625 0.09921875 0.16328125
0 0.4734375 0.53984375 0.04765625 0.10625
0 0.58359375 0.57578125 0.05 0.10234375
0 0.57265625 0.4921875 0.04765625 0.0875
0 0.6453125 0.53203125 0.04609375 0.10625
0 0.675 0.5015625 0.04140625 0.09140625
0 0.703125 0.64609375 0.08515625 0.15234375
0 0.725 0.81171875 0.11328125 0.209375
0 0.79296875 0.69609375 0.071875 0.1828125
0 0.82421875 0.621875 0.0578125 0.12578125
0 0.8515625 0.5703125 0.04140625 0.10625
0 0.7890625 0.48828125 0.03984375 0.0875
0 0.7375 0.50546875 0.0359375 0.09140625
0 0.909375 0.6765625 0.06953125 0.13671875
0 0.95546875 0.61796875 0.04609375 0.10234375
0 0.91328125 0.553125 0.05 0.0875