0 0.02096354166666666 0.5171354166666667 0.04192708333333332 0.14006944444444436
0 0.04369791666666667 0.5308159722222221 0.08739583333333334 0.11864583333333342
0 0.13109375 0.6526041666666667 0.15395833333333336 0.16173611111111122
0 0.14135416666666667 0.5866666666666667 0.13135416666666666 0.13874999999999993
0 0.20015625000000004 0.5583854166666666 0.10489583333333334 0.11815972222222229
0 0.29770833333333335 0.5922743055555555 0.11239583333333333 0.12381944444444457
0 0.3699479166666667 0.6051388888888889 0.1166666666666667 0.1229861111111111
0 0.3296354166666667 0.6769791666666667 0.15385416666666663 0.15572916666666678
0 0.5019791666666666 0.47921874999999997 0.10749999999999993 0.11107638888888882
0 0.4700520833333333 0.6752256944444445 0.1234375 0.13152777777777783
0 0.3638541666666667 0.789704861111111 0.19354166666666667 0.19784722222222212
0 0.17609375 0.9307291666666668 0.2761458333333333 0.13854166666666642
0 0.5161458333333334 0.7190104166666667 0.09333333333333335 0.10288194444444443
0 0.6201041666666667 0.6953125 0.10958333333333332 0.118888888888889
0 0.5742708333333333 0.8305729166666668 0.17927083333333335 0.18364583333333329
0 0.6581770833333334 0.7752777777777778 0.12302083333333336 0.12996527777777764
0 0.7134375000000001 0.7358680555555555 0.09375 0.10444444444444442
0 0.7744791666666666 0.7510590277777778 0.14447916666666671 0.15427083333333336