0 0.27468750000000003 0.6483506944444445 0.1728125 0.18721064814814808
0 0.3309375 0.4584432870370371 0.04166666666666661 0.05570601851851862
0 0.43093750000000003 0.5025405092592592 0.03499999999999996 0.05239583333333329
0 0.47098958333333335 0.4911574074074074 0.0359375 0.04775462962962962
0 0.43864583333333335 0.3838773148148148 0.04885416666666664 0.07459490740740744
0 0.4942708333333333 0.36575810185185187 0.062291666666666676 0.09366898148148142
0 0.5208333333333334 0.5061516203703704 0.02624999999999993 0.03346064814814813
0 0.5490625 0.5178645833333333 0.0294791666666665 0.04600694444444446
0 0.5858854166666667 0.5293229166666666 0.028229166666666573 0.03663194444444447
0 0.6313541666666667 0.5350347222222223 0.02822916666666675 0.03663194444444447
0 0.5967708333333334 0.47566550925925927 0.044479166666666715 0.06512731481481478
0 0.6370833333333333 0.4250578703703704 0.04604166666666672 0.06517361111111111
0 0.6165625 0.29468171296296297 0.11104166666666657 0.1558101851851852
0 0.8448958333333334 0.08562499999999999 0.16812499999999986 0.17124999999999999
0 0.7544270833333334 0.39334490740740746 0.06104166666666657 0.08429398148148141
0 0.6802604166666667 0.4724074074074075 0.030000000000000072 0.03824074074074062
0 0.7572395833333333 0.5203240740740741 0.034791666666666644 0.050833333333333286
0 0.7674479166666666 0.49100115740740746 0.03239583333333336 0.04453703703703695
0 0.8103125 0.5124768518518519 0.04104166666666664 0.051018518518518616
0 0.8523958333333332 0.475150462962963 0.05385416666666672 0.0654050925925926
0 0.9053645833333335 0.5018171296296297 0.044375000000000143 0.05267361111111111
0 0.9719010416666667 0.4644849537037038 0.056197916666666715 0.08116898148148159
0 0.9658854166666668 0.3686400462962963 0.06822916666666642 0.13043981481481487
0 0.9911979166666667 0.5050810185185185 0.017604166666666643 0.06526620370370359