0 0.9300954861111113 0.14741319444444445 0.13980902777777757 0.2797916666666667
0 0.7457175925925925 0.1164409722222222 0.2569328703703704 0.2328819444444444
0 0.6878356481481481 0.2298263888888889 0.1976157407407408 0.25621527777777775
0 0.5282928240740741 0.1290798611111111 0.24967592592592602 0.2581597222222222
0 0.5013310185185185 0.22666666666666666 0.21067129629629627 0.26781249999999995
0 0.5405844907407408 0.3428472222222222 0.20396990740740756 0.2851736111111112
0 0.31766203703703705 0.11200520833333334 0.2437615740740741 0.22401041666666668
0 0.23022569444444443 0.24802083333333336 0.21608796296296298 0.2548611111111111
0 0.12408564814814813 0.20215277777777776 0.23706018518518518 0.2956944444444445
0 0.09762152777777777 0.3284375 0.1719097222222222 0.31812500000000005
0 0.060237268518518516 0.39034722222222223 0.08936342592592594 0.28180555555555553
0 0.5095023148148148 0.8441666666666666 0.21201388888888886 0.18611111111111106