0 0.7973958333333334 0.5496180555555555 0.12986111111111107 0.15010416666666676
0 0.8365451388888889 0.49690972222222224 0.08072916666666652 0.09350694444444443
0 0.8512152777777778 0.4496006944444444 0.07534722222222215 0.08902777777777793
0 0.71640625 0.6409548611111111 0.16302083333333323 0.18746527777777794
0 0.53359375 0.655486111111111 0.1447916666666666 0.1646527777777777
0 0.6418402777777777 0.5612152777777778 0.11614583333333339 0.1344444444444445
0 0.6934895833333334 0.5270833333333333 0.09479166666666679 0.11072916666666668
0 0.7283854166666666 0.4748090277777777 0.09565972222222215 0.10805555555555557
0 0.5901909722222223 0.49807291666666664 0.07048611111111107 0.08031249999999997
0 0.5643229166666666 0.5396527777777778 0.09357638888888893 0.09868055555555558
0 0.49826388888888895 0.5862499999999999 0.10520833333333321 0.11812500000000004
0 0.5137152777777778 0.51671875 0.07725694444444446 0.09104166666666665
0 0.4491319444444445 0.5604166666666667 0.08263888888888893 0.09552083333333332
0 0.38081597222222224 0.6545833333333333 0.1223958333333334 0.13625000000000007
0 0.25130208333333337 0.6761979166666666 0.11892361111111116 0.1337847222222223
0 0.36067708333333337 0.6030381944444445 0.08142361111111115 0.09663194444444442
0 0.40789930555555554 0.5327083333333332 0.06684027777777782 0.08364583333333328
0 0.35303819444444445 0.5551041666666666 0.06892361111111107 0.07986111111111108
0 0.3338541666666667 0.5778298611111111 0.06284722222222223 0.07225694444444457
0 0.27074652777777775 0.5886979166666666 0.07083333333333339 0.08187499999999996
0 0.2666666666666667 0.5509375000000001 0.07013888888888893 0.07875000000000014
0 0.23385416666666664 0.6088020833333333 0.09722222222222224 0.10850694444444446
0 0.1963541666666667 0.590486111111111 0.059375 0.06979166666666661
0 0.18940972222222224 0.5693576388888889 0.052430555555555536 0.06486111111111122
0 0.15607638888888892 0.6220833333333333 0.0734375 0.08701388888888886
0 0.12048611111111111 0.6774826388888889 0.10555555555555554 0.11968750000000003
0 0.1171875 0.6174999999999999 0.06388888888888888 0.0769444444444444
0 0.12118055555555556 0.5770833333333334 0.061979166666666655 0.0749305555555555
0 0.05338541666666667 0.5716319444444444 0.0765625 0.08791666666666664
0 0.05243055555555557 0.6245659722222222 0.08836805555555556 0.1015625
0 0.037543402777777776 0.6922395833333332 0.07508680555555555 0.148298611111111
0 0.001736111111111116 0.6380208333333333 0.003472222222222232 0.10670138888888889
0 0.015494791666666674 0.6230555555555556 0.030989583333333348 0.08343750000000014