0 0.9416666666666667 0.29184027777777777 0.0547569444444445 0.0584143518518518
0 0.9896527777777777 0.4766608796296296 0.02069444444444457 0.06939814814814813
0 0.9800607638888887 0.5246759259259259 0.039878472222222426 0.07893518518518512
0 0.8681944444444444 0.475619212962963 0.05902777777777786 0.06314814814814831
0 0.9461979166666665 0.7112210648148147 0.10760416666666686 0.11531249999999993
0 0.9655555555555555 0.84046875 0.068888888888889 0.17981481481481473
0 0.8718576388888888 0.8723090277777779 0.11218750000000029 0.12776620370370395
0 0.8161284722222222 0.7790451388888888 0.09086805555555558 0.09787037037037045
0 0.7509722222222222 0.8717476851851853 0.11416666666666675 0.12312500000000029
0 0.7879166666666666 0.6540104166666667 0.06875 0.07107638888888897
0 0.8603645833333333 0.5847222222222223 0.059791666666666646 0.06627314814814814
0 0.9346875000000001 0.6353703703703704 0.082395833333333 0.07594907407407411
0 0.8052951388888889 0.5134027777777778 0.0582638888888888 0.06002314814814813
0 0.7646006944444445 0.4912673611111112 0.04663194444444443 0.04428240740740748
0 0.7172222222222222 0.5829224537037037 0.06763888888888872 0.06016203703703695
0 0.6841666666666667 0.5214699074074074 0.053611111111111144 0.05372685185185198
0 0.6681250000000001 0.49112847222222217 0.037673611111111074 0.03947916666666664
0 0.6670659722222222 0.6118923611111111 0.06875 0.07107638888888879
0 0.6111284722222222 0.591550925925926 0.06447916666666664 0.06634259259259245
0 0.6396180555555555 0.7369675925925926 0.08114583333333325 0.08994212962962962
0 0.5976736111111112 0.5172627314814815 0.0671875 0.07105324074074063
0 0.572048611111111 0.48941550925925925 0.05826388888888871 0.06002314814814813
0 0.5259201388888888 0.4258043981481482 0.041180555555555644 0.04108796296296298
0 0.44109375 0.4027546296296296 0.04503472222222218 0.05048611111111114
0 0.5103125000000001 0.5287499999999999 0.04659722222222236 0.05050925925925931
0 0.5283854166666666 0.6155150462962963 0.06642361111111121 0.0679282407407408
0 0.4987152777777778 0.5775347222222222 0.05239583333333329 0.06149305555555564
0 0.49848958333333326 0.7241608796296296 0.07958333333333342 0.08991898148148145
0 0.5427430555555556 0.8089699074074075 0.10753472222222218 0.12146990740740726
0 0.42048611111111106 0.5975115740740741 0.062152777777777814 0.06319444444444447
0 0.3990277777777778 0.5578414351851853 0.05826388888888889 0.06002314814814813
0 0.33239583333333333 0.5996006944444444 0.06642361111111113 0.06792824074074062
0 0.38078124999999996 0.7141435185185185 0.08427083333333325 0.08998842592592596
0 0.4058680555555555 0.803940972222222 0.09479166666666661 0.09481481481481487
0 0.26395833333333335 0.7911458333333334 0.07843750000000008 0.08523148148148145