0 0.11796875 0.578125 0.07109375 0.09765625
0 0.103125 0.4765625 0.0421875 0.06484375
0 0.028125 0.4734375 0.0375 0.053125
0 0.15703125 0.46328125 0.0375 0.05625
0 0.19765625 0.48359375 0.03984375 0.04453125
0 0.21875 0.42421875 0.02890625 0.04453125
0 0.25859375 0.446875 0.046875 0.059375
0 0.2890625 0.415625 0.0359375 0.04453125
0 0.30859375 0.48515625 0.04453125 0.0765625
0 0.3625 0.48046875 0.04921875 0.07421875
0 0.3390625 0.4203125 0.0203125 0.0296875
0 0.3875 0.43671875 0.02421875 0.0328125
0 0.434375 0.43671875 0.02890625 0.03828125
0 0.4390625 0.475 0.02890625 0.05
0 0.5265625 0.42578125 0.03125 0.04140625
0 0.5453125 0.42734375 0.02890625 0.05
0 0.603125 0.43203125 0.0375 0.053125
0 0.66328125 0.42890625 0.03359375 0.04140625
0 0.646875 0.31484375 0.0265625 0.04453125
0 0.73671875 0.53984375 0.078125 0.115625
0 0.6546875 0.70234375 0.13125 0.20390625
0 0.85703125 0.5625 0.06015625 0.0765625
0 0.80703125 0.48359375 0.04921875 0.06796875
0 0.8265625 0.43046875 0.03984375 0.0625
0 0.85546875 0.4140625 0.0359375 0.053125
0 0.9265625 0.4453125 0.04921875 0.06796875