0 0.03203125 0.60234375 0.05625 0.075
0 0.0828125 0.56796875 0.05 0.075
0 0.12109375 0.6109375 0.0578125 0.08515625
0 0.15234375 0.5890625 0.03984375 0.0640625
0 0.2140625 0.571875 0.0359375 0.05078125
0 0.24921875 0.58828125 0.04609375 0.06640625
0 0.221875 0.63203125 0.06015625 0.08515625
0 0.2859375 0.58828125 0.0359375 0.05078125
0 0.31328125 0.5734375 0.0296875 0.04296875
0 0.315625 0.55625 0.028125 0.03984375
0 0.359375 0.5703125 0.03828125 0.06953125
0 0.38515625 0.5734375 0.034375 0.053125
0 0.375 0.6203125 0.04609375 0.06640625
0 0.29765625 0.70703125 0.1203125 0.1703125
0 0.4859375 0.71328125 0.115625 0.215625
0 0.4328125 0.58671875 0.05 0.06953125
0 0.48125 0.6 0.034375 0.053125
0 0.5140625 0.61328125 0.03984375 0.075
0 0.54609375 0.590625 0.03203125 0.06171875
0 0.58671875 0.56171875 0.034375 0.05078125
0 0.61328125 0.6171875 0.05390625 0.09296875
0 0.67265625 0.6828125 0.08984375 0.13828125
0 0.67265625 0.58125 0.05390625 0.08515625
0 0.6671875 0.48125 0.0296875 0.06640625
0 0.71875 0.58125 0.03828125 0.05859375
0 0.76796875 0.62421875 0.04765625 0.06953125
0 0.8390625 0.71171875 0.1296875 0.2078125
0 0.9421875 0.63828125 0.09609375 0.14140625
0 0.8140625 0.58828125 0.04375 0.05625
0 0.784375 0.57890625 0.03984375 0.0640625