0 0.7631076388888889 0.6292766203703704 0.08861111111111111 0.09166666666666679
0 0.7065856481481481 0.645625 0.07539351851851847 0.08641203703703706
0 0.6782002314814815 0.6773206018518518 0.07431712962962962 0.08172453703703705
0 0.6487094907407407 0.6325173611111111 0.07587962962962962 0.08199074074074061
0 0.6232581018518518 0.6549710648148148 0.06927083333333321 0.07936342592592602
0 0.596255787037037 0.6877141203703704 0.07780092592592602 0.08381944444444453
0 0.5532986111111111 0.690949074074074 0.0792361111111111 0.09006944444444454
0 0.5255960648148148 0.6878530092592593 0.07347222222222208 0.08458333333333332
0 0.4922569444444445 0.695162037037037 0.07731481481481488 0.08824074074074062
0 0.4499768518518518 0.713125 0.06158564814814813 0.07204861111111108
0 0.4228877314814815 0.7214988425925926 0.06122685185185191 0.07048611111111107
0 0.3987442129629629 0.7311863425925926 0.08151620370370374 0.0934606481481481
0 0.3663657407407407 0.7378472222222222 0.07203703703703698 0.07833333333333332
0 0.33759837962962963 0.749994212962963 0.07431712962962962 0.08172453703703705
0 0.3341840277777778 0.7047627314814815 0.06975694444444444 0.07494212962962976
0 0.28798032407407403 0.7610243055555556 0.08200231481481479 0.08903935185185183
0 0.21709490740740742 0.7197222222222222 0.0753935185185185 0.08641203703703706
0 0.17061342592592593 0.7418402777777778 0.07887731481481483 0.08850694444444436
0 0.11247685185185183 0.7652199074074074 0.08164351851851852 0.08747685185185183
0 0.06507523148148145 0.7701331018518518 0.10733796296296297 0.11437500000000007
0 0.1771759259259259 0.5895254629629629 0.0877662037037037 0.09452546296296305
0 0.24538194444444442 0.5435069444444445 0.08008101851851848 0.08721064814814809
0 0.282818287037037 0.5466377314814814 0.06819444444444445 0.07467592592592584
0 0.3534143518518519 0.5432407407407407 0.07780092592592594 0.08381944444444436
0 0.394849537037037 0.5218865740740741 0.08584490740740733 0.09269675925925931
0 0.4726967592592592 0.5010532407407406 0.07744212962962962 0.08225694444444435
0 0.5287962962962963 0.48300925925925925 0.07744212962962962 0.08225694444444435