0 0.8972916666666666 0.10209780092592591 0.126284722222222 0.20419560185185182
0 0.8074016203703703 0.13182870370370364 0.08059027777777779 0.14548611111111112
0 0.7027546296296296 0.15737847222222218 0.11884259259259267 0.2581597222222222
0 0.603912037037037 0.14424189814814814 0.17687500000000006 0.2884837962962963
0 0.5205497685185185 0.2347511574074074 0.09328703703703703 0.1757523148148148
0 0.42304398148148153 0.24337384259259257 0.140787037037037 0.2740162037037037
0 0.6866782407407407 0.3281828703703703 0.034803240740740725 0.06799768518518512
0 0.5763773148148148 0.2751157407407407 0.050601851851851974 0.0960648148148148
0 0.3935416666666667 0.3324074074074074 0.07586805555555554 0.13940972222222223
0 0.3411574074074074 0.3533854166666667 0.0538657407407408 0.11574074074074074
0 0.3107581018518518 0.5635127314814815 0.07122685185185187 0.1442708333333332
0 0.17913194444444444 0.3374710648148148 0.2323611111111111 0.42899305555555556
0 0.10526041666666668 0.41782407407407407 0.1047685185185185 0.25243055555555555
0 0.04914930555555556 0.3547164351851852 0.09829861111111111 0.3093171296296296
0 0.04154513888888889 0.49516782407407406 0.06804398148148147 0.13553240740740743
0 0.7663425925925926 0.20245949074074074 0.037986111111111144 0.07673611111111109