0 0.1234375 0.215625 0.0828125 0.12265625
0 0.07421875 0.42578125 0.05546875 0.08984375
0 0.32109375 0.42109375 0.04765625 0.0765625
0 0.29453125 0.41953125 0.04140625 0.0765625
0 0.38671875 0.384375 0.04140625 0.08046875
0 0.47265625 0.490625 0.0796875 0.12265625
0 0.50546875 0.384375 0.04765625 0.08046875
0 0.56796875 0.39375 0.05234375 0.071875
0 0.5734375 0.52578125 0.11875 0.1828125
0 0.6703125 0.4234375 0.05703125 0.10859375
0 0.71796875 0.4125 0.04765625 0.071875
0 0.671875 0.284375 0.03828125 0.06484375
0 0.840625 0.640625 0.1125 0.19140625
0 0.8921875 0.55625 0.0953125 0.16171875
0 0.9296875 0.46875 0.06953125 0.10625
0 0.9 0.396875 0.06171875 0.0921875