0 0.88546875 0.7914351851851852 0.11041666666666643 0.19079861111111124
0 0.9036631944444444 0.8443576388888889 0.10211805555555564 0.1778356481481481
0 0.7703993055555556 0.7845196759259259 0.12090277777777772 0.2182291666666666
0 0.9245833333333333 0.6759259259259259 0.0485069444444445 0.08362268518518512
0 0.9100347222222223 0.64765625 0.053402777777777646 0.08952546296296297
0 0.8294965277777777 0.6283564814814815 0.043194444444444716 0.06834490740740726
0 0.8138194444444444 0.6076967592592593 0.04041666666666686 0.07534722222222232
0 0.773263888888889 0.5956018518518519 0.04149305555555571 0.06481481481481488
0 0.7332812499999999 0.5883969907407407 0.0500694444444445 0.08402777777777785
0 0.6584548611111111 0.5294849537037036 0.03375000000000004 0.06435185185185191
0 0.6463368055555556 0.48208912037037044 0.03354166666666671 0.059664351851851906
0 0.62984375 0.6753761574074074 0.07381944444444458 0.13188657407407406
0 0.6194097222222222 0.6078703703703704 0.058229166666666644 0.09386574074074083
0 0.5751215277777778 0.6264178240740741 0.05947916666666657 0.12199074074074083
0 0.5402777777777777 0.6102719907407408 0.07135416666666661 0.1111689814814815
0 0.5045833333333334 0.595486111111111 0.055312499999999966 0.09774305555555571
0 0.6227604166666667 0.5502604166666666 0.03368055555555553 0.0627893518518519
0 0.6057812499999999 0.5411168981481481 0.031909722222222214 0.05769675925925917
0 0.4442708333333334 0.565625 0.051701388888889 0.08599537037037042
0 0.47855902777777776 0.5587094907407407 0.038576388888888855 0.06869212962962959
0 0.3950520833333333 0.5528645833333333 0.04517361111111118 0.078125
0 0.35836805555555556 0.578125 0.056805555555555554 0.0965856481481481
0 0.39279513888888895 0.4969618055555555 0.02517361111111107 0.04513888888888893
0 0.37722222222222224 0.509519675925926 0.032048611111111125 0.060821759259259166
0 0.34144097222222225 0.5144675925925926 0.030000000000000072 0.04947916666666678
0 0.32069444444444445 0.5011863425925925 0.0349652777777778 0.056944444444444464
0 0.28298611111111105 0.4961516203703704 0.03822916666666672 0.06087962962962976
0 0.3578125 0.41281828703703705 0.035104166666666714 0.06006944444444447
0 0.07828125 0.3901331018518518 0.05149305555555557 0.08130787037037042