0 0.43203125 0.34921875 0.0296875 0.03984375
0 0.38515625 0.4890625 0.06328125 0.115625
0 0.2203125 0.50703125 0.0734375 0.09765625
0 0.16484375 0.41328125 0.0296875 0.04453125
0 0.10859375 0.41796875 0.03671875 0.0625
0 0.0765625 0.421875 0.03984375 0.053125
0 0.03203125 0.421875 0.05 0.0625
0 0.03515625 0.5 0.06328125 0.09296875
0 0.5515625 0.5 0.0703125 0.09296875
0 0.725 0.49765625 0.0703125 0.115625
0 0.91015625 0.42890625 0.046875 0.06640625
0 0.96328125 0.421875 0.053125 0.0796875
0 0.8734375 0.40703125 0.03359375 0.06640625
0 0.896875 0.4046875 0.03359375 0.04453125