0 0.904866898148148 0.5471932870370371 0.07723379629629648 0.11070601851851851
0 0.803287037037037 0.5825462962962963 0.13807870370370381 0.15972222222222215
0 0.7865046296296296 0.4542361111111111 0.07012731481481485 0.09306712962962962
0 0.8526331018518519 0.4344733796296296 0.060578703703703954 0.06902777777777783
0 0.7717766203703704 0.40134837962962966 0.051446759259259164 0.05890046296296294
0 0.6589004629629629 0.47758101851851853 0.09398148148148149 0.10923611111111117
0 0.6771585648148148 0.40411458333333333 0.0512037037037036 0.06812500000000003
0 0.6221701388888888 0.36160300925925926 0.051886574074073974 0.06202546296296294
0 0.5810474537037036 0.3330960648148148 0.04631944444444436 0.055324074074074046
0 0.5465914351851853 0.3978761574074074 0.07481481481481467 0.09351851851851851
0 0.512806712962963 0.35661458333333335 0.05567129629629619 0.06701388888888893
0 0.4811689814814814 0.3282291666666667 0.055891203703703596 0.06857638888888892
0 0.4530208333333333 0.3144328703703704 0.05210648148148156 0.06358796296296294
0 0.36637731481481484 0.5024652777777778 0.13559027777777777 0.17489583333333342
0 0.34727430555555555 0.38501736111111107 0.09930555555555554 0.125162037037037
0 0.3341956018518519 0.3204108796296296 0.06880787037037042 0.08369212962962962
0 0.3143402777777778 0.27019675925925923 0.05699074074074071 0.07638888888888892
0 0.1407002314814815 0.20992476851851852 0.05366898148148147 0.06373842592592593
0 0.118125 0.24655092592592592 0.05677083333333331 0.07482638888888893
0 0.07295717592592593 0.2580381944444444 0.07168981481481482 0.09321759259259262
0 0.039635416666666666 0.28769097222222223 0.07927083333333333 0.1178587962962963
0 0.020755208333333337 0.32701967592592596 0.041510416666666675 0.1313194444444445