0 0.8232696759259259 0.562025462962963 0.09547453703703716 0.11223379629629626
0 0.8798842592592593 0.5380381944444445 0.06523148148148153 0.07751157407407412
0 0.7274247685185184 0.5415046296296296 0.10372685185185179 0.12980324074074084
0 0.7686631944444444 0.5035532407407407 0.05859953703703695 0.06775462962962955
0 0.717037037037037 0.4651851851851852 0.04728009259259256 0.05761574074074076
0 0.6733506944444445 0.4957870370370371 0.07817129629629634 0.0954629629629629
0 0.6189988425925925 0.46673032407407405 0.07192129629629633 0.09495370370370378
0 0.5677546296296296 0.4188599537037037 0.07660879629629633 0.09533564814814817
0 0.5169560185185185 0.3956539351851852 0.06690972222222218 0.09300925925925921
0 0.4259780092592592 0.6083043981481481 0.1902430555555556 0.21365740740740727
0 0.36516782407407405 0.4571701388888888 0.18923611111111108 0.24583333333333326
0 0.43849537037037034 0.4138888888888889 0.1273958333333333 0.16245370370370366
0 0.2888946759259259 0.41123263888888884 0.13240740740740745 0.16439814814814818
0 0.13616319444444444 0.4734664351851852 0.20993055555555556 0.25673611111111116
0 0.22527777777777777 0.3234259259259259 0.10469907407407408 0.13449074074074074
0 0.25897569444444446 0.3333217592592593 0.058067129629629656 0.07999999999999999
0 0.18693287037037037 0.2861400462962963 0.0816203703703704 0.09728009259259256
0 0.06773148148148148 0.3169444444444444 0.1267476851851852 0.15932870370370367