0 0.0609375 0.54921875 0.0421875 0.05625
0 0.07421875 0.46171875 0.02734375 0.0390625
0 0.13125 0.4703125 0.03125 0.0453125
0 0.159375 0.515625 0.0296875 0.05078125
0 0.1890625 0.63359375 0.04609375 0.06796875
0 0.15703125 0.671875 0.0421875 0.0703125
0 0.23828125 0.59296875 0.0359375 0.059375
0 0.278125 0.4546875 0.02734375 0.03671875
0 0.3953125 0.45625 0.0234375 0.0390625
0 0.41640625 0.50703125 0.0234375 0.03359375
0 0.5 0.45234375 0.0234375 0.0421875
0 0.51484375 0.4984375 0.02734375 0.0453125
0 0.53671875 0.54921875 0.0296875 0.0390625
0 0.6328125 0.49140625 0.0296875 0.0421875
0 0.68359375 0.5453125 0.03359375 0.04765625
0 0.78828125 0.48984375 0.0421875 0.06171875
0 0.9078125 0.7421875 0.06328125 0.0984375