0 0.9176736111111111 0.14902777777777781 0.1646527777777777 0.2775694444444444
0 0.8060069444444444 0.21614583333333334 0.06784722222222221 0.11604166666666664
0 0.7542187499999999 0.2539409722222222 0.1011805555555556 0.1475
0 0.53078125 0.20251736111111113 0.1386111111111111 0.22347222222222216
0 0.4334548611111111 0.24123263888888888 0.08864583333333335 0.14288194444444446
0 0.49262152777777785 0.4294270833333333 0.04989583333333343 0.07746527777777779
0 0.2923090277777778 0.18147569444444445 0.20135416666666667 0.31961805555555556
0 0.34543402777777776 0.23918402777777778 0.11923611111111114 0.1907638888888889
0 0.2263715277777778 0.2894965277777778 0.06291666666666666 0.10395833333333329
0 0.17907986111111113 0.31755208333333335 0.07874999999999996 0.11715277777777774
0 0.07189236111111111 0.30133680555555553 0.11583333333333334 0.24743055555555565