0 0.6116145833333333 0.8202546296296298 0.02394675925925931 0.03784722222222214
0 0.8570949074074076 0.7100694444444444 0.030335648148147952 0.04814814814814809
0 0.9032523148148147 0.6685763888888889 0.031921296296296475 0.04994212962962976
0 0.9123784722222222 0.705787037037037 0.030289351851851977 0.0450231481481481
0 0.9683796296296296 0.6447048611111111 0.04143518518518548 0.06070601851851851
0 0.9524363425925927 0.6735243055555555 0.030335648148147952 0.04814814814814809
0 0.9779803240740741 0.7139467592592593 0.03355324074074062 0.05486111111111107
0 0.8574710648148148 0.5776041666666667 0.057499999999999926 0.09270833333333339
0 0.7424537037037038 0.44363425925925937 0.10672453703703688 0.1530092592592592
0 0.5551273148148148 0.21710069444444446 0.17840277777777783 0.25561342592592595
0 0.5466435185185186 0.48634259259259255 0.09156250000000003 0.18194444444444446
0 0.5164351851851852 0.552025462962963 0.05131944444444443 0.09646990740740743
0 0.4998900462962963 0.645457175925926 0.0382407407407408 0.05555555555555554
0 0.4957581018518519 0.6822627314814815 0.02877314814814813 0.04791666666666661
0 0.5457118055555557 0.6865451388888889 0.02401620370370381 0.04253472222222214
0 0.5596643518518519 0.6285879629629629 0.03667824074074062 0.055324074074074046
0 0.5851099537037037 0.6097511574074075 0.03831018518518512 0.060243055555555536
0 0.5686284722222222 0.6548611111111111 0.025648148148148132 0.04745370370370381
0 0.6086111111111111 0.670138888888889 0.027164351851851797 0.04456018518518512
0 0.6454861111111111 0.6335069444444444 0.03518518518518512 0.05978009259259256
0 0.70015625 0.587818287037037 0.043229166666666784 0.0765625
0 0.6702835648148149 0.5709201388888889 0.033645833333333285 0.061111111111111074
0 0.7461458333333333 0.5876157407407409 0.056053240740740765 0.10028935185185191
0 0.7578703703703704 0.642361111111111 0.03987268518518512 0.06047453703703702
0 0.6924768518518518 0.648263888888889 0.031921296296296295 0.04994212962962976
0 0.6790046296296296 0.6860243055555555 0.03821759259259263 0.05399305555555571
0 0.4488252314814815 0.671412037037037 0.027094907407407477 0.03987268518518512
0 0.43060185185185185 0.6515625 0.03803240740740747 0.04149305555555553
0 0.42311921296296295 0.6200520833333334 0.0318518518518518 0.04525462962962976
0 0.4105555555555556 0.5612847222222223 0.04479166666666674 0.07679398148148149
0 0.37584490740740745 0.5335358796296296 0.06225694444444443 0.09809027777777786
0 0.29052083333333334 0.4569733796296296 0.10189814814814815 0.14293981481481483
0 0.08732638888888888 0.21171875 0.17354166666666665 0.3484375
0 0.045439814814814815 0.43625578703703705 0.08055555555555556 0.17563657407407404
0 0.1902662037037037 0.5302083333333334 0.060671296296296306 0.09629629629629619
0 0.23894097222222221 0.50078125 0.05913194444444443 0.09762731481481488
0 0.16091435185185185 0.5484664351851852 0.036817129629629616 0.06469907407407405
0 0.2044965277777778 0.5962384259259259 0.0431365740740741 0.0703125
0 0.2297627314814815 0.6179108796296295 0.03516203703703704 0.05821759259259274
0 0.28171875 0.546875 0.04481481481481477 0.07835648148148149
0 0.3206423611111111 0.5432870370370371 0.04787037037037036 0.07413194444444446
0 0.35414930555555557 0.595023148148148 0.031898148148148134 0.04837962962962976
0 0.3639641203703704 0.626099537037037 0.03182870370370372 0.04369212962962976
0 0.37 0.6651909722222222 0.030358796296296297 0.049710648148148094
0 0.38881944444444444 0.67265625 0.02075231481481481 0.03269675925925917
0 0.2852256944444444 0.6783564814814815 0.027164351851851797 0.04456018518518512
0 0.27227430555555554 0.6460358796296296 0.030243055555555554 0.041898148148148094
0 0.28991898148148143 0.6268229166666666 0.031898148148148134 0.04837962962962976
0 0.2752893518518519 0.5864583333333334 0.035069444444444466 0.05196759259259274
0 0.13843171296296294 0.6620659722222222 0.03199074074074071 0.054629629629629584
0 0.07392939814814814 0.6228877314814815 0.03520833333333333 0.06134259259259256
0 0.07276041666666666 0.64921875 0.02714120370370372 0.04299768518518512
0 0.028344907407407405 0.6504340277777778 0.02415509259259259 0.05190972222222214