0 0.07569444444444445 0.7031828703703704 0.10011574074074073 0.115763888888889
0 0.19276620370370373 0.7235127314814814 0.11238425925925925 0.13491898148148138
0 0.05460069444444445 0.6529282407407407 0.09930555555555556 0.112638888888889
0 0.010879629629629638 0.6281944444444445 0.021759259259259277 0.0746990740740742
0 0.17022569444444444 0.6371064814814815 0.07337962962962963 0.09150462962962962
0 0.1748553240740741 0.5775173611111111 0.05798611111111107 0.07156249999999993
0 0.23177083333333334 0.6501099537037037 0.07106481481481479 0.09384259259259267
0 0.28217592592592594 0.6836111111111112 0.07071759259259255 0.09813657407407402
0 0.3197916666666667 0.7022395833333334 0.08049768518518512 0.10206018518518523
0 0.37549189814814815 0.7345775462962963 0.08831018518518521 0.10402777777777779
0 0.3706018518518518 0.6218229166666667 0.06631944444444446 0.08680555555555572
0 0.3322627314814815 0.6188252314814815 0.04930555555555553 0.06061342592592602
0 0.2986400462962963 0.6361574074074074 0.048553240740740744 0.06334490740740754
0 0.2700520833333333 0.6148090277777778 0.04890046296296298 0.05905092592592602
0 0.4424189814814815 0.6016261574074073 0.04103009259259256 0.05122685185185176
0 0.4502893518518519 0.664363425925926 0.046238425925925954 0.06568287037037024
0 0.4841145833333334 0.6911921296296297 0.07025462962962976 0.09071759259259267
0 0.47809606481481487 0.6181018518518518 0.050115740740740836 0.06373842592592602
0 0.5960648148148149 0.6253414351851851 0.061574074074074045 0.0797685185185184
0 0.6405381944444445 0.7330844907407408 0.09982638888888892 0.12591435185185187
0 0.7128472222222222 0.7463020833333334 0.08755787037037041 0.1067592592592593
0 0.6933738425925926 0.7122685185185185 0.056770833333333215 0.06687499999999993
0 0.6875289351851852 0.6641898148148149 0.05879629629629637 0.07468749999999993
0 0.6587962962962963 0.6369791666666667 0.06319444444444447 0.08601851851851858
0 0.7415798611111112 0.7060995370370371 0.04774305555555554 0.06021990740740755
0 0.7861111111111111 0.7397858796296297 0.078125 0.09854166666666675
0 0.8213541666666668 0.7162037037037038 0.06209490740740753 0.09304398148148145
0 0.8537037037037036 0.7551446759259259 0.049537037037037025 0.08403935185185193