0 0.06328125 0.39453125 0.03828125 0.06875
0 0.12421875 0.39921875 0.03984375 0.06640625
0 0.16484375 0.50625 0.03828125 0.06875
0 0.2109375 0.39609375 0.03828125 0.06640625
0 0.24921875 0.509375 0.034375 0.06328125
0 0.2796875 0.40546875 0.0359375 0.05390625
0 0.32421875 0.4140625 0.0359375 0.06640625
0 0.34375 0.509375 0.03984375 0.06875
0 0.38515625 0.41015625 0.034375 0.05703125
0 0.425 0.503125 0.0421875 0.06875
0 0.4640625 0.40703125 0.0359375 0.06328125
0 0.51015625 0.496875 0.03984375 0.075
0 0.4921875 0.39609375 0.028125 0.0484375
0 0.53515625 0.40703125 0.0296875 0.06328125
0 0.565625 0.40078125 0.03203125 0.06328125
0 0.6046875 0.51171875 0.04609375 0.08671875
0 0.59765625 0.39375 0.0359375 0.06640625
0 0.6609375 0.40390625 0.03828125 0.06328125
0 0.67109375 0.5 0.03828125 0.06875
0 0.73203125 0.40234375 0.03984375 0.071875
0 0.7640625 0.51796875 0.03984375 0.06875
0 0.80390625 0.39765625 0.04375 0.06875
0 0.83984375 0.40234375 0.03984375 0.071875