0 0.9369212962962962 0.29601851851851857 0.06521990740740762 0.10042824074074072
0 0.8799479166666666 0.25349537037037034 0.1174768518518519 0.15234953703703705
0 0.8017939814814815 0.26500578703703703 0.08072916666666678 0.09898148148148148
0 0.8024594907407409 0.3087268518518519 0.05150462962962967 0.06284722222222223
0 0.7798611111111111 0.30811342592592594 0.050289351851851904 0.06752314814814815
0 0.7084201388888889 0.3133275462962963 0.05364583333333321 0.07067129629629632
0 0.6794560185185186 0.3143229166666667 0.07662037037037042 0.1067592592592593
0 0.6135416666666667 0.33979745370370373 0.04513888888888893 0.0612384259259259
0 0.5792534722222222 0.30725694444444446 0.06695601851851851 0.08170138888888889
0 0.6031539351851851 0.406244212962963 0.09652777777777785 0.12252314814814813
0 0.4212962962962963 0.3630844907407408 0.050289351851851904 0.06752314814814815
0 0.14036458333333332 0.1809837962962963 0.28072916666666664 0.3099074074074074
0 0.12977430555555552 0.3457233796296296 0.11793981481481479 0.11643518518518521
0 0.012413194444444444 0.36075810185185186 0.024826388888888887 0.08473379629629632
0 0.014655671296296293 0.3880497685185185 0.029311342592592587 0.07067129629629623