0 0.153125 0.36015625 0.04609375 0.06640625
0 0.21015625 0.35859375 0.03203125 0.06875
0 0.24296875 0.33515625 0.034375 0.06328125
0 0.26171875 0.3859375 0.0359375 0.06328125
0 0.290625 0.37109375 0.0296875 0.06328125
0 0.32265625 0.346875 0.03828125 0.06328125
0 0.36328125 0.3546875 0.034375 0.071875
0 0.3890625 0.36484375 0.0296875 0.06875
0 0.421875 0.36640625 0.03203125 0.071875
0 0.465625 0.36015625 0.02421875 0.06015625
0 0.49296875 0.35859375 0.02578125 0.05703125
0 0.5171875 0.35546875 0.034375 0.075
0 0.54921875 0.35703125 0.034375 0.06015625
0 0.57890625 0.353125 0.034375 0.06328125
0 0.57265625 0.39765625 0.034375 0.05703125
0 0.62734375 0.35546875 0.03828125 0.06875
0 0.6859375 0.41328125 0.03203125 0.06875
0 0.734375 0.40390625 0.0359375 0.06875
0 0.79375 0.39609375 0.03984375 0.06640625
0 0.83984375 0.40390625 0.05234375 0.08671875
0 0.696875 0.54921875 0.0421875 0.071875
0 0.62265625 0.5765625 0.03828125 0.06640625
0 0.58828125 0.56328125 0.03203125 0.05703125
0 0.52109375 0.5484375 0.03828125 0.06328125
0 0.478125 0.55859375 0.03984375 0.071875
0 0.4 0.55859375 0.03984375 0.06015625
0 0.34375 0.56171875 0.03984375 0.06015625