0 0.008619791666666664 0.24959490740740745 0.01723958333333333 0.039548611111111145
0 0.024114583333333335 0.2420775462962963 0.027708333333333335 0.03702546296296294
0 0.042499999999999996 0.23627314814814815 0.028541666666666667 0.04171296296296294
0 0.05428819444444444 0.21664930555555556 0.020069444444444435 0.028009259259259255
0 0.04276041666666667 0.21358796296296295 0.02163194444444445 0.028310185185185178
0 0.06873263888888889 0.20330439814814816 0.01694444444444445 0.02740740740740737
0 0.07984375 0.20870949074074074 0.02430555555555556 0.03486111111111114
0 0.10164930555555556 0.22186342592592592 0.03902777777777779 0.04976851851851851
0 0.12175347222222221 0.20214699074074077 0.027708333333333356 0.03702546296296296
0 0.1055034722222222 0.19169560185185186 0.021076388888888888 0.025185185185185154
0 0.1336284722222222 0.18627893518518518 0.016388888888888876 0.02428240740740737
0 0.1448958333333333 0.17807291666666666 0.020069444444444428 0.028009259259259255
0 0.15559027777777776 0.21977430555555558 0.06277777777777778 0.08150462962962964
0 0.18477430555555555 0.21264467592592595 0.045486111111111116 0.06912037037037033
0 0.16548611111111108 0.17259837962962962 0.016388888888888876 0.024282407407407412
0 0.18147569444444445 0.1717824074074074 0.021076388888888874 0.025185185185185154
0 0.17892361111111113 0.15642939814814816 0.016388888888888876 0.02428240740740737
0 0.19067708333333333 0.16246527777777778 0.016388888888888876 0.024282407407407412
0 0.21135416666666665 0.1607465277777778 0.016388888888888963 0.024282407407407412
0 0.2109548611111111 0.15026041666666667 0.016388888888888963 0.024282407407407412
0 0.22661458333333334 0.15554398148148146 0.016388888888888876 0.024282407407407412
0 0.2481770833333333 0.14460069444444446 0.02163194444444443 0.028310185185185154
0 0.22951388888888888 0.21987268518518518 0.05597222222222227 0.07717592592592588
0 0.3056076388888889 0.21200810185185187 0.05965277777777782 0.08090277777777777
0 0.3482291666666667 0.18870949074074073 0.04152777777777779 0.06383101851851851
0 0.3273263888888889 0.15350115740740738 0.02357638888888882 0.039247685185185156
0 0.30609374999999994 0.15834490740740742 0.027708333333333356 0.03702546296296298
0 0.3052951388888889 0.13737268518518517 0.014826388888888875 0.02398148148148147
0 0.2798611111111111 0.15736111111111112 0.025138888888888912 0.039548611111111145
0 0.27855902777777775 0.13497685185185185 0.013715277777777767 0.01773148148148147
0 0.29571180555555554 0.12337384259259258 0.012152777777777768 0.01743055555555557
0 0.3401736111111111 0.13216435185185185 0.01583333333333332 0.021157407407407413
0 0.34401041666666665 0.1487789351851852 0.016388888888888876 0.02428240740740737
0 0.36487847222222225 0.14174189814814814 0.027708333333333356 0.03702546296296294
0 0.36192708333333334 0.11590277777777777 0.02062500000000007 0.031134259259259257
0 0.37743055555555555 0.10084490740740741 0.014270833333333321 0.02085648148148147
0 0.4255729166666667 0.1738136574074074 0.05395833333333329 0.08282407407407408
0 0.4135416666666666 0.13538773148148148 0.024583333333333356 0.03642361111111114
0 0.37720486111111107 0.16577546296296297 0.024583333333333356 0.0364236111111111
0 0.3870138888888889 0.11484375 0.02163194444444443 0.028310185185185154
0 0.4061805555555556 0.10888888888888888 0.01694444444444443 0.027407407407407415
0 0.43032986111111116 0.12159143518518518 0.014826388888888787 0.02398148148148147
0 0.4366493055555555 0.10302083333333334 0.01381944444444443 0.026805555555555572
0 0.42684027777777783 0.0860474537037037 0.011874999999999858 0.01586805555555555
0 0.44866319444444436 0.08637152777777778 0.012152777777777856 0.01743055555555555
0 0.4497395833333333 0.10578125000000001 0.014270833333333321 0.02085648148148147
0 0.46736111111111106 0.12125 0.022743055555555714 0.03456018518518515
0 0.45055555555555554 0.1478761574074074 0.029097222222222285 0.04483796296296294
0 0.46923611111111113 0.09372685185185185 0.02163194444444443 0.0283101851851852
0 0.45996527777777774 0.08645833333333333 0.014826388888888787 0.02398148148148147
0 0.4935590277777777 0.07998842592592592 0.016388888888888786 0.024282407407407412
0 0.5142708333333333 0.0865625 0.022187500000000072 0.03143518518518518
0 0.5077951388888889 0.15269675925925927 0.06416666666666657 0.08931712962962965
0 0.5571701388888889 0.09565393518518518 0.023194444444444427 0.028611111111111122
0 0.5487326388888889 0.08369791666666666 0.01694444444444443 0.027407407407407415
0 0.5556944444444444 0.06575810185185185 0.012152777777777856 0.01743055555555555
0 0.5717013888888889 0.05211226851851852 0.014826388888888787 0.023981481481481493
0 0.5761979166666666 0.09048032407407407 0.024583333333333356 0.0364236111111111
0 0.5657118055555556 0.13248842592592594 0.02965277777777775 0.04796296296296294
0 0.6105555555555556 0.1306423611111111 0.06416666666666657 0.08931712962962965
0 0.6030381944444445 0.08380208333333333 0.028263888888888998 0.040150462962962964
0 0.5973611111111111 0.06905092592592592 0.01694444444444443 0.027407407407407415
0 0.6069444444444445 0.049097222222222216 0.020069444444444428 0.028009259259259255
0 0.58984375 0.05616319444444444 0.014826388888888964 0.02398148148148147
0 0.6173958333333334 0.0667013888888889 0.018333333333333358 0.035219907407407394
0 0.6697569444444444 0.07774305555555555 0.027708333333333356 0.03702546296296296
0 0.6773263888888889 0.1200462962962963 0.043472222222222176 0.07476851851851853
0 0.7428993055555555 0.11194444444444444 0.08229166666666679 0.10638888888888891
0 0.6922743055555556 0.04020833333333333 0.020069444444444428 0.028009259259259255
0 0.6752777777777779 0.03820023148148148 0.01694444444444443 0.027407407407407415
0 0.7118229166666666 0.023616898148148147 0.020069444444444428 0.02800925925925928
0 0.7291319444444444 0.03235532407407408 0.021076388888888964 0.02518518518518518
0 0.7372048611111112 0.042118055555555554 0.02163194444444443 0.028310185185185178
0 0.75390625 0.02456597222222222 0.019513888888888963 0.02488425925925928
0 0.7409201388888889 0.013368055555555558 0.020069444444444428 0.026736111111111117
0 0.7728125 0.009892939814814816 0.019513888888888786 0.019785879629629632
0 0.7828993055555555 0.02275462962962963 0.024305555555555535 0.03486111111111112
0 0.7983506944444445 0.012233796296296295 0.015833333333333144 0.021157407407407392
0 0.870451388888889 0.035318287037037044 0.04270833333333357 0.053495370370370374
0 0.8532118055555558 0.013321759259259259 0.024305555555555712 0.026643518518518518
0 0.8152430555555557 0.023315972222222224 0.022187500000000072 0.03143518518518518
0 0.820138888888889 0.008203125 0.01638888888888914 0.01640625
0 0.8086631944444445 0.0036226851851851815 0.015833333333333144 0.007245370370370363
0 0.8769618055555555 0.011785300925925923 0.01638888888888914 0.023570601851851846
0 0.9038020833333335 0.011015624999999996 0.022743055555555714 0.022031249999999992
0 0.9239583333333334 0.014528356481481486 0.02631944444444443 0.02905671296296297
0 0.9160069444444444 0.0846412037037037 0.08874999999999993 0.12574074074074074
0 0.9384548611111111 0.03052083333333333 0.041597222222222285 0.047245370370370354
0 0.9542187500000001 0.003541666666666665 0.023194444444444427 0.00708333333333333