0 0.026765046296296297 0.3461458333333333 0.053530092592592594 0.1255208333333333
0 0.07300925925925926 0.3241145833333333 0.03664351851851853 0.057500000000000016
0 0.18872106481481482 0.33046875 0.04212962962962963 0.06343750000000004
0 0.30978587962962967 0.33416666666666667 0.1583449074074074 0.24656249999999993
0 0.35923032407407407 0.39390625 0.033518518518518545 0.05666666666666664
0 0.40078703703703705 0.39927083333333335 0.029062500000000036 0.04802083333333327
0 0.43181712962962965 0.4328645833333333 0.032453703703703776 0.050416666666666644
0 0.4645659722222222 0.42281250000000004 0.04837962962962976 0.06510416666666674
0 0.4835358796296296 0.4025520833333333 0.027465277777777786 0.03864583333333336
0 0.5388194444444444 0.4328125 0.034317129629629586 0.06135416666666664
0 0.550619212962963 0.44984375 0.02853009259259274 0.04489583333333336
0 0.599375 0.44651041666666663 0.03611111111111107 0.05437499999999993
0 0.6948726851851852 0.4564583333333333 0.19246527777777783 0.3242708333333333
0 0.7766550925925926 0.475 0.03820601851851855 0.057916666666666575
0 0.7818518518518519 0.51640625 0.05443287037037035 0.08312500000000007
0 0.8728645833333333 0.5047395833333334 0.04422453703703688 0.06697916666666667
0 0.9317881944444444 0.5376041666666667 0.03142361111111107 0.053125