0 0.05859375 0.421875 0.0796875 0.12421875
0 0.14921875 0.41015625 0.1015625 0.14765625
0 0.26640625 0.421875 0.07109375 0.10625
0 0.31875 0.42421875 0.03984375 0.0828125
0 0.35703125 0.446875 0.03671875 0.05546875
0 0.4046875 0.3890625 0.07109375 0.10625
0 0.43671875 0.43515625 0.03046875 0.06875
0 0.45859375 0.44921875 0.04296875 0.06875
0 0.54609375 0.43984375 0.05859375 0.096875
0 0.6203125 0.41953125 0.04609375 0.0828125
0 0.63984375 0.37578125 0.03671875 0.05078125
0 0.696875 0.45390625 0.04609375 0.0875
0 0.81875 0.340625 0.1046875 0.175
0 0.921875 0.37109375 0.07109375 0.12421875