0 0.9620225694444444 0.89375 0.07595486111111108 0.171875
0 0.9821180555555555 0.96796875 0.03576388888888893 0.0640625
0 0.8916666666666666 0.9046875 0.08767361111111108 0.0921875
0 0.8842881944444445 0.83984375 0.08802083333333321 0.09375
0 0.7964409722222222 0.82421875 0.12222222222222232 0.128125
0 0.7682291666666666 0.85546875 0.10486111111111107 0.10625
0 0.6802083333333334 0.796875 0.09409722222222214 0.1
0 0.5850694444444444 0.7765625 0.07743055555555571 0.08125
0 0.5486979166666666 0.7640625 0.11875 0.1265625
0 0.5035590277777777 0.771875 0.09270833333333339 0.1078125
0 0.46736111111111106 0.7671875 0.07204861111111108 0.078125
0 0.4026909722222222 0.71875 0.09322916666666661 0.103125
0 0.36744791666666665 0.7078125 0.08159722222222224 0.0859375
0 0.26762152777777776 0.6875 0.08975694444444446 0.1015625
0 0.17647569444444444 0.425 0.22170138888888888 0.259375