0 0.10135416666666666 0.31953125 0.20270833333333332 0.3296875
0 0.05981770833333333 0.5215625 0.11963541666666666 0.15093750000000003
0 0.07011574074074074 0.585 0.10945601851851854 0.12593749999999987
0 0.057737268518518514 0.63515625 0.0762037037037037 0.08562499999999992
0 0.07925347222222222 0.6737500000000001 0.06305555555555557 0.07687500000000007
0 0.04646412037037036 0.68234375 0.0679050925925926 0.07937499999999993
0 0.017910879629629627 0.62203125 0.035821759259259255 0.12624999999999992
0 0.005318287037037034 0.6917187499999999 0.010636574074074067 0.07125000000000004
0 0.19995370370370372 0.655625 0.05222222222222221 0.0609375
0 0.17761574074074074 0.67109375 0.043599537037037006 0.0515625
0 0.1902199074074074 0.68796875 0.04861111111111112 0.055625000000000036
0 0.24273148148148146 0.67375 0.05254629629629628 0.0640625
0 0.2648842592592593 0.6446875000000001 0.05206018518518522 0.059375
0 0.2799363425925926 0.67640625 0.045324074074074086 0.05343750000000007
0 0.2931770833333333 0.625625 0.06354166666666661 0.08156250000000007
0 0.3196585648148148 0.63171875 0.04096064814814815 0.055625000000000036
0 0.30626157407407406 0.6609375 0.04031249999999993 0.04937500000000004
0 0.3392418981481481 0.6428125 0.047534722222222214 0.060000000000000143
0 0.3646990740740741 0.65109375 0.045648148148148146 0.05656250000000007
0 0.3789872685185185 0.61328125 0.06979166666666661 0.0828125
0 0.3891261574074074 0.57703125 0.08202546296296295 0.09749999999999996
0 0.40126157407407403 0.6368750000000001 0.04408564814814819 0.05625
0 0.41723379629629626 0.65203125 0.04219907407407408 0.05281249999999993
0 0.3021469907407407 0.7390625 0.032013888888888876 0.04312500000000004
0 0.4415740740740741 0.601875 0.06305555555555564 0.07687500000000007
0 0.4604224537037037 0.6431250000000001 0.036539351851851976 0.04250000000000007
0 0.5009432870370369 0.6368750000000001 0.04581018518518505 0.05812500000000007
0 0.5127777777777778 0.60734375 0.04818287037037052 0.06624999999999996
0 0.47038773148148144 0.5470312500000001 0.07890046296296305 0.096875
0 0.5556192129629629 0.47874999999999995 0.1119907407407407 0.13562499999999994
0 0.5613425925925926 0.5389062499999999 0.0801388888888889 0.09406250000000008
0 0.5347916666666667 0.595 0.06289351851851847 0.07531250000000007
0 0.56375 0.6079687500000001 0.047534722222222214 0.060000000000000143
0 0.5488715277777778 0.63609375 0.039988425925925955 0.04624999999999986
0 0.5964814814814815 0.6153124999999999 0.04236111111111107 0.05437499999999993
0 0.5906712962962963 0.5790625 0.05599537037037052 0.06781250000000014
0 0.6186284722222222 0.609375 0.04597222222222221 0.059687500000000074
0 0.6443981481481481 0.553125 0.07873842592592588 0.0953125
0 0.6608217592592592 0.5946875 0.049097222222222216 0.06031249999999986
0 0.6910532407407407 0.58 0.05254629629629619 0.0640625
0 0.7288831018518518 0.56125 0.05146990740740733 0.06843749999999993
0 0.7413078703703704 0.54140625 0.06165509259259263 0.078125
0 0.7369849537037038 0.48312499999999997 0.09927083333333328 0.11624999999999996
0 0.7281307870370369 0.33781249999999996 0.21606481481481482 0.28343749999999995
0 0.8094386574074074 0.338125 0.16648148148148145 0.2184375
0 0.8011631944444446 0.4640625 0.11182870370370361 0.13406249999999992
0 0.7793229166666666 0.5362500000000001 0.07167824074074076 0.08625000000000008
0 0.8108622685185185 0.5704687500000001 0.05648148148148131 0.07250000000000015
0 0.8855381944444446 0.4809375 0.10245370370370352 0.13218750000000004
0 0.9182291666666667 0.5425 0.07324074074074076 0.08656249999999996