0 0.24140625 0.2625 0.1375 0.17109375
0 0.3984375 0.5140625 0.06328125 0.1203125
0 0.49765625 0.46328125 0.05234375 0.08671875
0 0.56484375 0.41484375 0.04765625 0.08671875
0 0.5765625 0.34140625 0.0296875 0.04609375
0 0.63671875 0.40703125 0.0234375 0.03359375
0 0.65859375 0.403125 0.0125 0.025
0 0.67734375 0.42109375 0.01875 0.03203125
0 0.715625 0.4046875 0.0265625 0.0421875
0 0.88984375 0.3703125 0.0203125 0.02734375
0 0.9078125 0.3984375 0.0234375 0.0421875
0 0.93515625 0.50625 0.08203125 0.1265625