0 0.9368055555555557 0.6789756944444445 0.04930555555555571 0.08611111111111107
0 0.9296875 0.7012499999999999 0.04253472222222214 0.07600694444444436
0 0.8209201388888889 0.5274479166666667 0.0734375 0.12003472222222218
0 0.8359375 0.6255729166666667 0.05590277777777786 0.08864583333333335
0 0.8092881944444444 0.6515972222222223 0.0515625 0.07590277777777779
0 0.8166666666666667 0.7153472222222221 0.0328125 0.05940972222222207
0 0.77890625 0.7253125 0.030034722222222143 0.06048611111111111
0 0.697482638888889 0.7118923611111111 0.033333333333333215 0.05496527777777764
0 0.6651041666666667 0.6849826388888889 0.03194444444444446 0.04871527777777764
0 0.6699652777777778 0.7136458333333333 0.028472222222222322 0.046666666666666676
0 0.58046875 0.6197743055555556 0.03559027777777786 0.058333333333333216
0 0.5444444444444445 0.6375520833333332 0.030034722222222143 0.046909722222222075
0 0.5788194444444444 0.6836284722222222 0.029166666666666785 0.04979166666666668
0 0.5774305555555556 0.4805208333333333 0.06388888888888893 0.1110069444444445
0 0.6703993055555555 0.4203125 0.06736111111111107 0.11305555555555565
0 0.6940972222222221 0.5914409722222222 0.04565972222222214 0.0764930555555555
0 0.3453125 0.6714409722222222 0.03611111111111107 0.053888888888888965