0 0.3985590277777778 0.8110706018518519 0.11565972222222225 0.1538541666666667
0 0.2015625 0.5494618055555556 0.1379513888888889 0.17487268518518526
0 0.1164236111111111 0.4341377314814815 0.1815277777777778 0.2417476851851852
0 0.08038194444444444 0.6112847222222222 0.12041666666666666 0.15746527777777786
0 0.38144097222222223 0.3480787037037037 0.22159722222222228 0.29111111111111115
0 0.4282465277777778 0.4970138888888888 0.1554166666666667 0.18915509259259267
0 0.5151215277777779 0.49897569444444445 0.12048611111111107 0.16059027777777785
0 0.7079513888888889 0.49000000000000005 0.15239583333333329 0.1935185185185185
0 0.7211631944444445 0.28307870370370375 0.217048611111111 0.296875
0 0.7501041666666667 0.1435648148148148 0.21229166666666668 0.15296296296296297
0 0.9028993055555556 0.35047453703703707 0.11447916666666699 0.17087962962962955
0 0.8429340277777777 0.3708796296296296 0.13656250000000014 0.1825231481481481
0 0.9025694444444443 0.43579282407407405 0.1125 0.15196759259259268