0 0.1390625 0.45625 0.07109375 0.0875
0 0.2546875 0.4625 0.0421875 0.05859375
0 0.25625 0.38828125 0.0390625 0.05
0 0.3875 0.628125 0.08828125 0.12734375
0 0.4421875 0.4984375 0.0484375 0.08203125
0 0.44375 0.43828125 0.0359375 0.059375
0 0.43828125 0.39453125 0.0296875 0.04453125
0 0.5171875 0.421875 0.05390625 0.06640625
0 0.528125 0.36640625 0.0375 0.06015625
0 0.559375 0.48828125 0.05078125 0.08203125
0 0.62109375 0.61484375 0.090625 0.134375
0 0.6234375 0.29375 0.02890625 0.03515625
0 0.809375 0.38203125 0.03984375 0.05390625
0 0.8921875 0.37890625 0.0390625 0.05703125