0 0.09453125 0.71875 0.0625 0.0890625
0 0.24453125 0.69296875 0.0515625 0.06875
0 0.478125 0.65625 0.046875 0.06953125
0 0.5125 0.64765625 0.03984375 0.06953125
0 0.68359375 0.63046875 0.034375 0.04296875
0 0.74296875 0.621875 0.03046875 0.0546875
0 0.8296875 0.62421875 0.025 0.04296875
0 0.878125 0.61328125 0.025 0.040625
0 0.9828125 0.5640625 0.02265625 0.03359375
0 0.95390625 0.56015625 0.0203125 0.0296875
0 0.91484375 0.53984375 0.01640625 0.03125
0 0.85390625 0.53203125 0.02109375 0.03359375
0 0.81171875 0.4953125 0.021875 0.040625
0 0.75234375 0.57578125 0.0234375 0.03203125
0 0.7140625 0.58125 0.01796875 0.03515625
0 0.746875 0.51640625 0.0140625 0.02578125
0 0.74453125 0.48359375 0.0140625 0.0234375
0 0.725 0.5046875 0.015625 0.028125
0 0.71640625 0.48203125 0.0125 0.01875
0 0.6953125 0.50546875 0.01484375 0.021875
0 0.678125 0.48671875 0.01171875 0.01953125
0 0.65 0.48671875 0.01484375 0.02421875
0 0.61796875 0.51328125 0.01640625 0.03359375
0 0.56484375 0.4609375 0.0109375 0.02109375
0 0.55 0.4765625 0.015625 0.0203125
0 0.425 0.40859375 0.0125 0.02421875
0 0.0234375 0.53671875 0.03359375 0.05625
0 0.03984375 0.50078125 0.0328125 0.04609375
0 0.0140625 0.46640625 0.01796875 0.034375
0 0.07890625 0.4796875 0.021875 0.03671875
0 0.1078125 0.459375 0.021875 0.03046875
0 0.1296875 0.4796875 0.021875 0.0390625
0 0.13828125 0.5390625 0.02734375 0.0515625
0 0.159375 0.50546875 0.02109375 0.0453125
0 0.215625 0.50859375 0.0234375 0.040625
0 0.24140625 0.5890625 0.0390625 0.0515625
0 0.259375 0.51484375 0.02734375 0.0390625
0 0.38671875 0.56640625 0.0359375 0.053125
0 0.48359375 0.546875 0.0171875 0.03984375
0 0.48515625 0.52109375 0.02265625 0.03046875
0 0.46171875 0.51171875 0.01796875 0.03515625
0 0.4515625 0.490625 0.02109375 0.021875
0 0.43046875 0.47578125 0.021875 0.0265625
0 0.37734375 0.4671875 0.01328125 0.02109375
0 0.34375 0.47421875 0.0203125 0.02578125
0 0.31484375 0.45546875 0.015625 0.021875
0 0.275 0.4546875 0.01328125 0.021875
0 0.26015625 0.453125 0.009375 0.01953125
0 0.4875 0.478125 0.01328125 0.02421875
0 0.490625 0.46328125 0.015625 0.02109375
0 0.50625 0.4734375 0.009375 0.0234375
0 0.51328125 0.484375 0.01484375 0.021875
0 0.52421875 0.521875 0.015625 0.02421875
0 0.54921875 0.496875 0.01640625 0.0265625
0 0.56484375 0.54140625 0.02109375 0.0390625
0 0.60703125 0.5390625 0.01796875 0.03515625
0 0.5828125 0.58359375 0.0296875 0.04375
0 0.6625 0.5640625 0.02421875 0.0453125
0 0.6828125 0.5796875 0.0203125 0.03515625