0 0.8380729166666667 0.5232465277777777 0.070451388888889 0.08253472222222236
0 0.7565451388888889 0.5468576388888888 0.06020833333333329 0.06673611111111111
0 0.729704861111111 0.46414930555555556 0.1030555555555555 0.10194444444444457
0 0.6830729166666666 0.5687326388888889 0.05322916666666657 0.06190972222222228
0 0.6266319444444445 0.5762152777777778 0.05034722222222214 0.06340277777777778
0 0.6239930555555555 0.46805555555555556 0.09333333333333335 0.109513888888889
0 0.5410243055555556 0.5609895833333333 0.06479166666666672 0.07618055555555543
0 0.5158854166666667 0.5724479166666667 0.055034722222222145 0.06350694444444435
0 0.453125 0.5855208333333334 0.04322916666666661 0.047673611111111215
0 0.4297048611111111 0.6810243055555556 0.030104166666666644 0.033368055555555644
0 0.40760416666666666 0.5678472222222222 0.054062500000000034 0.05725694444444436
0 0.4223958333333334 0.5278125 0.0699652777777778 0.07940972222222217
0 0.3878298611111111 0.6048784722222222 0.03805555555555564 0.04444444444444447
0 0.36605902777777777 0.6147048611111111 0.034930555555555555 0.04437499999999996
0 0.5161458333333334 0.31552083333333336 0.1827430555555555 0.24385416666666657
0 0.3441840277777778 0.44001736111111106 0.10791666666666666 0.13319444444444453
0 0.32557291666666666 0.5346354166666666 0.06333333333333328 0.06680555555555542
0 0.29401041666666666 0.6124131944444444 0.044305555555555556 0.04458333333333329
0 0.21175347222222224 0.6056770833333334 0.049270833333333305 0.06649305555555554
0 0.21828124999999998 0.5486979166666666 0.06479166666666669 0.07618055555555543
0 0.16364583333333332 0.5195486111111112 0.07635416666666668 0.09045138888888893
0 0.08085069444444445 0.20812499999999998 0.1617013888888889 0.26305555555555554
0 0.03364583333333333 0.5995138888888889 0.04527777777777777 0.050833333333333286
0 0.01606770833333333 0.6265104166666667 0.03213541666666666 0.04458333333333329
0 0.009765625 0.5871701388888889 0.01953125 0.05409722222222228