0 0.07462384259259258 0.5903993055555555 0.08026620370370371 0.09545138888888882
0 0.13859953703703703 0.6684895833333333 0.08240740740740743 0.10333333333333332
0 0.21189236111111107 0.7054513888888889 0.1298611111111111 0.1552777777777777
0 0.37433449074074077 0.75578125 0.1442708333333334 0.16059027777777768
0 0.29713541666666665 0.6128298611111112 0.10891203703703703 0.12475694444444443
0 0.2359085648148148 0.529375 0.06996527777777786 0.08253472222222218
0 0.25775462962962964 0.43550347222222213 0.05787037037037033 0.06642361111111121
0 0.29965277777777777 0.5047743055555556 0.07465277777777776 0.0827430555555555
0 0.36831597222222223 0.5407465277777778 0.08049768518518512 0.09857638888888882
0 0.5141203703703704 0.678125 0.13512731481481488 0.16329861111111105
0 0.545601851851852 0.5282465277777778 0.09849537037037023 0.11027777777777778
0 0.47641782407407407 0.47814236111111114 0.07476851851851851 0.0843055555555555
0 0.475462962962963 0.438125 0.061574074074074045 0.07437499999999986
0 0.5278645833333334 0.4185069444444444 0.058101851851851904 0.06954861111111117
0 0.6065104166666666 0.4996006944444444 0.09010416666666679 0.10211805555555564
0 0.6343460648148148 0.4412673611111111 0.06695601851851851 0.08395833333333336
0 0.6763310185185185 0.4141319444444445 0.06423611111111108 0.0682638888888889
0 0.6700810185185185 0.3715277777777778 0.05931712962962958 0.06493055555555553
0 0.7155092592592592 0.35081597222222227 0.0543981481481481 0.06159722222222221
0 0.7478877314814815 0.43220486111111106 0.08888888888888893 0.10673611111111114
0 0.8173611111111111 0.5207291666666667 0.12650462962962977 0.1520138888888889
0 0.788599537037037 0.37993055555555555 0.06412037037037024 0.06670138888888885
0 0.8300347222222222 0.3707986111111111 0.07141203703703702 0.08104166666666668
0 0.8486400462962962 0.34184027777777776 0.06255787037037024 0.06663194444444445
0 0.927806712962963 0.35241319444444447 0.05266203703703702 0.0802083333333333