0 0.015723379629629625 0.500625 0.03144675925925925 0.18312500000000007
0 0.04472222222222222 0.5098958333333334 0.08944444444444444 0.19562500000000008
0 0.10728587962962963 0.5448958333333334 0.16600694444444444 0.2203125
0 0.15907407407407406 0.6094270833333333 0.2142939814814815 0.27437499999999987
0 0.27640046296296295 0.55 0.23619212962962965 0.30187500000000006
0 0.40366319444444443 0.6190625000000001 0.304050925925926 0.4015625
0 0.41510995370370374 0.8026562500000001 0.10930555555555554 0.14822916666666677
0 0.5010590277777778 0.77890625 0.14116898148148138 0.18166666666666664
0 0.6994212962962962 0.6249479166666667 0.48506944444444444 0.5946874999999998
0 0.39648148148148143 0.8834895833333334 0.08543981481481477 0.105104166666667
0 0.31278935185185186 0.8954166666666665 0.06843750000000001 0.09208333333333343
0 0.2645543981481481 0.8941666666666667 0.05846064814814813 0.07385416666666664
0 0.23723379629629626 0.8732291666666667 0.05494212962962965 0.0703125
0 0.22409722222222223 0.8250520833333332 0.05494212962962965 0.0703125
0 0.19159722222222222 0.8086458333333333 0.07351851851851854 0.09583333333333348
0 0.1252546296296296 0.7498958333333333 0.07391203703703705 0.0989583333333334
0 0.09984374999999998 0.7747916666666667 0.05650462962962961 0.07052083333333314
0 0.12277777777777779 0.7878645833333333 0.05533564814814814 0.0734375
0 0.06334490740740739 0.7535416666666667 0.05553240740740741 0.075
0 0.043865740740740726 0.7008333333333333 0.06881944444444445 0.08291666666666657
0 0.022025462962962955 0.7510416666666666 0.04405092592592591 0.07895833333333328
0 0.00023437499999999777 0.6883333333333332 0.00046874999999999554 0.09093750000000007