0 0.9482609953703705 0.5950578703703704 0.1034780092592591 0.20175925925925925
0 0.8225347222222222 0.7490914351851852 0.09349537037037052 0.12599537037037029
0 0.7986400462962963 0.8643287037037037 0.06490740740740737 0.08378472222222229
0 0.6924537037037037 0.741712962962963 0.08314814814814823 0.10613425925925916
0 0.686875 0.8311979166666668 0.06342592592592596 0.08516203703703695
0 0.5909548611111111 0.8307754629629629 0.05668981481481481 0.07504629629629633
0 0.5634780092592593 0.7404918981481481 0.07821759259259267 0.1008912037037037
0 0.4994212962962964 0.7936747685185186 0.055046296296296406 0.073298611111111
0 0.40892939814814816 0.7918229166666666 0.05825231481481481 0.07523148148148166
0 0.39497685185185183 0.7046527777777778 0.07212962962962965 0.1032754629629629
0 0.27905092592592595 0.6822337962962963 0.07008101851851851 0.09371527777777774
0 0.4959895833333333 0.6062152777777777 0.1033564814814815 0.13648148148148137
0 0.7071296296296297 0.5851215277777777 0.1183912037037036 0.15689814814814831
0 0.2628298611111111 0.5513136574074073 0.09726851851851848 0.13886574074074076
0 0.16087384259259258 0.5406018518518518 0.2886921296296296 0.5062962962962964