0 0.1265625 0.90703125 0.09921875 0.1703125
0 0.0765625 0.79921875 0.071875 0.125
0 0.09453125 0.4796875 0.0328125 0.06796875
0 0.159375 0.5375 0.034375 0.0625
0 0.22890625 0.4921875 0.0328125 0.06796875
0 0.3 0.5015625 0.03203125 0.0703125
0 0.36640625 0.47734375 0.03203125 0.07265625
0 0.4328125 0.475 0.0359375 0.07265625
0 0.52265625 0.5125 0.02890625 0.06796875
0 0.58984375 0.5109375 0.03046875 0.06015625
0 0.5546875 0.7765625 0.07578125 0.15546875
0 0.5765625 0.66328125 0.03828125 0.06796875
0 0.65859375 0.4984375 0.0328125 0.06015625
0 0.73203125 0.47734375 0.0375 0.07265625
0 0.71484375 0.73046875 0.06328125 0.14765625
0 0.81796875 0.49375 0.0359375 0.08046875
0 0.884375 0.5265625 0.03203125 0.06484375