0 0.6203125 0.3546875 0.02890625 0.0546875
0 0.64375 0.57109375 0.0515625 0.0875
0 0.66484375 0.6265625 0.0640625 0.10390625
0 0.71640625 0.55859375 0.0390625 0.0671875
0 0.7609375 0.5921875 0.04921875 0.08125
0 0.8 0.784375 0.09453125 0.1453125
0 0.83046875 0.6421875 0.05859375 0.09296875
0 0.8140625 0.54765625 0.0421875 0.0703125
0 0.33359375 0.5578125 0.040625 0.06640625
0 0.30390625 0.5984375 0.04296875 0.08828125
0 0.27734375 0.61953125 0.05234375 0.1015625
0 0.1984375 0.5625 0.05234375 0.084375
0 0.246875 0.54140625 0.04765625 0.08671875
0 0.10625 0.6375 0.06640625 0.096875
0 0.0453125 0.5859375 0.0640625 0.07421875
0 0.13125 0.5359375 0.04375 0.0765625
0 0.909375 0.590625 0.0515625 0.0859375
0 0.9125 0.53515625 0.04140625 0.0671875
0 0.96640625 0.740625 0.06640625 0.128125
0 0.978125 0.64609375 0.0421875 0.075
0 0.98203125 0.5734375 0.03515625 0.08125