0 0.046875 0.296875 0.0296875 0.0546875
0 0.02578125 0.33046875 0.03984375 0.06640625
0 0.09375 0.390625 0.05625 0.090625
0 0.15390625 0.34375 0.05234375 0.0875
0 0.20078125 0.30625 0.03828125 0.0609375
0 0.22578125 0.25625 0.028125 0.0515625
0 0.21015625 0.53203125 0.08828125 0.13046875
0 0.14296875 0.77265625 0.12578125 0.16328125
0 0.334375 0.4 0.06015625 0.103125
0 0.5171875 0.5078125 0.08203125 0.1546875
0 0.5203125 0.3921875 0.05625 0.1
0 0.546875 0.33046875 0.04609375 0.07890625
0 0.48828125 0.2984375 0.03203125 0.0578125
0 0.425 0.26640625 0.02578125 0.0484375
0 0.37734375 0.31328125 0.03828125 0.06328125
0 0.3328125 0.31953125 0.0421875 0.07578125
0 0.27578125 0.31953125 0.03984375 0.06328125
0 0.2859375 0.26484375 0.03203125 0.0515625
0 0.3046875 0.23671875 0.0296875 0.0546875
0 0.340625 0.246875 0.0296875 0.0453125
0 0.66328125 0.3125 0.03828125 0.0609375
0 0.71171875 0.3421875 0.03984375 0.07890625
0 0.796875 0.42890625 0.05 0.08203125
0 0.91328125 0.49375 0.078125 0.1453125
0 0.909375 0.37578125 0.05390625 0.06640625
0 0.7671875 0.1625 0.03828125 0.0578125