0 0.8889756944444445 0.7520543981481481 0.0609375 0.1328125
0 0.852488425925926 0.7450520833333334 0.0865162037037038 0.11979166666666678
0 0.7368344907407407 0.7766203703703705 0.10023148148148149 0.14016203703703703
0 0.7562210648148149 0.8505497685185185 0.08090277777777785 0.11284722222222214
0 0.704050925925926 0.9517071759259259 0.08559027777777786 0.0965856481481481
0 0.6232060185185185 0.947974537037037 0.09120370370370381 0.10405092592592595
0 0.6222222222222221 0.7149305555555555 0.09704861111111107 0.1289930555555557
0 0.5260127314814815 0.7877025462962963 0.10173611111111107 0.1296875
0 0.5678819444444445 0.8338252314814815 0.0865162037037038 0.11979166666666678
0 0.4500578703703704 0.9626591435185186 0.09027777777777786 0.07468171296296297
0 0.3627025462962963 0.959201388888889 0.08993055555555554 0.08159722222222214
0 0.23423032407407404 0.9609230324074074 0.09953703703703702 0.07815393518518512
0 0.16553819444444445 0.9400318287037038 0.09461805555555558 0.11993634259259238
0 0.39971064814814816 0.8264756944444445 0.08993055555555562 0.13252314814814808
0 0.4327835648148148 0.5008391203703704 0.12285879629629637 0.15879629629629619
0 0.28683449074074074 0.4512731481481481 0.11643518518518511 0.16701388888888888
0 0.27329282407407407 0.8013599537037038 0.09803240740740744 0.14594907407407404
0 0.12068865740740739 0.7212673611111111 0.09311342592592595 0.14369212962962977
0 0.06941550925925924 0.8302372685185185 0.10740740740740742 0.14733796296296298
0 0.019285300925925918 0.7841435185185185 0.038570601851851835 0.13969907407407406
0 0.0006076388888888839 0.7836226851851852 0.0012152777777777678 0.16064814814814826