0 0.6493923611111111 0.514212962962963 0.1345833333333335 0.19483796296296294
0 0.5669791666666667 0.44326388888888885 0.08868055555555561 0.1297453703703703
0 0.4963020833333333 0.275 0.05961805555555557 0.09788194444444445
0 0.36864583333333334 0.452662037037037 0.09465277777777778 0.12750000000000003
0 0.32807291666666666 0.6574131944444443 0.16927083333333331 0.2552662037037038
0 0.37859374999999995 0.3841435185185185 0.07354166666666666 0.09829861111111118
0 0.24604166666666663 0.425943287037037 0.05920138888888893 0.0931944444444444
0 0.2165798611111111 0.47097800925925926 0.07309027777777777 0.11057870370370378
0 0.17190972222222223 0.409375 0.03850694444444445 0.0686805555555555
0 0.10376736111111111 0.43825231481481486 0.046875 0.07603009259259252
0 0.10140625 0.5342476851851852 0.09732638888888889 0.14021990740740745
0 0.02877604166666666 0.5126388888888889 0.05755208333333332 0.1157060185185184
0 0.04977430555555555 0.4728530092592592 0.04930555555555556 0.06865740740740733
0 0.0020312499999999983 0.49759259259259264 0.004062499999999997 0.07981481481481474
0 0.014687500000000001 0.4610532407407407 0.029375000000000002 0.05552083333333328
0 0.8904340277777777 0.4062268518518518 0.102847222222222 0.15025462962962965
0 0.8524131944444445 0.7124537037037036 0.1682291666666665 0.278263888888889