0 0.12109375 0.575 0.09921875 0.12265625
0 0.19296875 0.52265625 0.071875 0.090625
0 0.2203125 0.63671875 0.08515625 0.11796875
0 0.28671875 0.71328125 0.08203125 0.13671875
0 0.0515625 0.5453125 0.06796875 0.1
0 0.32265625 0.53203125 0.06484375 0.090625
0 0.36484375 0.5703125 0.075 0.1046875
0 0.4453125 0.725 0.10546875 0.17734375
0 0.48671875 0.58203125 0.078125 0.11796875
0 0.71640625 0.75703125 0.10234375 0.159375
0 0.69296875 0.66328125 0.10234375 0.11796875
0 0.87734375 0.634375 0.11640625 0.16796875
0 0.7609375 0.2953125 0.06796875 0.1