0 0.9055729166666666 0.7945023148148149 0.18885416666666685 0.33923611111111107
0 0.97484375 0.6067708333333334 0.05031250000000007 0.19467592592592595
0 0.9523611111111112 0.5670138888888889 0.09527777777777757 0.15671296296296297
0 0.894392361111111 0.5899305555555555 0.16354166666666642 0.2273148148148149
0 0.7667534722222222 0.7563078703703704 0.21954861111111104 0.30949074074074084
0 0.6789583333333333 0.6662037037037037 0.1710416666666667 0.25636574074074064
0 0.58296875 0.662355324074074 0.17392361111111115 0.2557291666666668
0 0.7511805555555556 0.4453993055555555 0.09274305555555565 0.13628472222222218
0 0.6911979166666666 0.3903645833333334 0.10684027777777771 0.159837962962963
0 0.6059895833333334 0.403125 0.08923611111111107 0.12332175925925921
0 0.4774305555555555 0.45818865740740744 0.12295138888888886 0.16759259259259257
0 0.4768229166666667 0.3201388888888889 0.09684027777777775 0.1434606481481481
0 0.28973958333333333 0.2624710648148148 0.09864583333333332 0.1454861111111111
0 0.33696180555555555 0.3025462962962963 0.09333333333333335 0.1304976851851852
0 0.2602951388888889 0.35584490740740743 0.10454861111111118 0.1546875
0 0.2516319444444445 0.7169560185185185 0.2859375 0.4200810185185187
0 0.14715277777777777 0.4333622685185185 0.13211805555555553 0.18819444444444447
0 0.4531423611111111 0.5463831018518519 0.18218750000000003 0.24178240740740725