0 0.23328125000000002 0.5568287037037036 0.15197916666666664 0.18159722222222213
0 0.30932291666666667 0.39175347222222223 0.09593750000000005 0.11776620370370364
0 0.4080729166666667 0.379369212962963 0.12114583333333329 0.1560185185185185
0 0.43671875 0.36860532407407404 0.07447916666666661 0.09357638888888893
0 0.4770833333333333 0.32581018518518523 0.0734375 0.0784143518518519
0 0.5326041666666667 0.337037037037037 0.05541666666666671 0.07274305555555553
0 0.6822395833333333 0.7434027777777777 0.2673958333333335 0.3667824074074074
0 0.589375 0.38671875 0.09000000000000004 0.11238425925925935
0 0.63484375 0.3236689814814815 0.047812500000000036 0.061111111111111074
0 0.69296875 0.38405671296296295 0.06875 0.07771990740740745
0 0.7275 0.3418981481481482 0.06104166666666657 0.08258101851851851
0 0.7659895833333333 0.33709490740740744 0.05020833333333332 0.06446759259259256
0 0.8884375 0.46704282407407405 0.09812499999999993 0.1090856481481481
0 0.79015625 0.4952546296296296 0.12166666666666667 0.14108796296296297
0 0.9065625 0.4111979166666666 0.08875000000000029 0.10769675925925921
0 0.9324479166666666 0.4210358796296297 0.050729166666666714 0.07204861111111108
0 0.9139062499999999 0.3515046296296297 0.0640625 0.07702546296296298