0 0.880720486111111 0.29986689814814815 0.2385590277777779 0.340462962962963
0 0.565144675925926 0.3774826388888889 0.32204861111111105 0.4266319444444444
0 0.15998842592592594 0.5477141203703704 0.22553240740740738 0.3826967592592592
0 0.2520717592592593 0.5310416666666666 0.18753472222222226 0.26464120370370364
0 0.5390104166666667 0.5281944444444444 0.21469907407407404 0.2844212962962963
0 0.45821759259259254 0.7162326388888889 0.13944444444444454 0.2133912037037037
0 0.5953877314814815 0.6616435185185185 0.14370370370370367 0.1737384259259258
0 0.37061921296296296 0.8313715277777778 0.11614583333333331 0.1508333333333333
0 0.27526620370370375 0.7969386574074073 0.14548611111111107 0.200138888888889
0 0.17572337962962964 0.7732291666666666 0.10738425925925928 0.17922453703703703
0 0.8645486111111111 0.549045138888889 0.12806712962962977 0.15978009259259274
0 0.8255208333333334 0.3773900462962963 0.1808796296296297 0.24853009259259257
0 0.9490075231481481 0.47100115740740744 0.10198495370370395 0.15180555555555558