0 0.005842013888888886 0.4844212962962963 0.011684027777777772 0.09498842592592602
0 0.048289930555555555 0.4946122685185186 0.09657986111111111 0.1596643518518519
0 0.17413194444444446 0.48979166666666674 0.09138888888888888 0.1016319444444445
0 0.21602430555555557 0.49902777777777774 0.0854166666666667 0.10240740740740754
0 0.13682291666666666 0.7297280092592593 0.23937499999999998 0.26385416666666667
0 0.2188194444444444 0.6078935185185186 0.18305555555555555 0.204826388888889
0 0.29463541666666665 0.5380092592592594 0.1172569444444445 0.13543981481481496
0 0.34012152777777777 0.5742881944444445 0.11173611111111112 0.13016203703703705
0 0.41480902777777773 0.5580092592592593 0.12517361111111108 0.1456018518518519
0 0.4728993055555556 0.37732060185185184 0.06847222222222235 0.07583333333333328
0 0.593923611111111 0.7577083333333333 0.2335763888888888 0.257013888888889
0 0.7381597222222223 0.650949074074074 0.1804861111111112 0.20755787037037035
0 0.7454861111111111 0.5324074074074073 0.08006944444444457 0.08951388888888889
0 0.5892534722222222 0.6422048611111111 0.1223958333333334 0.1299768518518519
0 0.5436979166666667 0.6235011574074074 0.10649305555555558 0.12644675925925916
0 0.6228645833333333 0.55625 0.10069444444444446 0.11960648148148145
0 0.5442708333333334 0.5386516203703703 0.06618055555555565 0.0801273148148148
0 0.6868576388888888 0.5657581018518518 0.0827430555555555 0.09596064814814831
0 0.5734722222222223 0.5548321759259259 0.07159722222222235 0.07622685185185177