0 0.9875868055555556 0.7197974537037037 0.02482638888888893 0.13864583333333336
0 0.9737268518518519 0.6357002314814815 0.05254629629629619 0.11849537037037035
0 0.9278935185185185 0.5472280092592593 0.06400462962962976 0.08248842592592602
0 0.897193287037037 0.5199131944444444 0.04560185185185191 0.061076388888889
0 0.8533564814814815 0.5375752314814815 0.06961805555555571 0.08953703703703689
0 0.8525752314814815 0.47575810185185186 0.03952546296296298 0.05090277777777778
0 0.8144097222222222 0.47001736111111103 0.04942129629629628 0.0662962962962963
0 0.7892361111111111 0.433744212962963 0.04646990740740744 0.05665509259259256
0 0.6390335648148149 0.24747106481481485 0.16880787037037023 0.24503472222222217
0 0.5879050925925926 0.35984375 0.06001157407407405 0.08637731481481481
0 0.5628182870370371 0.4012615740740741 0.07905092592592596 0.10180555555555557
0 0.5389756944444445 0.4870601851851852 0.1311921296296296 0.17618055555555562
0 0.5619502314814815 0.3234375 0.04450231481481488 0.06393518518518518
0 0.5091724537037037 0.3578530092592593 0.06603009259259256 0.08587962962962958
0 0.4995081018518519 0.30289930555555555 0.046469907407407265 0.05665509259259256
0 0.46808449074074077 0.3272453703703704 0.046527777777777855 0.06732638888888882
0 0.43975694444444446 0.32622685185185185 0.05642361111111107 0.08271990740740742
0 0.40625 0.3159490740740741 0.07644675925925934 0.11506944444444445
0 0.351880787037037 0.38588541666666665 0.12129629629629637 0.160787037037037
0 0.34956597222222224 0.6992418981481482 0.2133101851851853 0.30896990740740726
0 0.32222222222222224 0.2422337962962963 0.04375 0.04857638888888891
0 0.26316550925925924 0.2085648148148148 0.03819444444444446 0.05219907407407407
0 0.2422164351851852 0.23164930555555557 0.04699074074074065 0.07045138888888891
0 0.20384837962962962 0.18855902777777778 0.04629629629629628 0.06576388888888891
0 0.12242476851851851 0.1838252314814815 0.06851851851851852 0.09239583333333332
0 0.08781828703703703 0.1352835648148148 0.03327546296296295 0.049837962962962966