0 0.018090277777777775 0.46791666666666665 0.03618055555555555 0.0879513888888889
0 0.029947916666666664 0.5070138888888889 0.05989583333333333 0.08520833333333329
0 0.07574652777777777 0.4497569444444444 0.06635416666666667 0.07899305555555554
0 0.08576388888888889 0.4897048611111111 0.061111111111111116 0.07472222222222218
0 0.1531597222222222 0.48661458333333335 0.0714236111111111 0.0906944444444445
0 0.18965277777777775 0.4922743055555555 0.06819444444444445 0.08093749999999993
0 0.25697916666666665 0.47123263888888883 0.06267361111111107 0.07510416666666657
0 0.28296875000000005 0.49470486111111106 0.05642361111111107 0.073576388888889
0 0.32631944444444444 0.38383680555555555 0.0916666666666666 0.11208333333333335
0 0.3709548611111111 0.34828125 0.09361111111111117 0.12302083333333336
0 0.39588541666666666 0.37312500000000004 0.08017361111111114 0.10628472222222225
0 0.3441666666666666 0.4852083333333333 0.06378472222222217 0.08135416666666657
0 0.3277951388888889 0.49017361111111113 0.05430555555555561 0.07006944444444443
0 0.3167361111111111 0.4377430555555556 0.05430555555555561 0.07006944444444443
0 0.39899305555555553 0.49779513888888893 0.05826388888888889 0.0755208333333334
0 0.47807291666666674 0.45190972222222225 0.0625 0.08253472222222218
0 0.46130208333333333 0.3719965277777778 0.08090277777777785 0.10197916666666665
0 0.4914583333333333 0.3353472222222222 0.09663194444444442 0.11479166666666671
0 0.5300694444444445 0.37494791666666666 0.10555555555555554 0.12295138888888894
0 0.5151215277777779 0.45444444444444443 0.0625 0.08253472222222218
0 0.5037499999999999 0.5046527777777777 0.04427083333333322 0.055659722222222284
0 0.5419618055555555 0.4960590277777778 0.04878472222222232 0.06423611111111108
0 0.5750694444444445 0.4886631944444444 0.04454861111111121 0.057222222222222285
0 0.5979166666666667 0.4151736111111111 0.07979166666666657 0.09572916666666664
0 0.7952604166666667 0.3827083333333333 0.065625 0.08329861111111106
0 0.776875 0.41734375 0.05753472222222218 0.07982638888888896
0 0.814236111111111 0.4272916666666666 0.07215277777777791 0.08638888888888889
0 0.8525520833333333 0.40894097222222225 0.0640625 0.08291666666666675