0 0.45840856481481485 0.6968460648148149 0.04777777777777779 0.06892361111111107
0 0.35737847222222224 0.1894675925925926 0.2113310185185185 0.2729050925925926
0 0.26506944444444447 0.21815972222222219 0.1321412037037037 0.1877199074074074
0 0.15627893518518518 0.18637731481481482 0.11612268518518518 0.15849537037037037
0 0.11414351851851852 0.23530671296296296 0.06356481481481482 0.08252314814814818
0 0.08982638888888889 0.2771412037037037 0.06202546296296296 0.08381944444444445
0 0.13620949074074074 0.30452546296296296 0.06356481481481482 0.08252314814814818
0 0.2233622685185185 0.2959953703703704 0.08748842592592591 0.11932870370370363
0 0.214994212962963 0.36236689814814815 0.07464120370370375 0.09376157407407408
0 0.2787152777777778 0.4028356481481481 0.06988425925925927 0.088275462962963
0 0.3877604166666667 0.45180555555555557 0.07468749999999993 0.09688657407407408
0 0.37034722222222227 0.3810416666666666 0.07781249999999992 0.09741898148148147
0 0.45876736111111105 0.4054571759259259 0.10488425925925923 0.13631944444444438
0 0.4600057870370371 0.4890509259259259 0.07149305555555543 0.0916666666666666
0 0.4330208333333333 0.5086111111111111 0.05719907407407412 0.07364583333333333
0 0.3550983796296296 0.4563715277777778 0.04924768518518512 0.06293981481481481
0 0.6524421296296297 0.38078703703703703 0.17635416666666667 0.22642361111111117
0 0.6462037037037037 0.4857060185185185 0.10320601851851859 0.12824074074074082
0 0.8410590277777779 0.6459259259259259 0.10803240740740741 0.1384143518518517
0 0.9112615740740739 0.7030844907407408 0.1269907407407409 0.1556712962962962
0 0.921417824074074 0.810017361111111 0.05241898148148181 0.0665972222222222
0 0.8734490740740739 0.7808043981481482 0.04600694444444429 0.05459490740740751
0 0.886394675925926 0.7604108796296296 0.058645833333333286 0.06609953703703689
0 0.8452951388888887 0.7214583333333333 0.05878472222222229 0.07547453703703688
0 0.8406481481481481 0.7759953703703703 0.05094907407407412 0.07258101851851854
0 0.8151388888888889 0.7373611111111111 0.04138888888888879 0.0584837962962963
0 0.7713194444444444 0.7252199074074074 0.04134259259259263 0.055358796296296295
0 0.7515335648148149 0.7047048611111111 0.04138888888888879 0.0584837962962963
0 0.726724537037037 0.6607349537037037 0.06039351851851862 0.07886574074074079
0 0.6950405092592593 0.6787152777777777 0.04770833333333328 0.06423611111111108
0 0.7171354166666666 0.6972858796296297 0.0381712962962963 0.051701388888889
0 0.6373148148148149 0.6221238425925926 0.05409722222222228 0.07467592592592602
0 0.5746180555555556 0.5981944444444445 0.055636574074074116 0.07337962962962977
0 0.5738483796296296 0.4936400462962963 0.09541666666666657 0.12847222222222215
0 0.5405555555555555 0.5082291666666666 0.07781249999999992 0.09741898148148138
0 0.7109606481481482 0.5434953703703703 0.12113425925925939 0.18116898148148158