0 0.7392766203703702 0.25928819444444445 0.17726851851851855 0.18026620370370366
0 0.6599363425925926 0.38472222222222224 0.12795138888888893 0.12447916666666661
0 0.5906655092592592 0.45121527777777776 0.1056712962962962 0.11516203703703702
0 0.5624247685185184 0.5127893518518519 0.0841435185185185 0.09056712962962976
0 0.7179571759259259 0.4892939814814815 0.08766203703703698 0.09236111111111107
0 0.6774652777777778 0.5205150462962963 0.06457175925925931 0.06765046296296298
0 0.6494849537037037 0.5462962962962963 0.07160879629629627 0.07123842592592596
0 0.6080324074074074 0.5686921296296296 0.06261574074074083 0.06597222222222214
0 0.5732349537037036 0.5836226851851851 0.053611111111111144 0.05457175925925917
0 0.49029513888888887 0.5400752314814815 0.08062499999999986 0.0887731481481481
0 0.7869849537037037 0.5564814814814815 0.052430555555555536 0.04988425925925917
0 0.863431712962963 0.5183738425925926 0.063784722222222 0.06452546296296298
0 0.7044791666666667 0.5965277777777779 0.04969907407407419 0.05121527777777786
0 0.730306712962963 0.572974537037037 0.03835648148148145 0.042708333333333216
0 0.7521875 0.571412037037037 0.041874999999999926 0.04450231481481488
0 0.5446585648148148 0.6149305555555555 0.03678240740740737 0.03645833333333322
0 0.5231481481481481 0.627662037037037 0.03717592592592602 0.03802083333333321
0 0.47845486111111113 0.6060474537037036 0.04969907407407419 0.05121527777777786
0 0.5034837962962962 0.5919849537037037 0.0438194444444445 0.04004629629629637
0 0.31544560185185183 0.659230324074074 0.04540509259259258 0.052430555555555536
0 0.29413194444444446 0.6711805555555556 0.0422685185185185 0.04606481481481488
0 0.27348379629629627 0.6394097222222221 0.05009259259259258 0.052777777777777854
0 0.23893518518518517 0.6249131944444445 0.0528356481481481 0.05758101851851851
0 0.2093634259259259 0.6664930555555555 0.04734953703703706 0.047974537037037024
0 0.2216493055555555 0.6777488425925926 0.02778935185185185 0.03119212962962976
0 0.23179398148148148 0.684866898148148 0.03991898148148145 0.04282407407407405
0 0.1546238425925926 0.5836516203703704 0.09119212962962964 0.10028935185185191
0 0.13302662037037036 0.5366898148148148 0.11192129629629628 0.115625
0 0.15935185185185183 0.6691550925925925 0.05166666666666666 0.05902777777777786
0 0.1339988425925926 0.6465856481481482 0.06144675925925926 0.06741898148148148
0 0.09122106481481479 0.645804398148148 0.07592592592592592 0.08229166666666679
0 0.03990451388888888 0.6233217592592593 0.07980902777777776 0.08946759259259256
0 0.005830439814814803 0.6117476851851852 0.011660879629629606 0.09438657407407405