0 0.9901331018518519 0.2169560185185185 0.0053819444444442865 0.023611111111111072
0 0.9820196759259259 0.22740162037037037 0.02105324074074062 0.02575231481481479
0 0.954369212962963 0.26510416666666664 0.037696759259259235 0.06070601851851851
0 0.9374652777777779 0.22983217592592592 0.027719907407407617 0.04004629629629628
0 0.9764178240740741 0.20575810185185187 0.021145833333333287 0.028877314814814793
0 0.9894733796296297 0.18654513888888888 0.008645833333333287 0.028414351851851816
0 0.9470081018518519 0.1974826388888889 0.01949074074074062 0.025694444444444464
0 0.9225810185185186 0.20541087962962962 0.02261574074074062 0.025810185185185207
0 0.9373842592592592 0.1798900462962963 0.01935185185185162 0.021006944444444463
0 0.9069733796296298 0.23174189814814813 0.030798611111111283 0.03859953703703702
0 0.8991261574074073 0.28587962962962965 0.053460648148148236 0.06597222222222224
0 0.8549652777777779 0.27502893518518523 0.05061342592592588 0.07523148148148148
0 0.8336631944444445 0.28284143518518523 0.037696759259259235 0.06070601851851851
0 0.8175810185185185 0.27251157407407406 0.04417824074074091 0.06875
0 0.7880960648148149 0.29311342592592593 0.05870370370370352 0.08489583333333339
0 0.7158101851851851 0.2833043981481481 0.06509259259259252 0.08981481481481479
0 0.6581770833333334 0.30572916666666666 0.07185185185185183 0.10723379629629629
0 0.5527777777777778 0.3072916666666667 0.08959490740740747 0.1266203703703704
0 0.5104918981481481 0.23315972222222223 0.05543981481481488 0.08009259259259256
0 0.5458622685185185 0.19829282407407406 0.04243055555555557 0.062442129629629625
0 0.5865104166666667 0.19600694444444447 0.03457175925925924 0.06059027777777777
0 0.6312673611111111 0.21307870370370371 0.05203703703703706 0.07060185185185189
0 0.6489351851851852 0.22256944444444446 0.04569444444444457 0.0672453703703704
0 0.6915625000000001 0.20616319444444448 0.03443287037037024 0.055902777777777767
0 0.7227199074074073 0.20813078703703702 0.029328703703703597 0.0416666666666667
0 0.7486805555555556 0.22745949074074073 0.04243055555555557 0.062442129629629584
0 0.7344907407407407 0.17960069444444443 0.024409722222222284 0.03368055555555558
0 0.7075405092592593 0.16733217592592592 0.025833333333333285 0.029050925925925952
0 0.754068287037037 0.1773148148148148 0.01949074074074062 0.025694444444444464
0 0.767349537037037 0.17682291666666666 0.01967592592592595 0.03194444444444446
0 0.7919097222222222 0.19074074074074074 0.025833333333333285 0.029050925925925952
0 0.8002314814814815 0.17326388888888888 0.02261574074074062 0.025810185185185207
0 0.8144965277777778 0.19224537037037037 0.026111111111111286 0.038425925925925954
0 0.8206481481481482 0.22167245370370373 0.026018518518518618 0.03530092592592595
0 0.87765625 0.22034143518518517 0.026250000000000284 0.04311342592592595
0 0.8463599537037038 0.22306134259259255 0.024409722222222284 0.03368055555555553
0 0.8421585648148149 0.2068287037037037 0.02744212962962962 0.03067129629629628
0 0.848576388888889 0.1745949074074074 0.024409722222222284 0.03368055555555553
0 0.8634606481481482 0.1990162037037037 0.02431712962962962 0.03055555555555558
0 0.8997164351851851 0.21328125 0.02445601851851862 0.035243055555555534
0 0.9026851851851851 0.19210069444444444 0.02431712962962962 0.03055555555555558
0 0.8992881944444445 0.17505787037037038 0.02417824074074062 0.025868055555555537
0 0.7928877314814814 0.1313946759259259 0.026018518518518618 0.03530092592592595
0 0.7733159722222223 0.10714699074074074 0.02587962962962962 0.03061342592592594
0 0.7268287037037038 0.12213541666666665 0.02758101851851862 0.03535879629629628
0 0.6719270833333333 0.15772569444444445 0.01967592592592595 0.03194444444444442
0 0.6628761574074075 0.14713541666666666 0.02289351851851862 0.03518518518518521
0 0.6769212962962963 0.12086226851851851 0.019583333333333286 0.028819444444444463
0 0.6646527777777778 0.11351273148148149 0.02445601851851862 0.03524305555555555
0 0.6385532407407408 0.09887152777777777 0.026111111111111106 0.03842592592592593
0 0.6194097222222222 0.11284722222222224 0.02119212962962962 0.0304398148148148
0 0.5967766203703704 0.1129050925925926 0.024409722222222284 0.03368055555555555
0 0.5678761574074074 0.08744212962962963 0.024548611111111108 0.03836805555555554
0 0.3741550925925926 0.3833622685185185 0.09938657407407403 0.14103009259259255
0 0.24280092592592592 0.3390625 0.11234953703703701 0.15711805555555552
0 0.16242476851851853 0.33891782407407406 0.10399305555555557 0.1911458333333334
0 0.09061342592592593 0.3433159722222222 0.18122685185185186 0.2770833333333334
0 0.18866319444444443 0.24351851851851852 0.07341435185185183 0.1072916666666667
0 0.2687210648148148 0.22806712962962963 0.06849537037037035 0.09930555555555554
0 0.37407407407407406 0.22806712962962963 0.0633912037037037 0.08506944444444446
0 0.4494618055555556 0.23854166666666665 0.060266203703703704 0.08495370370370373
0 0.44766203703703705 0.1675925925925926 0.0471643518518519 0.06417824074074074
0 0.4751388888888889 0.18842592592592594 0.04215277777777775 0.05306712962962963
0 0.5003935185185184 0.17890625 0.027858796296296263 0.04473379629629628
0 0.528431712962963 0.1544560185185185 0.02615740740740744 0.039988425925925955
0 0.5146238425925926 0.14638310185185185 0.02289351851851844 0.03518518518518521
0 0.5385069444444445 0.10413773148148149 0.017974537037036952 0.02719907407407406
0 0.5081076388888889 0.1029224537037037 0.021331018518518617 0.03512731481481483
0 0.49069444444444443 0.08483796296296296 0.02119212962962962 0.030439814814814815
0 0.4812615740740741 0.13981481481481478 0.02771990740740744 0.04004629629629628
0 0.49357638888888894 0.14560185185185187 0.024409722222222284 0.03368055555555553
0 0.465625 0.08810763888888888 0.027858796296296263 0.04473379629629628
0 0.4513136574074075 0.0706886574074074 0.01792824074074062 0.02563657407407407
0 0.4589525462962962 0.023582175925925923 0.01792824074074062 0.02563657407407407
0 0.42844907407407407 0.07855902777777778 0.02615740740740744 0.03998842592592593
0 0.43866898148148153 0.10237268518518519 0.021145833333333287 0.028877314814814793
0 0.4029745370370371 0.14817708333333332 0.04385416666666662 0.0578125
0 0.3746585648148148 0.18200231481481483 0.048680555555555574 0.06267361111111111
0 0.33111689814814815 0.1765914351851852 0.055347222222222214 0.0769675925925926
0 0.35658564814814814 0.13350694444444444 0.040729166666666664 0.05769675925925925
0 0.40418402777777773 0.08101851851851852 0.02795138888888893 0.0478587962962963
0 0.3563715277777778 0.06171875 0.02771990740740744 0.04004629629629629
0 0.38622685185185185 0.02861689814814815 0.01806712962962962 0.03032407407407407
0 0.31439236111111113 0.05625 0.031030092592592595 0.04641203703703703
0 0.3558969907407407 0.025057870370370373 0.017835648148148132 0.022511574074074073
0 0.3436747685185185 0.01614583333333333 0.017928240740740797 0.025636574074074082
0 0.31892939814814814 0.01183449074074074 0.01962962962962962 0.02366898148148148
0 0.3323032407407408 0.11021412037037037 0.03443287037037042 0.055902777777777767
0 0.30580439814814814 0.13538773148148148 0.03438657407407408 0.054340277777777765
0 0.25973379629629634 0.1363136574074074 0.048958333333333395 0.07204861111111108
0 0.23511574074074076 0.17702546296296298 0.05065972222222222 0.07679398148148149
0 0.15885416666666666 0.1697048611111111 0.042708333333333307 0.07181712962962958
0 0.1262326388888889 0.13813657407407406 0.06238425925925926 0.10376157407407409
0 0.18559027777777778 0.11018518518518519 0.05052083333333335 0.0721064814814815
0 0.21042824074074074 0.11472800925925926 0.03282407407407408 0.0542824074074074
0 0.2285011574074074 0.05787037037037037 0.040729166666666664 0.05769675925925925
0 0.25865162037037037 0.04114583333333333 0.02942129629629626 0.04479166666666666
0 0.26797453703703705 0.06889467592592592 0.021284722222222198 0.03356481481481481
0 0.3011863425925926 0.02786458333333333 0.021284722222222285 0.03356481481481481
0 0.2823726851851852 0.009780092592592592 0.01962962962962962 0.019560185185185184
0 0.19707175925925927 0.038744212962962966 0.01792824074074075 0.02563657407407407
0 0.17918981481481483 0.06281828703703704 0.024548611111111108 0.03836805555555556
0 0.15968749999999998 0.03622685185185186 0.03273148148148151 0.05115740740740741
0 0.1799074074074074 0.038599537037037036 0.01641203703703704 0.0271412037037037
0 0.11440972222222223 0.08940972222222224 0.035625000000000004 0.04346064814814814
0 0.09000578703703703 0.09655671296296296 0.03287037037037037 0.05584490740740742
0 0.04928819444444445 0.1011863425925926 0.029513888888888885 0.047916666666666684
0 0.05479166666666667 0.047135416666666666 0.026388888888888885 0.04780092592592593
0 0.08597800925925927 0.021788194444444443 0.023032407407407397 0.039872685185185185
0 0.09272569444444445 0.057436342592592594 0.026111111111111106 0.03842592592592593
0 0.10530092592592592 0.028096064814814813 0.02119212962962962 0.030439814814814815
0 0.11839699074074073 0.033854166666666664 0.01636574074074071 0.025578703703703697
0 0.12232060185185185 0.05946180555555556 0.02597222222222224 0.03373842592592593
0 0.13896412037037037 0.02450810185185185 0.01967592592592595 0.03194444444444445