0 0.10546875 0.57734375 0.08125 0.15859375
0 0.059375 0.525 0.0484375 0.10546875
0 0.06484375 0.44453125 0.03671875 0.0671875
0 0.16953125 0.38828125 0.02421875 0.04375
0 0.19921875 0.38984375 0.028125 0.05859375
0 0.240625 0.39453125 0.03359375 0.0671875
0 0.2765625 0.36796875 0.02421875 0.04375
0 0.31875 0.434375 0.04453125 0.08828125
0 0.33046875 0.36953125 0.028125 0.05859375
0 0.37890625 0.3328125 0.02421875 0.04375
0 0.39453125 0.3765625 0.03359375 0.0671875
0 0.43359375 0.3390625 0.021875 0.04375
0 0.46015625 0.32734375 0.0203125 0.03828125
0 0.48203125 0.49375 0.071875 0.1203125
0 0.50390625 0.3859375 0.03671875 0.0734375
0 0.52109375 0.35078125 0.03125 0.06171875
0 0.603125 0.34140625 0.02421875 0.06171875
0 0.61875 0.3765625 0.03359375 0.0671875
0 0.6484375 0.44140625 0.0484375 0.096875
0 0.6890625 0.3625 0.02578125 0.05
0 0.74140625 0.3859375 0.04609375 0.0734375
0 0.7890625 0.3859375 0.0296875 0.05546875
0 0.71875 0.58359375 0.0890625 0.18203125
0 0.846875 0.503125 0.0609375 0.1203125
0 0.88671875 0.44296875 0.03671875 0.0765625
0 0.9296875 0.409375 0.0296875 0.06171875