0 0.05625 0.0734375 0.04453125 0.05390625
0 0.11328125 0.0859375 0.0421875 0.06953125
0 0.1390625 0.08671875 0.0421875 0.059375
0 0.1765625 0.0890625 0.04453125 0.0703125
0 0.26171875 0.20234375 0.0640625 0.08203125
0 0.36640625 0.059375 0.0421875 0.075
0 0.4421875 0.13203125 0.15625 0.2640625
0 0.51171875 0.17109375 0.05234375 0.1140625
0 0.546875 0.13046875 0.04140625 0.0625
0 0.56484375 0.11171875 0.03671875 0.07265625
0 0.7015625 0.11953125 0.12109375 0.221875
0 0.81484375 0.16640625 0.0765625 0.11328125
0 0.8125 0.078125 0.053125 0.0640625
0 0.8671875 0.2875 0.1546875 0.28359375
0 0.915625 0.10546875 0.05234375 0.07890625
0 0.96015625 0.14765625 0.0703125 0.08671875