0 0.08671875 0.61171875 0.06875 0.09765625
0 0.2234375 0.76015625 0.16328125 0.23515625
0 0.3390625 0.784375 0.0828125 0.1390625
0 0.3046875 0.6640625 0.0640625 0.08984375
0 0.25625 0.63359375 0.08046875 0.096875
0 0.33671875 0.61640625 0.0625 0.08046875
0 0.50390625 0.66015625 0.0703125 0.09921875
0 0.54765625 0.6421875 0.04375 0.0640625
0 0.6984375 0.64765625 0.0546875 0.08046875
0 0.74296875 0.67578125 0.06484375 0.10390625
0 0.9046875 0.684375 0.0796875 0.1171875
0 0.44375 0.4734375 0.0265625 0.04140625