0 0.792795138888889 0.41694444444444445 0.16579861111111108 0.2781018518518518
0 0.5723090277777778 0.6247511574074075 0.24444444444444446 0.2694791666666667
0 0.45017361111111115 0.571244212962963 0.20538194444444446 0.24530092592592592
0 0.33532986111111107 0.5244733796296297 0.16875 0.20569444444444435
0 0.25798611111111114 0.48692129629629627 0.13836805555555556 0.1678472222222222
0 0.3638888888888889 0.3860706018518519 0.11284722222222224 0.13869212962962968
0 0.4060763888888889 0.3544212962962963 0.08767361111111108 0.11109953703703708
0 0.4723090277777778 0.4221990740740741 0.1322916666666666 0.1602777777777778
0 0.5064236111111111 0.2587962962962963 0.09270833333333321 0.1139814814814815
0 0.7230034722222223 0.34211226851851856 0.18559027777777767 0.23533564814814803
0 0.7395833333333334 0.24443287037037037 0.11701388888888893 0.14425925925925928
0 0.722482638888889 0.15989583333333338 0.08472222222222214 0.10440972222222222