0 0.02890625 0.62421875 0.0515625 0.07109375
0 0.04140625 0.7 0.0796875 0.09296875
0 0.10234375 0.6578125 0.0515625 0.0890625
0 0.0625 0.8078125 0.08203125 0.121875
0 0.20390625 0.71796875 0.078125 0.12421875
0 0.24296875 0.796875 0.08984375 0.121875
0 0.24921875 0.65 0.06171875 0.09140625
0 0.32421875 0.85859375 0.1046875 0.14921875
0 0.3734375 0.6640625 0.0703125 0.10234375
0 0.47421875 0.74765625 0.08828125 0.14453125
0 0.54296875 0.68125 0.06015625 0.0953125
0 0.6265625 0.83203125 0.11640625 0.1796875
0 0.690625 0.6734375 0.06171875 0.10234375
0 0.86328125 0.4796875 0.05 0.06640625
0 0.803125 0.85 0.10703125 0.1625
0 0.9421875 0.8421875 0.11171875 0.2359375
0 0.871875 0.70234375 0.0765625 0.1203125