0 0.0703125 0.50625 0.06875 0.1078125
0 0.0765625 0.375 0.0375 0.053125
0 0.1203125 0.38359375 0.0375 0.05703125
0 0.159375 0.3921875 0.03125 0.04296875
0 0.16484375 0.35078125 0.0265625 0.040625
0 0.19921875 0.36953125 0.0265625 0.03671875
0 0.22109375 0.4140625 0.0421875 0.05703125
0 0.1984375 0.48203125 0.05625 0.07109375
0 0.18984375 0.65078125 0.0984375 0.15
0 0.27734375 0.53515625 0.065625 0.11796875
0 0.32109375 0.4953125 0.046875 0.08515625
0 0.2984375 0.42890625 0.0296875 0.046875
0 0.325 0.40546875 0.0265625 0.04453125
0 0.31484375 0.3734375 0.021875 0.040625
0 0.2796875 0.31953125 0.0203125 0.034375
0 0.2484375 0.32265625 0.021875 0.040625
0 0.3734375 0.41796875 0.0234375 0.03671875
0 0.37734375 0.49296875 0.034375 0.06484375
0 0.40625 0.45859375 0.0265625 0.03671875
0 0.4125 0.415625 0.0234375 0.03671875
0 0.45234375 0.45546875 0.028125 0.046875
0 0.46328125 0.41484375 0.021875 0.03828125
0 0.47578125 0.37421875 0.01875 0.034375
0 0.50234375 0.4015625 0.025 0.04453125
0 0.43828125 0.54296875 0.0625 0.1078125
0 0.5109375 0.61953125 0.0859375 0.1484375
0 0.484375 0.50234375 0.0484375 0.0875
0 0.5203125 0.48671875 0.0453125 0.07265625
0 0.55625 0.3984375 0.0265625 0.05078125
0 0.5859375 0.3984375 0.0234375 0.03828125
0 0.628125 0.46640625 0.0265625 0.040625
0 0.6296875 0.4125 0.0203125 0.034375
0 0.6484375 0.3921875 0.0234375 0.04296875
0 0.678125 0.41484375 0.0203125 0.03828125
0 0.6640625 0.475 0.0265625 0.04453125
0 0.68671875 0.4765625 0.025 0.0484375
0 0.7015625 0.44140625 0.0234375 0.04296875
0 0.7109375 0.41484375 0.0203125 0.03828125
0 0.69765625 0.375 0.021875 0.0328125
0 0.74609375 0.421875 0.028125 0.040625
0 0.7515625 0.4625 0.025 0.040625
0 0.72265625 0.490625 0.0375 0.06875
0 0.78125 0.509375 0.040625 0.07265625
0 0.83203125 0.5109375 0.0484375 0.09296875
0 0.8890625 0.584375 0.06875 0.11328125
0 0.865625 0.49296875 0.03125 0.05703125
0 0.903125 0.49375 0.03125 0.05859375
0 0.95390625 0.51015625 0.0546875 0.0953125
0 0.92890625 0.4015625 0.0296875 0.0484375
0 0.8578125 0.42734375 0.03125 0.046875
0 0.8015625 0.396875 0.025 0.03828125