0 0.01064525462962963 0.5692997685185185 0.02129050925925926 0.1003703703703703
0 0.1624247685185185 0.586579861111111 0.08961805555555555 0.12496527777777774
0 0.11319444444444444 0.6564814814814814 0.08186342592592592 0.10762731481481484
0 0.08048032407407409 0.6964293981481482 0.05914351851851851 0.07706018518518523
0 0.12163194444444445 0.7020949074074074 0.05743055555555556 0.0750694444444445
0 0.17733217592592593 0.7815104166666667 0.05103009259259261 0.0717939814814816
0 0.216875 0.7955555555555556 0.05788194444444448 0.0797569444444445
0 0.25006365740740744 0.800642361111111 0.07032407407407408 0.09837962962962968
0 0.2563078703703704 0.8440509259259258 0.04775462962962962 0.06937500000000014
0 0.30046875 0.8184664351851852 0.068912037037037 0.09951388888888886
0 0.35632523148148143 0.8546238425925926 0.18079861111111112 0.2503587962962964
0 0.4109895833333333 0.9281423611111113 0.07486111111111104 0.09810185185185176
0 0.3754224537037037 0.9560821759259259 0.03456018518518515 0.04293981481481453
0 0.4137789351851852 0.9657928240740741 0.043877314814814786 0.06070601851851833
0 0.4923553240740741 0.9702864583333334 0.0674074074074074 0.05942708333333328
0 0.6008969907407408 0.9320572916666666 0.1269444444444444 0.1358854166666667
0 0.7601331018518518 0.9615972222222222 0.15188657407407397 0.07680555555555557