0 0.08203125 0.33125 0.02578125 0.0484375
0 0.109375 0.39453125 0.05234375 0.1
0 0.178125 0.3453125 0.0265625 0.04296875
0 0.20234375 0.34296875 0.01796875 0.04296875
0 0.22578125 0.3890625 0.028125 0.05703125
0 0.24296875 0.359375 0.01953125 0.04375
0 0.28125 0.3609375 0.021875 0.05
0 0.321875 0.365625 0.0265625 0.05078125
0 0.38125 0.384375 0.0234375 0.0453125
0 0.39296875 0.3140625 0.01953125 0.04375
0 0.2984375 0.4515625 0.05390625 0.10078125
0 0.5328125 0.609375 0.09375 0.19453125
0 0.52265625 0.4625 0.040625 0.0875
0 0.5828125 0.47109375 0.0359375 0.078125
0 0.66953125 0.4 0.021875 0.04296875
0 0.79296875 0.6 0.06328125 0.12578125
0 0.8578125 0.49921875 0.03125 0.065625
0 0.96328125 0.5203125 0.03515625 0.07578125