0 0.9771875 0.6016319444444445 0.04562500000000007 0.2525810185185186
0 0.8864583333333333 0.4615682870370371 0.11857638888888893 0.17028935185185184
0 0.7751388888888889 0.5498321759259259 0.12402777777777789 0.19253472222222215
0 0.6591493055555556 0.543130787037037 0.09159722222222229 0.1279745370370371
0 0.6278472222222222 0.7654918981481481 0.14951388888888886 0.21803240740740754
0 0.5656423611111111 0.6491550925925926 0.11635416666666672 0.15778935185185183
0 0.4739409722222222 0.6554224537037037 0.07163194444444443 0.10827546296296298
0 0.46295138888888887 0.8363310185185184 0.18902777777777774 0.22141203703703702
0 0.35223958333333333 0.7494039351851851 0.1000694444444445 0.1419560185185187
0 0.2699826388888889 0.7355208333333334 0.10059027777777771 0.11962962962962961
0 0.28817708333333336 0.8745023148148148 0.15309027777777776 0.21289351851851848
0 0.2963368055555556 0.6730960648148148 0.06645833333333329 0.08759259259259267
0 0.3750868055555555 0.676412037037037 0.0843055555555555 0.1037962962962963
0 0.36930555555555555 0.6118344907407407 0.06177083333333329 0.08648148148148156
0 0.45472222222222225 0.725925925925926 0.12003472222222218 0.16165509259259245
0 0.45812500000000006 0.6168344907407407 0.07777777777777786 0.10075231481481488
0 0.5872916666666667 0.4640914351851852 0.05302083333333343 0.07093749999999996
0 0.6244097222222222 0.44389467592592596 0.05642361111111107 0.07324074074074076
0 0.5850868055555555 0.35551504629629627 0.03802083333333321 0.05391203703703704
0 0.6691840277777777 0.4072280092592592 0.046666666666666676 0.06045138888888886
0 0.6890798611111111 0.4367071759259259 0.044930555555555605 0.06752314814814823
0 0.6940277777777778 0.3866840277777778 0.0406944444444445 0.060532407407407354
0 0.7263715277777777 0.40832754629629625 0.05302083333333343 0.0709375000000001
0 0.7730555555555556 0.3915625 0.05034722222222214 0.06431712962962957
0 0.7475520833333333 0.3625983796296296 0.04427083333333339 0.05539351851851855
0 0.7744618055555555 0.3399363425925926 0.052569444444444356 0.07681712962962965
0 0.8044270833333332 0.33446180555555555 0.053020833333333336 0.07093749999999996
0 0.8394444444444444 0.32534722222222223 0.0406944444444445 0.06053240740740744
0 0.8200520833333333 0.2941203703703704 0.03618055555555557 0.051979166666666646
0 0.8890104166666667 0.26067708333333334 0.0422569444444445 0.06090277777777784
0 0.8709722222222223 0.24622685185185186 0.033506944444444284 0.045358796296296335
0 0.8993229166666665 0.16297453703703707 0.025590277777777715 0.034502314814814826
0 0.912326388888889 0.23153935185185187 0.03802083333333357 0.05391203703703704
0 0.9193229166666667 0.3121122685185186 0.059097222222222356 0.07986111111111108
0 0.9528819444444444 0.2764756944444445 0.053576388888888715 0.07406249999999996
0 0.9418229166666666 0.2188483796296296 0.03461805555555557 0.05160879629629631
0 0.9540798611111111 0.2053587962962963 0.03618055555555557 0.05197916666666667
0 0.9801475694444445 0.24005787037037035 0.039704861111111 0.07369212962962965
0 0.9897743055555555 0.19149305555555557 0.020451388888888998 0.05703703703703704
0 0.9701388888888889 0.10792245370370372 0.030381944444444288 0.04461805555555558
0 0.9456423611111111 0.11210069444444445 0.032604166666666504 0.05711805555555558