0 0.06875 0.46171875 0.04765625 0.0625
0 0.084375 0.5171875 0.05859375 0.07890625
0 0.11328125 0.4671875 0.03359375 0.04609375
0 0.1546875 0.515625 0.07578125 0.1109375
0 0.18984375 0.45390625 0.04765625 0.06640625
0 0.21015625 0.49609375 0.040625 0.05859375
0 0.24140625 0.5203125 0.05 0.06796875
0 0.246875 0.44765625 0.03984375 0.05390625
0 0.28828125 0.4328125 0.03359375 0.0484375
0 0.30546875 0.5859375 0.065625 0.096875
0 0.36484375 0.475 0.04453125 0.071875
0 0.39140625 0.45859375 0.03515625 0.05859375
0 0.3890625 0.49296875 0.03046875 0.04453125
0 0.403125 0.54453125 0.0625 0.075
0 0.378125 0.8140625 0.1375 0.2
0 0.47578125 0.521875 0.03828125 0.04453125
0 0.46171875 0.478125 0.03828125 0.046875
0 0.57265625 0.5 0.03984375 0.04453125
0 0.56640625 0.47578125 0.028125 0.040625
0 0.63515625 0.4921875 0.034375 0.0484375
0 0.6578125 0.47578125 0.03203125 0.04296875
0 0.58359375 0.64453125 0.08828125 0.1390625
0 0.69296875 0.59609375 0.05546875 0.0859375
0 0.72109375 0.56171875 0.04921875 0.07109375
0 0.73203125 0.46640625 0.04765625 0.05859375
0 0.7859375 0.50390625 0.04296875 0.05859375
0 0.8109375 0.50078125 0.03046875 0.04609375
0 0.8453125 0.3640625 0.03203125 0.046875
0 0.88828125 0.73125 0.103125 0.1375
0 0.9078125 0.61171875 0.065625 0.08203125
0 0.88671875 0.565625 0.05390625 0.0734375
0 0.896875 0.52734375 0.03984375 0.05390625