0 0.0265625 0.57578125 0.053125 0.09296875
0 0.03046875 0.728125 0.0609375 0.1375
0 0.18203125 0.840625 0.11328125 0.16328125
0 0.09296875 0.32109375 0.05703125 0.08046875
0 0.7390625 0.78515625 0.11484375 0.209375
0 0.6890625 0.4484375 0.06484375 0.10703125
0 0.453125 0.6171875 0.06328125 0.121875
0 0.415625 0.459375 0.0453125 0.0609375
0 0.33984375 0.56953125 0.053125 0.08046875
0 0.3734375 0.27578125 0.03671875 0.06796875
0 0.5125 0.2875 0.03828125 0.06796875
0 0.58828125 0.29609375 0.03359375 0.0609375
0 0.65859375 0.27890625 0.0296875 0.04609375
0 0.71796875 0.2734375 0.0296875 0.0484375
0 0.78515625 0.30859375 0.05 0.07578125
0 0.77421875 0.39375 0.06484375 0.1046875
0 0.83828125 0.34140625 0.05703125 0.0875
0 0.94921875 0.284375 0.03515625 0.065625