0 0.9559780092592594 0.37777777777777777 0.08804398148148138 0.1796875
0 0.9715509259259261 0.2756076388888889 0.056898148148147955 0.16440972222222222
0 0.8567476851851852 0.4002604166666666 0.13349537037037038 0.16857638888888887
0 0.8037557870370371 0.5135416666666667 0.1485879629629629 0.1963541666666666
0 0.7141319444444445 0.44314236111111105 0.115763888888889 0.14479166666666674
0 0.6156018518518518 0.52578125 0.12190972222222225 0.1598958333333332
0 0.5450694444444444 0.5238715277777778 0.0921064814814816 0.12274305555555554
0 0.4767708333333333 0.296875 0.10697916666666671 0.13368055555555552
0 0.4418344907407407 0.86171875 0.217488425925926 0.16892361111111107
0 0.3463541666666667 0.8581597222222221 0.16782407407407404 0.2052083333333335
0 0.2912384259259259 0.7736979166666667 0.14341435185185186 0.190625
0 0.25014467592592593 0.7396701388888889 0.1336574074074074 0.17013888888888892