0 0.14555555555555558 0.31506944444444446 0.0940625 0.11711805555555559
0 0.0995486111111111 0.33703125 0.06583333333333333 0.07824074074074075
0 0.07241319444444444 0.34313657407407405 0.05243055555555556 0.05728009259259261
0 0.1403125 0.37328703703703703 0.0526388888888889 0.061967592592592616
0 0.16600694444444444 0.4933275462962963 0.07243055555555555 0.08637731481481481
0 0.2614756944444444 0.2980960648148148 0.11364583333333336 0.1368402777777778
0 0.26477430555555553 0.40755208333333337 0.05767361111111109 0.07002314814814814
0 0.29989583333333336 0.4049479166666667 0.06291666666666665 0.08276620370370366
0 0.3407465277777778 0.3903009259259259 0.07427083333333329 0.09270833333333339
0 0.3223958333333333 0.4531134259259259 0.04937500000000004 0.058680555555555534
0 0.37149305555555556 0.4654456018518519 0.054340277777777765 0.06517361111111111
0 0.3943576388888889 0.39848379629629627 0.07093749999999996 0.08785879629629631
0 0.45126736111111115 0.4456481481481481 0.062638888888889 0.07651620370370367
0 0.4263020833333333 0.5534375 0.06902777777777783 0.07996527777777782
0 0.49845486111111115 0.5207233796296297 0.0625694444444445 0.07495370370370366
0 0.59203125 0.4414814814814815 0.14458333333333329 0.1665046296296296
0 0.5456076388888889 0.5245428240740742 0.06604166666666664 0.08292824074074083
0 0.58265625 0.5124421296296295 0.059236111111111 0.0701041666666665
0 0.6105729166666667 0.5415335648148148 0.0640625 0.07347222222222224
0 0.6370486111111111 0.5205844907407406 0.08059027777777779 0.09459490740740754
0 0.6561805555555555 0.5634432870370369 0.07107638888888879 0.09098379629629641
0 0.7159201388888888 0.5157118055555555 0.13329861111111113 0.15812500000000007
0 0.7586111111111112 0.5424710648148148 0.1218055555555555 0.14505787037037052
0 0.7137673611111112 0.6786979166666667 0.06440972222222215 0.08128472222222224
0 0.7925520833333334 0.6190162037037037 0.08052083333333329 0.09303240740740755
0 0.86 0.6037731481481481 0.11201388888888886 0.1351967592592592
0 0.9472743055555556 0.6822511574074074 0.09086805555555558 0.1153935185185185