0 0.6191261574074074 0.6824479166666666 0.24913194444444428 0.24512731481481503
0 0.5266782407407408 0.7099421296296295 0.14311342592592596 0.14297453703703694
0 0.49921875 0.6799942129629629 0.13090277777777787 0.13196759259259264
0 0.4674768518518519 0.6907175925925926 0.1234375 0.1272337962962963
0 0.45526620370370374 0.6593171296296296 0.10491898148148149 0.10994212962962954
0 0.43211805555555555 0.6489699074074075 0.09386574074074079 0.09738425925925931
0 0.40196759259259257 0.6354398148148148 0.07100694444444447 0.07538194444444457
0 0.38501157407407405 0.6314004629629629 0.07100694444444447 0.07538194444444457
0 0.3640625 0.6155902777777778 0.08119212962962959 0.07857638888888889
0 0.33449074074074076 0.6239814814814815 0.06938657407407404 0.0691319444444444
0 0.324681712962963 0.5863368055555556 0.09103009259259257 0.0864467592592593
0 0.28379629629629627 0.5719444444444444 0.07806712962962958 0.07855324074074073
0 0.240625 0.6358101851851852 0.07407407407407404 0.06916666666666664
0 0.19137731481481485 0.5963078703703704 0.08831018518518521 0.08798611111111114
0 0.08920717592592593 0.5767650462962963 0.07291666666666666 0.07071759259259255
0 0.09406828703703704 0.536880787037037 0.0859375 0.08484953703703688
0 0.6314236111111111 0.8312615740740741 0.13674768518518512 0.1304513888888888
0 0.5828414351851852 0.9099594907407408 0.06857638888888892 0.06600694444444458
0 0.46336805555555555 0.8182754629629629 0.052777777777777854 0.04717592592592581
0 0.3868055555555555 0.7543055555555556 0.0752893518518519 0.07385416666666664
0 0.33295717592592594 0.7053761574074074 0.07054398148148149 0.06758101851851847