0 0.0828125 0.55234375 0.1125 0.15390625
0 0.06171875 0.37734375 0.046875 0.06484375
0 0.14765625 0.425 0.059375 0.07421875
0 0.21953125 0.45 0.07734375 0.10546875
0 0.13515625 0.37890625 0.05390625 0.06484375
0 0.1515625 0.3359375 0.0421875 0.06015625
0 0.1875 0.3578125 0.040625 0.0546875
0 0.053125 0.35 0.03828125 0.05234375
0 0.27734375 0.23046875 0.02734375 0.04140625
0 0.27890625 0.3578125 0.05390625 0.07578125
0 0.35 0.38671875 0.05 0.07265625
0 0.3265625 0.35078125 0.0359375 0.0484375
0 0.3734375 0.334375 0.02734375 0.046875
0 0.43203125 0.3828125 0.04375 0.05703125
0 0.428125 0.32578125 0.0328125 0.04140625
0 0.4953125 0.35 0.02734375 0.04140625
0 0.4859375 0.33359375 0.0265625 0.02578125
0 0.4796875 0.3109375 0.01953125 0.0234375
0 0.5171875 0.3671875 0.03984375 0.0546875
0 0.565625 0.42265625 0.07421875 0.1
0 0.5484375 0.353125 0.0375 0.05078125
0 0.5625 0.32890625 0.0234375 0.0296875
0 0.5734375 0.321875 0.01953125 0.02890625
0 0.59921875 0.3375 0.03046875 0.0484375
0 0.64140625 0.3578125 0.0390625 0.04921875
0 0.7 0.4390625 0.0921875 0.13828125
0 0.75859375 0.3875 0.046875 0.0765625
0 0.73828125 0.35 0.0296875 0.04453125
0 0.6984375 0.33828125 0.0234375 0.03359375
0 0.7484375 0.3265625 0.021875 0.03671875
0 0.778125 0.340625 0.028125 0.040625
0 0.8390625 0.3625 0.0421875 0.053125
0 0.86328125 0.4546875 0.0765625 0.125
0 0.92265625 0.4578125 0.059375 0.09765625
0 0.9125 0.3890625 0.05078125 0.05703125
0 0.87734375 0.37421875 0.03984375 0.0484375
0 0.96953125 0.35703125 0.0375 0.05703125