0 0.07564814814814816 0.6977141203703704 0.1498148148148148 0.2038773148148149
0 0.08157407407407406 0.6142939814814815 0.0636111111111111 0.07731481481481488
0 0.15605902777777775 0.5990740740740741 0.05733796296296294 0.07552083333333322
0 0.16052083333333333 0.56171875 0.05409722222222224 0.06759259259259257
0 0.21589699074074073 0.5700231481481481 0.06057870370370368 0.08344907407407405
0 0.3115740740740741 0.7072337962962962 0.19251157407407407 0.2398148148148147
0 0.25848958333333333 0.544241898148148 0.04453703703703704 0.054745370370370236
0 0.29153356481481485 0.5298321759259259 0.05570601851851853 0.07077546296296297
0 0.31903935185185184 0.5199074074074075 0.04309027777777778 0.0625
0 0.3348726851851852 0.5064236111111111 0.033483796296296296 0.046527777777777855
0 0.3638483796296296 0.502806712962963 0.0413657407407408 0.05150462962962958
0 0.37422453703703706 0.5938657407407407 0.0939699074074074 0.12372685185185191
0 0.4178472222222222 0.49855324074074076 0.060416666666666605 0.07251157407407405
0 0.4305671296296296 0.4841724537037037 0.03663194444444447 0.04820601851851851
0 0.4363483796296297 0.46328125 0.028680555555555643 0.038541666666666606
0 0.4640219907407408 0.4947916666666667 0.06680555555555542 0.08211805555555554
0 0.48177662037037033 0.4571469907407407 0.0366087962962963 0.046643518518518515
0 0.4687268518518518 0.44103009259259257 0.025462962962962975 0.032175925925925955
0 0.4955555555555556 0.42404513888888895 0.03182870370370381 0.04021990740740726
0 0.5148900462962963 0.4380497685185185 0.027025462962962977 0.03223379629629619
0 0.5141956018518519 0.4849247685185185 0.06521990740740743 0.08049768518518512
0 0.5845659722222222 0.4836226851851852 0.08597222222222226 0.1109375
0 0.5361689814814815 0.4263310185185185 0.023900462962962978 0.03211805555555554
0 0.5605729166666666 0.41472800925925923 0.025462962962962975 0.032175925925925955
0 0.5917303240740741 0.4221354166666667 0.04787037037037045 0.06892361111111107
0 0.6274131944444445 0.4406539351851852 0.07170138888888893 0.0963541666666666
0 0.6265798611111111 0.3913773148148148 0.025555555555555644 0.038425925925925954
0 0.6139293981481482 0.40107060185185184 0.025486111111111143 0.03373842592592595
0 0.6536921296296296 0.40801504629629626 0.05094907407407412 0.0659143518518519
0 0.6655613425925926 0.39829282407407407 0.041458333333333285 0.05775462962962967
0 0.680613425925926 0.38478009259259255 0.036655092592592455 0.04976851851851851
0 0.7076041666666667 0.3568576388888889 0.03346064814814813 0.04496527777777777
0 0.7342939814814815 0.34924768518518523 0.023900462962962978 0.03211805555555554
0 0.7710706018518518 0.3467013888888889 0.02863425925925931 0.035416666666666693
0 0.8671817129629631 0.4018518518518519 0.10024305555555557 0.12552083333333325
0 0.8450810185185185 0.3635127314814815 0.06685185185185176 0.08524305555555553
0 0.9436168981481481 0.5188078703703705 0.10253472222222229 0.2802083333333333