0 0.7161168981481482 0.26807291666666666 0.27461805555555563 0.35820601851851847
0 0.7804513888888889 0.49567129629629625 0.2633912037037037 0.295636574074074
0 0.8838368055555555 0.5652025462962962 0.20621527777777757 0.26396990740740733
0 0.7695081018518518 0.7332002314814815 0.1637037037037036 0.25271990740740724
0 0.6903356481481481 0.7954918981481482 0.13621527777777764 0.22127314814814802
0 0.557974537037037 0.8339641203703703 0.15414351851851862 0.24640046296296286
0 0.5295486111111112 0.5279918981481482 0.22106481481481488 0.29063657407407406
0 0.41087384259259263 0.7108622685185185 0.13423611111111106 0.20719907407407412
0 0.28295138888888893 0.8367824074074074 0.1415972222222223 0.24474537037037045
0 0.24924189814814818 0.5246006944444443 0.20052083333333331 0.28267361111111106
0 0.19847800925925924 0.8670891203703703 0.0832523148148148 0.12090277777777772