0 0.040625 0.35625 0.05390625 0.084375
0 0.0640625 0.28515625 0.0484375 0.078125
0 0.1484375 0.28984375 0.0453125 0.06328125
0 0.20234375 0.24921875 0.0375 0.053125
0 0.13203125 0.22578125 0.0359375 0.06484375
0 0.0421875 0.7609375 0.0796875 0.16484375
0 0.19609375 0.478125 0.07109375 0.11796875
0 0.3234375 0.3578125 0.04765625 0.07265625
0 0.365625 0.46171875 0.07109375 0.1265625
0 0.290625 0.72421875 0.10625 0.1828125
0 0.4125 0.3546875 0.04765625 0.08125
0 0.3640625 0.26328125 0.03984375 0.06640625
0 0.3828125 0.23828125 0.03125 0.0515625
0 0.453125 0.26328125 0.040625 0.06640625
0 0.4765625 0.22421875 0.0375 0.06171875
0 0.6265625 0.23828125 0.03203125 0.06328125
0 0.63046875 0.1140625 0.02421875 0.03984375
0 0.64375 0.27890625 0.034375 0.07109375
0 0.6703125 0.33515625 0.0484375 0.09296875
0 0.70390625 0.23515625 0.03203125 0.06015625
0 0.73046875 0.27890625 0.0390625 0.06796875
0 0.7875 0.34375 0.05625 0.09453125
0 0.7125 0.471875 0.06875 0.11484375
0 0.753125 0.6625 0.1015625 0.1890625
0 0.87265625 0.44453125 0.0671875 0.128125
0 0.97890625 0.278125 0.03984375 0.0578125
0 0.9578125 0.22734375 0.03828125 0.059375
0 0.903125 0.2328125 0.0390625 0.07109375