0 0.016484374999999996 0.7504803240740741 0.03296874999999999 0.11140046296296298
0 0.04149884259259259 0.757986111111111 0.08299768518518517 0.1349537037037038
0 0.08225694444444442 0.8746064814814816 0.15931712962962963 0.20399305555555564
0 0.042129629629629614 0.9283217592592592 0.08425925925925923 0.1417824074074076
0 0.12003472222222222 0.7526388888888889 0.09585648148148149 0.11615740740740747
0 0.21104166666666666 0.7426041666666666 0.08329861111111114 0.1082638888888889
0 0.23916087962962962 0.8063599537037037 0.12368055555555557 0.16004629629629646
0 0.318125 0.9032812499999998 0.19168981481481487 0.1870717592592591
0 0.3427662037037037 0.7619097222222222 0.10490740740740741 0.1146643518518518
0 0.4037442129629629 0.7349363425925926 0.08486111111111114 0.10827546296296298
0 0.45571180555555557 0.7852546296296297 0.11769675925925926 0.15376157407407404
0 0.5233854166666666 0.7824131944444443 0.10755787037037035 0.13496527777777773
0 0.5559780092592593 0.6854456018518518 0.08486111111111114 0.10827546296296298
0 0.8260069444444443 0.6584837962962963 0.098449074074074 0.12865740740740747