0 0.11594328703703705 0.1735821759259259 0.09459490740740742 0.12789351851851852
0 0.17056712962962964 0.16059027777777776 0.08200231481481483 0.10482638888888891
0 0.0791261574074074 0.1652546296296296 0.06908564814814815 0.11534722222222223
0 0.2299189814814815 0.30557291666666664 0.1250115740740741 0.1631018518518518
0 0.30591435185185184 0.22751157407407402 0.09928240740740737 0.1290740740740741
0 0.3410185185185185 0.19112268518518516 0.06743055555555558 0.09503472222222223
0 0.38122685185185184 0.16722222222222222 0.07706018518518523 0.10052083333333331
0 0.38921875000000006 0.19122685185185184 0.08483796296296298 0.12084490740740739
0 0.43971064814814814 0.26651041666666664 0.11799768518518516 0.15215277777777775
0 0.46208333333333335 0.17976273148148145 0.07460648148148152 0.08918981481481483
0 0.5474537037037037 0.2026446759259259 0.07836805555555557 0.09778935185185186
0 0.5613194444444445 0.1639525462962963 0.04976851851851851 0.06609953703703705
0 0.6526504629629629 0.17002893518518516 0.06016203703703695 0.08096064814814814
0 0.7233333333333334 0.17594907407407406 0.09890046296296298 0.12438657407407408
0 0.6969386574074073 0.23692708333333332 0.12137731481481495 0.15606481481481485
0 0.8054976851851852 0.19122106481481477 0.10629629629629633 0.14002314814814815
0 0.7887037037037037 0.16254629629629627 0.06028935185185187 0.08252314814814814
0 0.8365625 0.2231886574074074 0.06743055555555558 0.0950347222222222
0 0.8620486111111111 0.26727430555555554 0.10240740740740754 0.12986111111111107
0 0.8822569444444444 0.41369791666666667 0.14078703703703682 0.22523148148148148
0 0.9478935185185184 0.16224537037037032 0.04284722222222222 0.07506944444444445