0 0.6939467592592592 0.9763310185185186 0.11925925925925931 0.04733796296296298
0 0.5931655092592593 0.9534924768518518 0.14907407407407405 0.09301504629629634
0 0.5342708333333334 0.9830179398148149 0.09737268518518523 0.03396412037037031
0 0.5175868055555556 0.9062326388888888 0.13857638888888885 0.1659143518518519
0 0.4335706018518518 0.8352256944444445 0.1209375000000001 0.15225694444444438
0 0.35646990740740747 0.8860648148148147 0.11356481481481487 0.13847222222222227
0 0.3391608796296296 0.7894965277777778 0.09871527777777782 0.1241087962962963
0 0.14867476851851852 0.794369212962963 0.19284722222222223 0.23372685185185169
0 0.05610243055555556 0.6853877314814815 0.11220486111111112 0.193912037037037
0 0.011776620370370371 0.6085706018518519 0.023553240740740743 0.15538194444444448
0 0.19464699074074074 0.8268229166666667 0.16091435185185182 0.20144675925925942