0 0.5536979166666667 0.20140624999999995 0.05381944444444446 0.06677083333333333
0 0.4511805555555556 0.30604166666666666 0.078263888888889 0.09875000000000007
0 0.35355902777777776 0.27999999999999997 0.07753472222222228 0.09406250000000008
0 0.2731076388888889 0.3486458333333333 0.11402777777777776 0.14572916666666663
0 0.2488368055555555 0.2867708333333333 0.07718749999999996 0.10145833333333334
0 0.19286458333333334 0.28786458333333337 0.09885416666666665 0.1252083333333333
0 0.13152777777777777 0.280625 0.09680555555555558 0.12166666666666667
0 0.09901041666666666 0.3592708333333333 0.10128472222222222 0.1408333333333333
0 0.5783333333333334 0.37546875 0.12593750000000004 0.15489583333333332
0 0.6290625000000001 0.4766666666666667 0.19420138888888872 0.2375
0 0.7000694444444445 0.40484375000000006 0.11461805555555564 0.13989583333333333
0 0.7119270833333333 0.33984375 0.06611111111111115 0.0880208333333334
0 0.7568055555555555 0.35635416666666664 0.06826388888888886 0.08260416666666667
0 0.8197048611111111 0.3631770833333333 0.09920138888888905 0.11781249999999996
0 0.84609375 0.39682291666666664 0.09402777777777764 0.11343750000000004
0 0.9073090277777777 0.43989583333333326 0.12965277777777756 0.1498958333333334
0 0.9238194444444445 0.3891145833333333 0.09173611111111128 0.10833333333333331
0 0.9604340277777779 0.42848958333333337 0.07913194444444435 0.13031249999999997
0 0.9954079861111111 0.36208333333333337 0.009184027777777715 0.10708333333333328