0 0.15247106481481482 0.15274305555555556 0.15399305555555554 0.18859953703703702
0 0.3146527777777778 0.3468113425925926 0.07414351851851855 0.07709490740740739
0 0.2776793981481481 0.3556770833333333 0.06315972222222221 0.07545138888888889
0 0.3752777777777778 0.4096296296296297 0.059803240740740726 0.06761574074074073
0 0.4098611111111111 0.40234375 0.058240740740740725 0.06760416666666665
0 0.4506018518518518 0.3981365740740741 0.06775462962962955 0.07236111111111114
0 0.4571412037037037 0.3356018518518519 0.11956018518518512 0.13366898148148146
0 0.5622685185185186 0.3199826388888889 0.1695717592592592 0.18715277777777786
0 0.6531018518518519 0.4177256944444444 0.09064814814814817 0.10689814814814813
0 0.748900462962963 0.40061342592592597 0.21342592592592596 0.24371527777777774
0 0.5898090277777778 0.47130787037037036 0.059710648148148235 0.06449074074074072
0 0.53390625 0.4600057870370371 0.050104166666666575 0.05660879629629641
0 0.5024305555555555 0.4414930555555555 0.05814814814814824 0.06447916666666664
0 0.6446238425925926 0.5193287037037038 0.06306712962962954 0.0723263888888889
0 0.6832233796296296 0.5346643518518519 0.04854166666666657 0.056597222222222146
0 0.7086574074074073 0.5461921296296296 0.05658564814814824 0.06446759259259256
0 0.7348263888888888 0.5592766203703704 0.05336805555555557 0.06131944444444439
0 0.6912962962962963 0.6049016203703703 0.0404050925925926 0.04560185185185191
0 0.7517534722222223 0.5942997685185185 0.03888888888888893 0.04715277777777782
0 0.5500578703703705 0.5739236111111111 0.038703703703703594 0.04090277777777764
0 0.821076388888889 0.4953703703703704 0.12112268518518512 0.13368055555555572
0 0.8436805555555555 0.5233217592592593 0.08265046296296319 0.10059027777777771
0 0.8021469907407408 0.5806481481481482 0.04688657407407391 0.053460648148148236
0 0.8338310185185186 0.5921296296296296 0.050150462962962904 0.0581712962962964
0 0.807494212962963 0.6110706018518519 0.03553240740740726 0.03931712962962965
0 0.840625 0.6264467592592593 0.05175925925925924 0.05974537037037031
0 0.8584548611111111 0.6310011574074074 0.035671296296296263 0.04400462962962966
0 0.9252256944444444 0.6445659722222222 0.05166666666666657 0.05662037037037031