0 0.08828125 0.609375 0.04375 0.05234375
0 0.08046875 0.5765625 0.028125 0.0390625
0 0.1828125 0.5515625 0.03203125 0.053125
0 0.21015625 0.5796875 0.03515625 0.046875
0 0.2703125 0.54609375 0.021875 0.03515625
0 0.2921875 0.5265625 0.0203125 0.040625
0 0.30703125 0.55703125 0.03203125 0.0390625
0 0.3234375 0.60078125 0.03828125 0.0609375
0 0.33828125 0.5234375 0.02265625 0.03125
0 0.378125 0.5328125 0.025 0.03671875
0 0.39140625 0.51171875 0.02265625 0.03359375
0 0.4375 0.5140625 0.021875 0.03671875
0 0.47734375 0.5328125 0.03828125 0.06015625
0 0.43671875 0.63828125 0.0515625 0.07578125
0 0.4265625 0.5796875 0.0359375 0.05703125
0 0.5015625 0.4984375 0.01875 0.0296875
0 0.503125 0.540625 0.0234375 0.0453125
0 0.5515625 0.525 0.0265625 0.0453125
0 0.60234375 0.51015625 0.02421875 0.03125
0 0.5921875 0.49140625 0.021875 0.02734375
0 0.59609375 0.5765625 0.03828125 0.05078125
0 0.6515625 0.553125 0.0375 0.04453125
0 0.6921875 0.525 0.02265625 0.0390625
0 0.70625 0.4984375 0.021875 0.0390625
0 0.725 0.50859375 0.0234375 0.04296875
0 0.7359375 0.67578125 0.0640625 0.1171875
0 0.81953125 0.609375 0.05546875 0.08359375
0 0.825 0.53984375 0.03828125 0.0609375
0 0.83203125 0.4953125 0.03515625 0.05078125
0 0.8796875 0.52890625 0.03828125 0.046875
0 0.9 0.50546875 0.0296875 0.04453125