0 0.6074884259259259 0.7237500000000001 0.1680902777777778 0.21582175925925923
0 0.47451388888888885 0.8298668981481482 0.1285648148148148 0.15798611111111108
0 0.5231018518518519 0.8939641203703704 0.08590277777777774 0.042071759259259524
0 0.5196238425925925 0.5018171296296297 0.2658101851851852 0.3397800925925926
0 0.3550925925925926 0.7058275462962962 0.1851967592592593 0.22392361111111114
0 0.3352141203703704 0.9018055555555555 0.09762731481481488 0.0723148148148148
0 0.2658275462962963 0.803726851851852 0.11034722222222229 0.14519675925925943
0 0.1814988425925926 0.8904108796296295 0.09512731481481485 0.11302083333333357
0 0.10608796296296297 0.7953240740740741 0.12096064814814814 0.17075231481481482
0 0.26844328703703707 0.4723611111111111 0.2275231481481481 0.3063888888888888
0 0.09813657407407408 0.6687037037037037 0.16282407407407407 0.2000115740740739
0 0.033315972222222226 0.8701562500000002 0.06663194444444445 0.11145833333333358