0 0.7462326388888889 0.5797453703703704 0.05999999999999996 0.06328703703703695
0 0.6746527777777778 0.6096238425925926 0.058993055555555604 0.06619212962962973
0 0.6848263888888889 0.5609664351851852 0.061388888888888896 0.07109953703703713
0 0.6522222222222223 0.5815509259259259 0.05743055555555561 0.06597222222222214
0 0.6418055555555555 0.5373148148148148 0.06690972222222218 0.07644675925925917
0 0.6133506944444445 0.5816898148148149 0.06295138888888889 0.07131944444444435
0 0.6038541666666667 0.5365624999999999 0.060277777777777784 0.06484953703703696
0 0.5736631944444444 0.5735648148148148 0.0500694444444445 0.05884259259259252
0 0.5362326388888888 0.5613136574074075 0.06295138888888889 0.07131944444444435
0 0.5917708333333334 0.5017013888888888 0.06083333333333343 0.06797453703703696
0 0.5521701388888889 0.49737268518518524 0.055034722222222145 0.06106481481481474
0 0.5119270833333334 0.5266493055555556 0.055312499999999966 0.06262731481481473
0 0.5154340277777777 0.48121527777777773 0.06479166666666672 0.07310185185185177
0 0.47265625 0.5161805555555556 0.06194444444444436 0.07422453703703695
0 0.4920659722222222 0.46698495370370363 0.05559027777777779 0.06418981481481474
0 0.4578125 0.4497164351851852 0.053749999999999964 0.062407407407407335
0 0.44333333333333336 0.4883159722222222 0.05559027777777779 0.06418981481481474
0 0.41663194444444446 0.4928356481481481 0.06295138888888889 0.07131944444444435
0 0.39402777777777775 0.4914467592592592 0.05715277777777779 0.06440972222222215
0 0.4039583333333333 0.4527256944444444 0.06350694444444441 0.07444444444444435
0 0.37572916666666667 0.43156250000000007 0.060833333333333336 0.067974537037037
0 0.3596875 0.4703819444444445 0.055312499999999966 0.06262731481481473
0 0.3295486111111111 0.4685300925925926 0.05190972222222214 0.06062499999999993
0 0.35369791666666667 0.4140972222222222 0.05743055555555561 0.06597222222222214
0 0.33088541666666665 0.3967418981481482 0.05743055555555561 0.06597222222222224
0 0.3094444444444444 0.4530787037037037 0.054027777777777786 0.06396990740740734
0 0.2926909722222222 0.44020254629629624 0.053749999999999964 0.062407407407407335
0 0.27119791666666665 0.4325636574074075 0.047951388888888856 0.05549768518518512
0 0.2928472222222222 0.39219328703703704 0.05843749999999996 0.06306712962962972
0 0.2709201388888889 0.3655729166666667 0.05899305555555552 0.06619212962962964
0 0.2365798611111111 0.4130613425925926 0.0547569444444445 0.05950231481481474
0 0.23493055555555556 0.37520833333333337 0.0442708333333333 0.0519328703703704
0 0.21317708333333335 0.39045717592592594 0.047395833333333304 0.05237268518518521
0 0.20125 0.3761400462962963 0.055034722222222165 0.06106481481481474
0 0.16989583333333333 0.38969328703703704 0.047951388888888904 0.055497685185185205
0 0.17039930555555555 0.356869212962963 0.05531250000000001 0.06262731481481483
0 0.11880208333333334 0.35575231481481484 0.06350694444444445 0.07444444444444445
0 0.06324652777777777 0.3254861111111111 0.06847222222222223 0.07666666666666666