0 0.8920312499999999 0.34262152777777777 0.21593750000000006 0.3407986111111111
0 0.9882291666666667 0.6231944444444444 0.023541666666666572 0.118611111111111
0 0.9721093749999999 0.6944097222222222 0.055781250000000074 0.09347222222222218
0 0.9122395833333332 0.47126736111111106 0.17552083333333357 0.2171527777777779
0 0.9198177083333334 0.5517013888888889 0.16036458333333314 0.17138888888888887
0 0.85546875 0.5904340277777778 0.13187500000000013 0.15871527777777777
0 0.8255208333333334 0.6589583333333333 0.10187500000000008 0.1156944444444445
0 0.6958333333333334 0.6410069444444444 0.11489583333333328 0.12399305555555565
0 0.6864583333333333 0.6888541666666667 0.0760416666666666 0.08829861111111122
0 0.5293229166666666 0.6302256944444444 0.11291666666666664 0.14552083333333332
0 0.4922395833333333 0.6215972222222221 0.11343749999999986 0.13010416666666663
0 0.3947395833333333 0.5642708333333333 0.18156250000000007 0.21187500000000004
0 0.27932291666666664 0.5820486111111112 0.21468749999999998 0.23187499999999997