0 0.0796875 0.5625 0.15859375 0.30078125
0 0.18828125 0.35234375 0.0453125 0.07578125
0 0.2109375 0.45546875 0.03984375 0.0703125
0 0.2984375 0.5109375 0.0453125 0.0890625
0 0.3328125 0.46875 0.04140625 0.0703125
0 0.41328125 0.4875 0.046875 0.0703125
0 0.44765625 0.4703125 0.0359375 0.0625
0 0.53046875 0.51484375 0.05078125 0.07578125
0 0.5484375 0.60546875 0.06875 0.1109375
0 0.59296875 0.49296875 0.0484375 0.07578125
0 0.6640625 0.571875 0.0578125 0.0921875
0 0.7 0.51640625 0.02890625 0.0625
0 0.78671875 0.48359375 0.04296875 0.0734375
0 0.8375 0.48359375 0.04296875 0.06796875
0 0.94375 0.6953125 0.09765625 0.18125