0 0.15432870370370372 0.4833622685185185 0.21750000000000003 0.278125
0 0.17421875 0.281568287037037 0.07184027777777775 0.0971643518518519
0 0.10652199074074073 0.28628472222222223 0.08001157407407407 0.09230324074074074
0 0.05466435185185185 0.27575231481481477 0.06107638888888887 0.07280092592592595
0 0.025057870370370373 0.24615162037037036 0.050115740740740745 0.06695601851851851
0 0.012080439814814815 0.22152777777777777 0.02416087962962963 0.05555555555555554
0 0.1331712962962963 0.19126157407407407 0.03589120370370371 0.05237268518518516
0 0.17713541666666668 0.17184606481481482 0.040578703703703665 0.05306712962962963
0 0.21802662037037038 0.18020833333333333 0.04310185185185187 0.050405092592592605
0 0.22160879629629632 0.15766782407407406 0.0353472222222222 0.04166666666666665
0 0.265 0.14516782407407408 0.044606481481481455 0.058217592592592605
0 0.2697627314814815 0.19531249999999997 0.038414351851851866 0.04971064814814814
0 0.31072916666666667 0.15205439814814814 0.04364583333333334 0.061111111111111116
0 0.33361111111111114 0.19875578703703703 0.057349537037037025 0.06921296296296298
0 0.2783275462962963 0.2927083333333333 0.08770833333333332 0.10862268518518511
0 0.4567476851851852 0.28449074074074077 0.13809027777777777 0.18894675925925924
0 0.4460706018518518 0.21776620370370373 0.06666666666666679 0.07818287037037039
0 0.43217013888888883 0.17960069444444443 0.06570601851851846 0.08107638888888888
0 0.36925925925925923 0.15552662037037038 0.044606481481481455 0.05821759259259256
0 0.3667766203703704 0.11718749999999997 0.040034722222222284 0.04236111111111111
0 0.4076446759259259 0.10202546296296296 0.03342592592592593 0.04745370370370368
0 0.46401041666666665 0.10885416666666665 0.03438657407407408 0.04456018518518521
0 0.46380787037037036 0.08232060185185183 0.030358796296296297 0.039409722222222235
0 0.5005555555555555 0.08067129629629628 0.0266319444444445 0.035821759259259255
0 0.5197858796296296 0.07934027777777777 0.0266319444444445 0.035821759259259255
0 0.5259085648148148 0.1027199074074074 0.03589120370370367 0.05237268518518521
0 0.5683391203703704 0.08732638888888888 0.035949074074074085 0.04479166666666665
0 0.5448206018518518 0.059693287037037024 0.027233796296296298 0.03894675925925926
0 0.5761631944444444 0.046701388888888876 0.025729166666666713 0.031134259259259268
0 0.5846122685185186 0.02647569444444443 0.025729166666666713 0.031134259259259257
0 0.6413831018518519 0.08637152777777776 0.030358796296296297 0.039409722222222235
0 0.5852777777777778 0.1136574074074074 0.04310185185185187 0.05040509259259257
0 0.539074074074074 0.1880497685185185 0.06787037037037039 0.08443287037037042
0 0.5311516203703703 0.15431134259259258 0.044606481481481455 0.058217592592592605
0 0.7090393518518519 0.1173321759259259 0.09354166666666668 0.12314814814814815
0 0.6536921296296296 0.12097800925925925 0.048692129629629655 0.05578703703703704
0 0.6802951388888889 0.08136574074074074 0.04677083333333343 0.06157407407407407
0 0.6618865740740741 0.046903935185185174 0.02356481481481474 0.02777777777777779
0 0.7207812499999999 0.03666087962962962 0.0297569444444445 0.03628472222222221
0 0.7834895833333333 0.03420138888888887 0.03438657407407408 0.04456018518518519
0 0.806574074074074 0.10743634259259256 0.08614583333333323 0.10839120370370373
0 0.8443923611111112 0.041666666666666664 0.06787037037037039 0.08333333333333333
0 0.9073726851851852 0.0353443287037037 0.05386574074074062 0.0706886574074074