0 0.8366724537037037 0.2691261574074074 0.12709490740740748 0.1758912037037037
0 0.6747685185185185 0.48468750000000005 0.08255787037037035 0.12526620370370373
0 0.6681539351851852 0.5816493055555556 0.05537037037037038 0.07993055555555557
0 0.6665046296296296 0.6396527777777778 0.04699074074074083 0.0680092592592592
0 0.748894675925926 0.6119965277777778 0.056770833333333395 0.07700231481481482
0 0.7701446759259258 0.5727604166666668 0.06366898148148152 0.09028935185185176
0 0.8227777777777778 0.6298379629629629 0.08231481481481495 0.12057870370370374
0 0.9152256944444446 0.5716261574074075 0.08880787037037052 0.1260532407407407
0 0.9470370370370371 0.6462615740740741 0.07608796296296276 0.09030092592592602
0 0.7794097222222222 0.6616319444444445 0.043460648148148096 0.059803240740740726
0 0.7681539351851852 0.6990219907407408 0.04049768518518526 0.06253472222222226
0 0.6959027777777778 0.6976851851851851 0.03432870370370367 0.06331018518518512
0 0.6043055555555557 0.6675231481481482 0.04206018518518526 0.06273148148148149
0 0.6275694444444444 0.6820949074074074 0.030798611111111106 0.05510416666666664
0 0.4336168981481482 0.6537905092592593 0.038530092592592526 0.05452546296296301
0 0.3981365740740741 0.6431134259259259 0.04238425925925924 0.06898148148148149
0 0.37361689814814814 0.6043229166666666 0.0536458333333333 0.07660879629629633
0 0.38655671296296296 0.6742534722222222 0.037372685185185175 0.062141203703703594
0 0.3471412037037037 0.6475578703703704 0.04394675925925924 0.06917824074074072
0 0.30710648148148145 0.6238888888888889 0.05019675925925924 0.06996527777777786
0 0.3078935185185185 0.6690046296296297 0.0387731481481481 0.059212962962962835
0 0.2825810185185185 0.6448611111111111 0.04394675925925924 0.06917824074074072
0 0.3033101851851852 0.5357060185185185 0.07598379629629629 0.11822916666666661
0 0.23039930555555554 0.43183449074074076 0.07778935185185185 0.12311342592592585
0 0.22129629629629627 0.5556481481481482 0.07344907407407408 0.09928240740740754
0 0.2252662037037037 0.6322106481481482 0.06884259259259258 0.10025462962962947
0 0.13288194444444446 0.5569328703703704 0.07377314814814814 0.10553240740740737
0 0.06067129629629629 0.45159722222222226 0.0811574074074074 0.12819444444444444
0 0.05099537037037037 0.20511574074074074 0.09032407407407408 0.18523148148148147
0 0.5347858796296296 0.853582175925926 0.04707175925925924 0.06957175925925937