0 0.018020833333333333 0.4250578703703704 0.028726851851851847 0.08854166666666674
0 0.07527777777777778 0.44074074074074077 0.02216435185185186 0.04473379629629637
0 0.05094328703703703 0.43139467592592595 0.012743055555555566 0.03605324074074083
0 0.06038773148148149 0.4383391203703704 0.014236111111111116 0.027083333333333216
0 0.09467592592592591 0.5233796296296296 0.03171296296296296 0.0706018518518519
0 0.11726273148148147 0.6138020833333334 0.05844907407407409 0.10092592592592595
0 0.1549826388888889 0.6337673611111111 0.06660879629629628 0.14982638888888894
0 0.18011574074074072 0.5395833333333334 0.03646990740740739 0.08119212962962977
0 0.1899537037037037 0.49398148148148147 0.02690972222222223 0.053761574074074045
0 0.21583333333333332 0.5005787037037036 0.030081018518518476 0.060821759259259166
0 0.32837962962962963 0.5833333333333333 0.05218749999999996 0.09774305555555554
0 0.3155497685185185 0.542042824074074 0.05368055555555555 0.0887731481481481
0 0.29156250000000006 0.47390046296296295 0.022164351851851904 0.04473379629629619
0 0.3205150462962963 0.47265625 0.028483796296296226 0.05572916666666661
0 0.3876678240740741 0.34487847222222223 0.04744212962962964 0.08871527777777777
0 0.42435185185185187 0.43634259259259256 0.02373842592592581 0.04670138888888893
0 0.48576388888888894 0.4846064814814815 0.042708333333333216 0.08125
0 0.4877777777777778 0.43946759259259255 0.026840277777777644 0.04438657407407405
0 0.5047685185185186 0.40844907407407405 0.026886574074073976 0.05063657407407405
0 0.5402488425925925 0.44308449074074074 0.02686342592592581 0.047511574074074046
0 0.5602083333333333 0.4958333333333334 0.05063657407407405 0.09890046296296298
0 0.5625868055555555 0.39424189814814814 0.023726851851851905 0.04513888888888884
0 0.5806655092592592 0.4044270833333334 0.02371527777777782 0.04357638888888889
0 0.6182060185185185 0.40017361111111116 0.033194444444444395 0.06006944444444447
0 0.6521238425925926 0.43521412037037044 0.045775462962962976 0.07424768518518517
0 0.6783275462962963 0.3798900462962963 0.02842592592592581 0.0479166666666667
0 0.7108043981481481 0.4317418981481482 0.04112268518518523 0.07771990740740745
0 0.7212905092592592 0.36796875 0.026921296296296405 0.055324074074074046
0 0.7457523148148149 0.39450231481481485 0.028472222222222142 0.054166666666666696
0 0.830295138888889 0.3952835648148148 0.03636574074074091 0.06712962962962958
0 0.8472800925925925 0.36348379629629635 0.030023148148148236 0.053009259259259256
0 0.9442939814814814 0.3571180555555556 0.03475694444444457 0.06047453703703702