0 0.215625 0.284375 0.05390625 0.10703125
0 0.18046875 0.565625 0.14375 0.20234375
0 0.2328125 0.8421875 0.2640625 0.3109375
0 0.271875 0.4953125 0.05859375 0.12421875
0 0.446875 0.47578125 0.0734375 0.1421875
0 0.53984375 0.4859375 0.11484375 0.2375
0 0.5921875 0.428125 0.0453125 0.11796875
0 0.5015625 0.2125 0.03359375 0.0640625
0 0.69765625 0.41796875 0.0578125 0.09296875
0 0.8046875 0.31796875 0.0640625 0.1203125
0 0.75390625 0.3921875 0.0546875 0.13984375
0 0.76640625 0.81640625 0.2171875 0.3578125