0 0.5461979166666667 0.15729166666666666 0.11260416666666657 0.15503472222222223
0 0.7043055555555556 0.6211979166666667 0.13999999999999985 0.19489583333333335
0 0.5698784722222222 0.42496527777777776 0.09010416666666661 0.12496527777777774
0 0.5067534722222222 0.4586458333333333 0.1 0.14923611111111118
0 0.43178819444444444 0.6391840277777778 0.1511111111111111 0.20368055555555564
0 0.3734895833333333 0.5258506944444445 0.11416666666666667 0.15517361111111114
0 0.34651041666666665 0.4417013888888889 0.06437500000000007 0.08993055555555554
0 0.39378472222222227 0.34939236111111105 0.05625 0.07517361111111107
0 0.45034722222222223 0.33032986111111107 0.05798611111111107 0.08312500000000007
0 0.3437673611111111 0.31953125 0.04996527777777775 0.07305555555555561
0 0.2943923611111111 0.3309375 0.05965277777777782 0.0879513888888889
0 0.2659722222222222 0.45197916666666665 0.07874999999999996 0.1052430555555556
0 0.20979166666666665 0.4187673611111111 0.08041666666666669 0.11006944444444447
0 0.14958333333333335 0.3913715277777778 0.04819444444444443 0.06354166666666669
0 0.16649305555555555 0.3672569444444444 0.04343750000000002 0.05999999999999996
0 0.08993055555555556 0.40914930555555556 0.04364583333333334 0.06937499999999996
0 0.05845486111111111 0.4571701388888889 0.04194444444444445 0.06298611111111115
0 0.03553819444444444 0.43581597222222224 0.03697916666666666 0.0500694444444445