0 0.8480729166666666 0.595613425925926 0.16872685185185182 0.2503935185185185
0 0.7079282407407408 0.42020833333333335 0.11261574074074066 0.17504629629629634
0 0.6650289351851851 0.33653356481481483 0.09081018518518533 0.13866898148148152
0 0.6271064814814815 0.28605324074074073 0.06988425925925927 0.10854166666666672
0 0.6006944444444444 0.2451967592592593 0.058090277777777824 0.08940972222222224
0 0.5866493055555555 0.19645254629629633 0.05008101851851841 0.07561342592592588
0 0.5097106481481481 0.5945833333333332 0.16672453703703702 0.2469444444444445
0 0.5028819444444445 0.42029513888888886 0.10641203703703717 0.1525231481481482
0 0.5000868055555555 0.3087557870370371 0.07547453703703706 0.10515046296296297
0 0.5153993055555556 0.2685127314814815 0.0569907407407408 0.08159722222222224
0 0.4924768518518519 0.24285300925925926 0.05410879629629619 0.07189814814814817
0 0.4760243055555556 0.21692708333333335 0.042731481481481384 0.06650462962962962
0 0.4977083333333333 0.18282986111111113 0.04741898148148138 0.0674768518518519
0 0.35326967592592595 0.19789930555555557 0.04273148148148156 0.06650462962962962
0 0.32923032407407404 0.22587962962962962 0.05008101851851858 0.0756134259259259
0 0.3061921296296296 0.25245949074074076 0.0500810185185185 0.07561342592592588
0 0.26086226851851857 0.2888888888888889 0.06990740740740745 0.09792824074074069
0 0.25579282407407405 0.2106481481481482 0.04339120370370368 0.07119212962962965
0 0.2847511574074074 0.1877083333333333 0.04295138888888887 0.06806712962962962
0 0.21384259259259258 0.26305555555555554 0.06211805555555552 0.08569444444444443
0 0.2121990740740741 0.33186342592592594 0.0682986111111111 0.11883101851851849
0 0.1285300925925926 0.4407465277777778 0.10526620370370372 0.16593750000000007
0 0.15601273148148148 0.2968923611111111 0.06898148148148149 0.11290509259259256
0 0.07878472222222224 0.3371585648148148 0.08658564814814813 0.1302083333333334
0 0.09381365740740741 0.2132349537037037 0.05542824074074075 0.08127314814814816
0 0.04839699074074074 0.2617071759259259 0.05787037037037037 0.08784722222222223
0 0.028587962962962964 0.23106481481481483 0.04673611111111111 0.07340277777777778
0 0.011539351851851853 0.4333969907407408 0.023078703703703705 0.15116898148148153