0 0.9796614583333334 0.7502604166666667 0.04067708333333329 0.1278240740740742
0 0.9808072916666667 0.9165393518518519 0.038385416666666575 0.11052083333333336
0 0.9169444444444445 0.9598003472222223 0.07072916666666665 0.0803993055555555
0 0.9014409722222222 0.7026099537037037 0.08625000000000008 0.12726851851851856
0 0.8068923611111112 0.6724826388888889 0.07732638888888879 0.10873842592592595
0 0.718125 0.6164120370370371 0.08034722222222221 0.11844907407407401
0 0.6286284722222222 0.5896354166666666 0.07711805555555565 0.1268171296296295
0 0.5385937500000001 0.5642534722222223 0.0702430555555555 0.11174768518518512
0 0.43614583333333334 0.5513078703703703 0.07482638888888893 0.1217939814814816
0 0.3443923611111111 0.5051678240740741 0.08190972222222222 0.11878472222222225
0 0.25743055555555555 0.45099537037037035 0.08638888888888889 0.1378703703703703
0 0.16130208333333335 0.41071180555555553 0.07663194444444446 0.12369212962962965
0 0.1897222222222222 0.5837037037037037 0.07097222222222221 0.11643518518518511
0 0.27249999999999996 0.6498148148148148 0.06590277777777782 0.103263888888889
0 0.34562499999999996 0.6587268518518519 0.06854166666666668 0.10081018518518511
0 0.4304513888888889 0.6603356481481482 0.08409722222222218 0.13284722222222226
0 0.5286458333333334 0.713900462962963 0.061215277777777646 0.10225694444444447
0 0.5999305555555555 0.7012731481481481 0.07736111111111121 0.12837962962962948
0 0.6750694444444445 0.7619675925925926 0.07395833333333321 0.10650462962962966
0 0.7669097222222222 0.7892476851851852 0.08937500000000007 0.12793981481481503
0 0.8649479166666667 0.8223900462962963 0.07302083333333335 0.11989583333333335
0 0.8480555555555556 0.946166087962963 0.07434027777777778 0.10766782407407405
0 0.7583159722222221 0.9233275462962963 0.06590277777777764 0.103263888888889
0 0.7093923611111111 0.9097974537037036 0.06916666666666664 0.11453703703703724
0 0.6492534722222223 0.9066956018518517 0.07034722222222207 0.102708333333333
0 0.5834722222222222 0.8721759259259259 0.06239583333333343 0.09042824074074077
0 0.5169444444444444 0.8571296296296296 0.07010416666666668 0.10114583333333335
0 0.44562500000000005 0.8161342592592593 0.06999999999999992 0.11018518518518512
0 0.37552083333333336 0.7829513888888888 0.06975694444444444 0.10862268518518511
0 0.3403125 0.8478819444444443 0.06756944444444439 0.09456018518518547
0 0.2690972222222222 0.8658101851851852 0.0723958333333334 0.1061689814814816
0 0.48689236111111106 0.9496672453703703 0.06722222222222207 0.10066550925925952
0 0.5593923611111111 0.9433535879629631 0.06965277777777779 0.1132928240740739
0 0.6442361111111111 0.9701331018518518 0.06409722222222207 0.0597337962962964
0 0.745920138888889 0.9973061342592592 0.07083333333333322 0.005387731481481595