0 0.95234375 0.1953125 0.09296875 0.26796875
0 0.9046875 0.3203125 0.1453125 0.3046875
0 0.625 0.33515625 0.05859375 0.121875
0 0.56171875 0.33359375 0.06796875 0.1828125
0 0.47734375 0.3015625 0.1296875 0.28515625
0 0.38359375 0.35078125 0.0609375 0.2265625
0 0.346875 0.28515625 0.07578125 0.27421875
0 0.28125 0.2046875 0.10703125 0.29609375
0 0.15078125 0.35546875 0.14765625 0.33125
0 0.20078125 0.18046875 0.065625 0.17421875
0 0.15703125 0.12421875 0.06640625 0.1828125
0 0.08984375 0.1 0.09765625 0.19609375
0 0.025 0.06953125 0.04765625 0.1390625