0 0.8744618055555555 0.7011631944444444 0.04901620370370381 0.07021990740740733
0 0.7816087962962963 0.21745949074074072 0.14556712962962964 0.18565972222222227
0 0.7834780092592593 0.3925578703703704 0.0884606481481482 0.10942129629629624
0 0.743460648148148 0.40894097222222214 0.09094907407407397 0.12531250000000002
0 0.8046412037037036 0.4495254629629629 0.04533564814814817 0.06031249999999986
0 0.7805729166666666 0.4740393518518518 0.05839120370370363 0.07181712962962976
0 0.65421875 0.1949826388888889 0.16781249999999998 0.19563657407407406
0 0.6273263888888889 0.3806481481481482 0.10906249999999992 0.14386574074074074
0 0.6072627314814815 0.42053819444444446 0.09094907407407397 0.12531249999999988
0 0.6619097222222223 0.44222222222222224 0.06344907407407412 0.07886574074074063
0 0.6741435185185185 0.46596064814814814 0.062442129629629764 0.08797453703703706
0 0.5720949074074074 0.49265625 0.06896990740740741 0.09372685185185184
0 0.5093981481481482 0.4525868055555556 0.08092592592592603 0.11277777777777769
0 0.4818518518518518 0.4053587962962963 0.08248842592592602 0.11304398148148138
0 0.38870370370370366 0.2951388888888889 0.17840277777777783 0.24384259259259258
0 0.42725115740740743 0.4888599537037037 0.06841435185185177 0.08435185185185183
0 0.46324652777777775 0.5220601851851852 0.06207175925925927 0.08172453703703689
0 0.34688078703703706 0.489861111111111 0.09094907407407407 0.12531250000000008
0 0.3014409722222222 0.50609375 0.06372685185185185 0.08355324074074062
0 0.2633564814814815 0.5289930555555555 0.07200231481481482 0.09269675925925931
0 0.25266203703703705 0.5573321759259259 0.053888888888888875 0.07414351851851855
0 0.22502893518518516 0.5216898148148148 0.06418981481481482 0.09136574074074062
0 0.2265335648148148 0.390474537037037 0.10621527777777777 0.14802083333333335
0 0.10604745370370369 0.288744212962963 0.1943171296296296 0.27748842592592593
0 0.16402777777777777 0.47108217592592594 0.08920138888888887 0.12192129629629633
0 0.1575 0.5697337962962963 0.06841435185185185 0.08435185185185183
0 0.04614583333333333 0.43939814814814815 0.04747685185185184 0.12254629629629629
0 0.06163773148148148 0.5572685185185186 0.06234953703703705 0.08641203703703706