0 0.12255787037037039 0.7236689814814815 0.08107638888888888 0.11263888888888882
0 0.1886863425925926 0.6523206018518518 0.10814814814814815 0.15331018518518516
0 0.23500000000000001 0.6484027777777778 0.0986574074074074 0.14327546296296295
0 0.33947916666666667 0.5814409722222222 0.16208333333333336 0.22059027777777782
0 0.40313078703703703 0.6772800925925926 0.06521990740740743 0.09331018518518519
0 0.3834606481481481 0.7878645833333333 0.058807870370370455 0.08089120370370359
0 0.5080324074074074 0.6347222222222222 0.07473379629629626 0.10490740740740741
0 0.6047569444444445 0.6678414351851851 0.05412037037037045 0.07978009259259249
0 0.6480208333333334 0.6051851851851853 0.10325231481481474 0.13813657407407404
0 0.6158159722222222 0.6093113425925927 0.06209490740740744 0.09256944444444457
0 0.6447743055555556 0.6655671296296296 0.04773148148148145 0.06892361111111107
0 0.46763310185185186 0.23942129629629633 0.3209837962962963 0.33143518518518517
0 0.7023842592592592 0.6400231481481481 0.08410879629629626 0.10712962962962962
0 0.7590046296296297 0.6283564814814815 0.09543981481481474 0.13628472222222215
0 0.8098553240740742 0.6357060185185185 0.057384259259259184 0.08989583333333329
0 0.8479224537037038 0.6063136574074074 0.12724537037037037 0.18119212962962977
0 0.9293865740740742 0.5582002314814816 0.10189814814814824 0.15182870370370374
0 0.950601851851852 0.6079166666666667 0.08114583333333343 0.11732638888888883