0 0.3796875 0.64296875 0.09921875 0.20234375
0 0.22265625 0.53359375 0.05234375 0.0859375
0 0.16484375 0.48828125 0.05234375 0.10234375
0 0.1140625 0.484375 0.04296875 0.0875
0 0.075 0.46640625 0.0421875 0.08359375
0 0.05 0.4578125 0.02734375 0.06484375
0 0.021875 0.421875 0.021875 0.0453125
0 0.12265625 0.39921875 0.02109375 0.04609375
0 0.17109375 0.4171875 0.02890625 0.0546875
0 0.209375 0.440625 0.02890625 0.0546875
0 0.25078125 0.4421875 0.03125 0.05234375
0 0.28828125 0.4328125 0.03203125 0.05625
0 0.32890625 0.478125 0.04296875 0.0703125
0 0.37265625 0.44921875 0.02890625 0.06484375
0 0.41328125 0.46875 0.0453125 0.06875
0 0.490625 0.4671875 0.05 0.08125
0 0.46171875 0.41875 0.03359375 0.06875
0 0.49609375 0.39609375 0.01953125 0.0515625
0 0.35625 0.3171875 0.034375 0.0625
0 0.56328125 0.3921875 0.0203125 0.0453125
0 0.584375 0.42734375 0.0359375 0.07109375
0 0.6484375 0.459375 0.0515625 0.08984375
0 0.62734375 0.41953125 0.03125 0.06015625
0 0.62421875 0.37109375 0.0125 0.02421875
0 0.66171875 0.36640625 0.01328125 0.0359375
0 0.64609375 0.3921875 0.0203125 0.05078125
0 0.6828125 0.44921875 0.03203125 0.0703125
0 0.69609375 0.4109375 0.0234375 0.04140625
0 0.69375 0.36171875 0.01328125 0.03125
0 0.71328125 0.3671875 0.01640625 0.02734375
0 0.7171875 0.3390625 0.01640625 0.0265625
0 0.76171875 0.31015625 0.015625 0.0359375
0 0.8 0.375 0.0203125 0.03359375
0 0.79609375 0.3484375 0.0171875 0.0203125
0 0.778125 0.38515625 0.02109375 0.034375
0 0.74609375 0.41015625 0.021875 0.04375
0 0.72890625 0.39375 0.0171875 0.0359375
0 0.7609375 0.4375 0.0328125 0.05859375
0 0.78984375 0.4296875 0.02109375 0.0375
0 0.83203125 0.4203125 0.0234375 0.0453125
0 0.85 0.3546875 0.015625 0.04140625
0 0.87734375 0.3703125 0.01953125 0.0359375
0 0.88671875 0.3546875 0.01953125 0.03203125
0 0.92734375 0.34609375 0.0171875 0.02421875
0 0.95234375 0.36796875 0.01796875 0.03984375
0 0.97265625 0.35859375 0.01484375 0.03125
0 0.99140625 0.39375 0.015625 0.0390625
0 0.98828125 0.45390625 0.02265625 0.06640625
0 0.934375 0.60234375 0.08828125 0.1609375
0 0.89921875 0.5015625 0.05703125 0.09375
0 0.88359375 0.43515625 0.03046875 0.05625
0 0.8625 0.4296875 0.025 0.06015625
0 0.9484375 0.4078125 0.02265625 0.0484375
0 0.7421875 0.5703125 0.08046875 0.15078125
0 0.64296875 0.6734375 0.1125 0.21328125