0 0.2265625 0.5953125 0.1578125 0.228125
0 0.0734375 0.80859375 0.13671875 0.259375
0 0.0515625 0.36640625 0.0671875 0.08984375
0 0.18046875 0.2796875 0.0640625 0.1125
0 0.2078125 0.3546875 0.04453125 0.0734375
0 0.24765625 0.33671875 0.03359375 0.05
0 0.2765625 0.3234375 0.03671875 0.06328125
0 0.378125 0.45390625 0.0734375 0.12578125
0 0.42109375 0.4765625 0.09609375 0.1359375
0 0.40625 0.38515625 0.05234375 0.0734375
0 0.44140625 0.33828125 0.0484375 0.06796875
0 0.403125 0.334375 0.0375 0.04921875
0 0.40625 0.3109375 0.0359375 0.05859375
0 0.590625 0.31171875 0.03203125 0.0625
0 0.65703125 0.3125 0.04921875 0.08828125
0 0.675 0.3203125 0.04375 0.08984375
0 0.6875 0.25 0.0453125 0.071875
0 0.74375 0.3453125 0.06015625 0.07265625
0 0.81953125 0.30703125 0.06640625 0.1140625
0 0.784375 0.24921875 0.03515625 0.0609375
0 0.87578125 0.30234375 0.0359375 0.06171875
0 0.76328125 0.31953125 0.04921875 0.07109375