0 0.692806712962963 0.5165104166666666 0.040706018518518405 0.04528935185185183
0 0.5638657407407408 0.18366319444444446 0.2129398148148148 0.24543981481481483
0 0.32152777777777775 0.12436921296296297 0.2930555555555555 0.24873842592592593
0 0.2588483796296296 0.23271990740740742 0.12758101851851852 0.13306712962962963
0 0.21807291666666667 0.25936921296296295 0.09864583333333332 0.11614583333333331
0 0.19921875 0.3102083333333333 0.0555787037037037 0.06148148148148147
0 0.11954282407407409 0.3206712962962963 0.05559027777777779 0.06765046296296298
0 0.14671296296296296 0.33113425925925927 0.047361111111111145 0.0533449074074074
0 0.26058449074074075 0.3276041666666667 0.057928240740740745 0.06468749999999997
0 0.2979166666666667 0.3407060185185185 0.0676967592592593 0.06673611111111111
0 0.34104166666666663 0.31710069444444444 0.061435185185185225 0.060243055555555536
0 0.3163483796296297 0.2724768518518519 0.07318287037037034 0.07627314814814809
0 0.35829861111111116 0.24734953703703705 0.10803240740740741 0.12280092592592592
0 0.3401099537037037 0.3416840277777778 0.0508912037037037 0.0612384259259259
0 0.40064814814814814 0.33379629629629626 0.05871527777777778 0.06781249999999997
0 0.42752893518518514 0.2928298611111111 0.06262731481481479 0.07109953703703695
0 0.4338541666666666 0.33365740740740735 0.05166666666666657 0.058194444444444396
0 0.4633506944444445 0.33450231481481485 0.051284722222222356 0.06280092592592598
0 0.48247685185185196 0.3255960648148148 0.056365740740740834 0.06460648148148147
0 0.48625578703703703 0.2557523148148148 0.09943287037037045 0.1192708333333333
0 0.5266435185185185 0.3375520833333333 0.055208333333333214 0.07225694444444448
0 0.5533969907407408 0.33379050925925924 0.060682870370370345 0.07562499999999997
0 0.5805613425925926 0.34108796296296295 0.05207175925925931 0.06592592592592598
0 0.6087037037037037 0.34912615740740743 0.05442129629629626 0.0691319444444444
0 0.6592013888888889 0.29822916666666666 0.08730324074074076 0.10784722222222225
0 0.8983969907407406 0.3586400462962963 0.05089120370370352 0.0612384259259259
0 0.6995370370370371 0.3515393518518518 0.06262731481481473 0.07109953703703704
0 0.9347453703703703 0.3678356481481481 0.06106481481481509 0.07101851851851855
0 0.9720225694444444 0.3663078703703704 0.05595486111111114 0.08540509259259252
0 0.9916724537037037 0.3827372685185185 0.016655092592592523 0.07562499999999997