0 0.08671875 0.53046875 0.11171875 0.14921875
0 0.23828125 0.4859375 0.06171875 0.09765625
0 0.27421875 0.40703125 0.040625 0.06953125
0 0.371875 0.3 0.05546875 0.09765625
0 0.28046875 0.66484375 0.10859375 0.1671875
0 0.56640625 0.48125 0.06171875 0.09765625
0 0.6421875 0.609375 0.1265625 0.1859375
0 0.6765625 0.47890625 0.08359375 0.12109375
0 0.72578125 0.41171875 0.040625 0.08828125
0 0.8296875 0.4328125 0.05546875 0.08359375
0 0.89609375 0.56484375 0.1640625 0.2375
0 0.96875 0.46484375 0.04921875 0.10234375