0 0.17265625 0.27890625 0.3203125 0.5578125
0 0.36640625 0.26953125 0.0484375 0.06796875
0 0.43125 0.35625 0.025 0.03515625
0 0.41796875 0.328125 0.0265625 0.03984375
0 0.50625 0.29609375 0.021875 0.0375
0 0.55 0.309375 0.025 0.04921875
0 0.56640625 0.253125 0.0203125 0.03984375
0 0.63125 0.29140625 0.01875 0.0234375
0 0.65546875 0.29296875 0.0171875 0.03515625
0 0.7109375 0.2328125 0.021875 0.0375
0 0.7265625 0.25859375 0.025 0.0375
0 0.775 0.23984375 0.025 0.0375
0 0.82734375 0.2671875 0.0265625 0.03984375
0 0.940625 0.39375 0.05 0.07734375
0 0.95 0.35078125 0.04375 0.046875
0 0.93515625 0.30625 0.0234375 0.0421875
0 0.96484375 0.28125 0.0171875 0.03984375
0 0.91640625 0.2796875 0.0203125 0.0328125
0 0.8921875 0.275 0.015625 0.028125