0 0.9127951388888889 0.7071701388888889 0.11663194444444436 0.20322916666666674
0 0.8561458333333334 0.5958506944444444 0.11006944444444429 0.16083333333333344
0 0.7182291666666666 0.57625 0.09722222222222214 0.1524652777777778
0 0.6811111111111111 0.7447569444444444 0.21045138888888887 0.27913194444444456
0 0.5953645833333333 0.726736111111111 0.13611111111111107 0.18538194444444436
0 0.5934722222222222 0.6114236111111111 0.11468750000000014 0.15947916666666656
0 0.5367708333333333 0.5889930555555555 0.09152777777777779 0.16468750000000015
0 0.33828125 0.37092013888888886 0.07423611111111113 0.1264930555555556
0 0.3351736111111111 0.6338194444444445 0.09517361111111118 0.1414583333333333
0 0.2933159722222222 0.6809027777777779 0.10881944444444444 0.13270833333333343
0 0.3079340277777778 0.7730381944444444 0.12430555555555553 0.2004513888888889
0 0.12137152777777778 0.6901041666666667 0.09184027777777777 0.13663194444444446
0 0.09060763888888888 0.715642361111111 0.08864583333333334 0.13493055555555564
0 0.03953993055555556 0.7411458333333334 0.07907986111111112 0.23399305555555544