0 0.9468344907407407 0.35746527777777776 0.10633101851851876 0.28321759259259255
0 0.9994820601851853 0.5941724537037038 0.001035879629629477 0.06842592592592603
0 0.9691377314814815 0.5601099537037036 0.06172453703703695 0.08857638888888886
0 0.9694039351851853 0.6016203703703704 0.06119212962962948 0.07091435185185198
0 0.9134317129629629 0.5918807870370371 0.05785879629629633 0.056111111111111
0 0.8547974537037037 0.5544270833333333 0.06803240740740754 0.07578703703703696
0 0.7943402777777778 0.5528703703703703 0.0645138888888889 0.07229166666666664
0 0.7847337962962964 0.4073206018518519 0.12725694444444446 0.13052083333333334
0 0.7369386574074074 0.47483217592592586 0.09325231481481477 0.10494212962962948
0 0.7455787037037037 0.5245543981481482 0.05200231481481481 0.05849537037037038
0 0.6456250000000001 0.48010416666666667 0.065486111111111 0.06778935185185198
0 0.608900462962963 0.47811342592592593 0.04925925925925938 0.04893518518518523
0 0.6047164351851853 0.4952604166666667 0.04085648148148149 0.043321759259259095
0 0.4633622685185186 0.4620601851851852 0.043206018518518616 0.04975694444444443
0 0.43793402777777785 0.42384259259259255 0.06842592592592603 0.078912037037037
0 0.46206597222222223 0.43287615740740737 0.04633101851851844 0.050127314814814736
0 0.41211226851851845 0.3825 0.08758101851851845 0.096574074074074
0 0.3872337962962963 0.3045717592592593 0.10361111111111114 0.11386574074074077
0 0.19713541666666667 0.15504050925925925 0.250625 0.2790509259259259
0 0.18436342592592594 0.28659143518518515 0.09090277777777778 0.0985069444444445
0 0.11399305555555554 0.33854166666666663 0.06783564814814814 0.07422453703703705
0 0.23082754629629632 0.3659259259259259 0.08406249999999996 0.0930787037037037
0 0.2782118055555555 0.3833043981481482 0.06646990740740737 0.0756018518518518
0 0.3144675925925926 0.4067592592592593 0.04496527777777777 0.05150462962962972