0 0.03984375 0.49140625 0.0796875 0.1296875
0 0.04140625 0.43828125 0.05234375 0.05703125
0 0.2421875 0.3734375 0.05 0.06015625
0 0.28984375 0.3 0.0296875 0.046875
0 0.2921875 0.41484375 0.03515625 0.05
0 0.31484375 0.4015625 0.0296875 0.04296875
0 0.35234375 0.43359375 0.0546875 0.053125
0 0.3671875 0.40859375 0.0296875 0.04296875
0 0.46015625 0.41015625 0.03984375 0.06015625
0 0.5421875 0.41171875 0.1046875 0.1296875
0 0.77265625 0.5015625 0.075 0.0765625
0 0.64375 0.5015625 0.0625 0.08984375
0 0.73125 0.4234375 0.0375 0.046875
0 0.76875 0.43671875 0.0328125 0.046875
0 0.8140625 0.43671875 0.0375 0.053125
0 0.8375 0.4515625 0.0453125 0.06328125
0 0.8734375 0.496875 0.05234375 0.06640625
0 0.9734375 0.48515625 0.0375 0.06328125
0 0.9734375 0.43515625 0.0375 0.05703125