0 0.19991319444444441 0.5878530092592593 0.25659722222222225 0.30174768518518513
0 0.13524305555555555 0.38613425925925926 0.06840277777777777 0.06809027777777779
0 0.08159722222222224 0.3611053240740741 0.05625 0.05699074074074071
0 0.2640625 0.36231481481481487 0.04930555555555553 0.05064814814814813
0 0.26831597222222225 0.3865104166666667 0.04079861111111107 0.0442824074074073
0 0.33003472222222224 0.4208101851851852 0.04965277777777777 0.05377314814814813
0 0.2572048611111111 0.46962384259259266 0.1119791666666667 0.12333333333333343
0 0.3908854166666667 0.4261689814814815 0.04947916666666661 0.05221064814814831
0 0.35963541666666665 0.3984606481481482 0.03715277777777777 0.039548611111111145
0 0.4365451388888889 0.4215798611111111 0.040972222222222146 0.04584490740740743
0 0.44696180555555554 0.49420138888888887 0.08854166666666678 0.09490740740740744
0 0.46640625 0.5706018518518519 0.14774305555555553 0.1644212962962964
0 0.5105902777777778 0.4400462962962964 0.042881944444444466 0.048993055555555644
0 0.5938368055555555 0.47793981481481485 0.07864583333333322 0.09008101851851862
0 0.6572916666666666 0.5630787037037036 0.10815972222222214 0.11703703703703709
0 0.6616319444444445 0.5035416666666667 0.04965277777777786 0.05377314814814813
0 0.5795138888888889 0.84203125 0.3038194444444443 0.3055671296296296
0 0.7889756944444445 0.7199826388888889 0.15190972222222215 0.17384259259259274
0 0.8058159722222221 0.6039178240740741 0.08107638888888893 0.08387731481481478