0 0.7975983796296295 0.48697916666666663 0.04846064814814817 0.06017361111111121
0 0.8066840277777778 0.4540277777777778 0.0420254629629631 0.056076388888888926
0 0.7927488425925926 0.43175347222222216 0.048645833333333145 0.06329861111111121
0 0.7596990740740741 0.41954861111111114 0.0717245370370371 0.08701388888888886
0 0.7300231481481482 0.34453125 0.09682870370370367 0.11878472222222225
0 0.6862789351851852 0.2582986111111111 0.13416666666666668 0.17413194444444446
0 0.6344907407407407 0.38225694444444447 0.0752199074074074 0.09375
0 0.6865335648148149 0.4222569444444444 0.060138888888888783 0.0743749999999999
0 0.7150289351851852 0.42413194444444446 0.047083333333333324 0.0630555555555556
0 0.7312210648148149 0.4578819444444445 0.0436805555555555 0.0578819444444445
0 0.5602314814814815 0.2999826388888889 0.09039351851851851 0.11468749999999997
0 0.4671180555555556 0.2986979166666667 0.10694444444444447 0.1327430555555555
0 0.5386863425925925 0.4286979166666667 0.05526620370370381 0.07052083333333332
0 0.5559259259259259 0.44020833333333337 0.04037037037037035 0.05427083333333336
0 0.5880034722222222 0.4360069444444445 0.04340277777777786 0.0531944444444445
0 0.5081712962962963 0.43265624999999996 0.03365740740740737 0.045486111111111074
0 0.47093749999999995 0.41637152777777775 0.04193287037037052 0.05451388888888893
0 0.45824652777777775 0.40178819444444447 0.05370370370370363 0.07027777777777774
0 0.4016145833333333 0.3774826388888889 0.062164351851851804 0.0824305555555556
0 0.4024594907407407 0.4183506944444444 0.04193287037037034 0.05451388888888888
0 0.35857060185185186 0.42281250000000004 0.03834490740740737 0.046215277777777786
0 0.3361747685185185 0.3908159722222222 0.05177083333333332 0.06378472222222217
0 0.3043287037037037 0.39892361111111113 0.03549768518518519 0.050416666666666644
0 0.28751157407407407 0.40784722222222225 0.03375000000000004 0.04704861111111107
0 0.26613425925925926 0.39303819444444443 0.05020833333333332 0.06354166666666669
0 0.2517418981481482 0.37635416666666666 0.05020833333333332 0.06354166666666661
0 0.23148148148148148 0.39369791666666665 0.04846064814814817 0.06017361111111112
0 0.3316724537037037 0.28822916666666665 0.10197916666666665 0.12732638888888886
0 0.15962962962962962 0.24560763888888887 0.1367361111111111 0.16524305555555557
0 0.18269097222222222 0.32875 0.05701388888888888 0.07388888888888889
0 0.1553587962962963 0.3598090277777778 0.05701388888888888 0.07388888888888889
0 0.11554398148148148 0.32657986111111115 0.09361111111111109 0.11673611111111111
0 0.11713541666666667 0.3933506944444445 0.0366898148148148 0.04440972222222221
0 0.07894097222222222 0.38746527777777773 0.039722222222222214 0.043333333333333356
0 0.052424768518518516 0.3923784722222222 0.03540509259259259 0.04885416666666664
0 0.06030671296296296 0.33911458333333333 0.04726851851851852 0.06618055555555555
0 0.3085590277777778 0.5102256944444445 0.02988425925925924 0.034062499999999926