0 0.8669097222222222 0.5047106481481481 0.1139930555555555 0.16790509259259245
0 0.8407465277777778 0.5852835648148148 0.08972222222222222 0.12398148148148155
0 0.8293923611111111 0.7033043981481482 0.054409722222222 0.07237268518518522
0 0.5810590277777777 0.6399016203703705 0.06746527777777764 0.10079861111111121
0 0.47892361111111115 0.5862847222222223 0.10250000000000004 0.13990740740740737
0 0.6183680555555556 0.6765277777777777 0.0546180555555555 0.08174768518518505
0 0.6481423611111111 0.6885706018518519 0.04493055555555543 0.0651157407407407
0 0.6782465277777778 0.7154571759259258 0.03850694444444436 0.05559027777777779
0 0.6029166666666667 0.7499421296296296 0.04163194444444436 0.05644675925925924
0 0.5675347222222222 0.7301504629629629 0.04010416666666661 0.05758101851851851
0 0.5355902777777778 0.7252777777777778 0.041736111111111106 0.061134259259259235
0 0.49496527777777777 0.7141435185185185 0.04975694444444443 0.07265046296296304
0 0.5114583333333333 0.7574884259259259 0.035381944444444355 0.054733796296296336
0 0.48182291666666666 0.7516956018518519 0.03208333333333328 0.04606481481481488
0 0.4169270833333334 0.6966377314814814 0.051458333333333384 0.07932870370370378
0 0.42022569444444446 0.7402488425925926 0.03531250000000004 0.05160879629629633
0 0.37279513888888893 0.73734375 0.041736111111111106 0.061134259259259235
0 0.33666666666666667 0.7538425925925927 0.0384722222222222 0.054027777777777786
0 0.31439236111111113 0.659994212962963 0.06597222222222224 0.10349537037037031
0 0.28161458333333333 0.7224479166666666 0.05142361111111118 0.0777662037037036
0 0.18649305555555556 0.6350347222222222 0.10562500000000004 0.140763888888889
0 0.18888888888888888 0.7079050925925927 0.06586805555555557 0.09880787037037031
0 0.16930555555555554 0.7351504629629629 0.060833333333333336 0.08189814814814814
0 0.05890625000000001 0.6590798611111112 0.0723611111111111 0.11145833333333321