0 0.7584375000000001 0.2476273148148148 0.23218750000000005 0.32586805555555554
0 0.5609375 0.19994212962962962 0.17062500000000008 0.22870370370370371
0 0.39078125 0.22821180555555554 0.20374999999999996 0.2890046296296296
0 0.14359375 0.23995949074074074 0.19593750000000001 0.264988425925926
0 0.17734375 0.17780671296296297 0.14718749999999997 0.20931712962962962
0 0.24921875 0.14424189814814814 0.12093749999999996 0.16834490740740743
0 0.33718750000000003 0.12228009259259258 0.090625 0.12962962962962962
0 0.46046875 0.16750578703703703 0.1015625 0.13917824074074076
0 0.43734375 0.08428819444444444 0.08843750000000003 0.11869212962962963
0 0.50078125 0.11385995370370369 0.04124999999999997 0.055787037037037024
0 0.5228125 0.14704861111111112 0.07218750000000007 0.0976273148148148
0 0.60859375 0.11414930555555554 0.05031250000000007 0.07100694444444446
0 0.56703125 0.09267939814814813 0.071875 0.09606481481481481
0 0.6807812500000001 0.18747106481481482 0.07937499999999993 0.11099537037037037
0 0.7021875 0.1365162037037037 0.0671875 0.08767361111111112
0 0.8448437500000001 0.17734374999999997 0.07999999999999971 0.11412037037037037
0 0.8798437499999998 0.11739004629629628 0.06781250000000014 0.09832175925925926
0 0.9375781249999999 0.21631944444444445 0.12484375000000014 0.19438657407407406
0 0.955859375 0.33382523148148147 0.08828125 0.237962962962963
0 0.98359375 0.15567129629629628 0.0328125 0.13946759259259256
0 0.953515625 0.1097511574074074 0.09296875 0.12951388888888887
0 0.9099999999999999 0.13449074074074074 0.07624999999999993 0.11041666666666669