0 0.05 0.325 0.03125 0.05703125
0 0.0734375 0.32421875 0.03359375 0.05078125
0 0.1546875 0.33125 0.02734375 0.0484375
0 0.21171875 0.33671875 0.02421875 0.0421875
0 0.21015625 0.3109375 0.0171875 0.03125
0 0.2359375 0.3109375 0.01953125 0.0375
0 0.26171875 0.32265625 0.025 0.04609375
0 0.29921875 0.3671875 0.04140625 0.078125
0 0.30390625 0.31015625 0.028125 0.04453125
0 0.28359375 0.30859375 0.01796875 0.03671875
0 0.31640625 0.303125 0.01796875 0.03671875
0 0.34765625 0.29765625 0.021875 0.0390625
0 0.36875 0.38515625 0.0453125 0.08359375
0 0.38359375 0.3125 0.025 0.0375
0 0.4109375 0.31171875 0.0203125 0.04296875
0 0.42734375 0.321875 0.0296875 0.05703125
0 0.45390625 0.31328125 0.02734375 0.0546875
0 0.465625 0.33125 0.0265625 0.05625
0 0.496875 0.35234375 0.05859375 0.090625
0 0.55625 0.3453125 0.03828125 0.08359375
0 0.4953125 0.29609375 0.01640625 0.0265625
0 0.50703125 0.30078125 0.01640625 0.03671875
0 0.56171875 0.25703125 0.02265625 0.04921875
0 0.5875 0.234375 0.0265625 0.0546875
0 0.621875 0.32578125 0.028125 0.0609375
0 0.63828125 0.30234375 0.01796875 0.0421875
0 0.66640625 0.3046875 0.015625 0.03359375
0 0.66015625 0.2984375 0.015625 0.02734375
0 0.68671875 0.31875 0.02265625 0.0484375
0 0.690625 0.2875 0.009375 0.015625
0 0.70390625 0.29375 0.01796875 0.034375
0 0.715625 0.34140625 0.02578125 0.0625
0 0.75078125 0.34140625 0.03984375 0.0890625
0 0.7765625 0.33828125 0.03125 0.059375
0 0.79609375 0.3203125 0.0265625 0.0546875
0 0.78359375 0.25859375 0.0203125 0.02734375
0 0.803125 0.27421875 0.015625 0.0328125
0 0.815625 0.31875 0.01796875 0.03671875
0 0.81875 0.29453125 0.01328125 0.03359375
0 0.90078125 0.36640625 0.05390625 0.09375
0 0.8796875 0.328125 0.0375 0.0640625
0 0.859375 0.31171875 0.021875 0.04140625
0 0.8640625 0.265625 0.01796875 0.0296875
0 0.90546875 0.26875 0.01796875 0.03671875
0 0.91875 0.31171875 0.0234375 0.04296875
0 0.93359375 0.2671875 0.0171875 0.0296875
0 0.95078125 0.31640625 0.02109375 0.03984375
0 0.975 0.35078125 0.0390625 0.07578125