0 0.4296875 0.728125 0.06484375 0.13984375
0 0.5734375 0.69453125 0.06640625 0.11796875
0 0.6015625 0.5578125 0.0375 0.0890625
0 0.41875 0.5640625 0.0453125 0.09765625
0 0.34140625 0.52421875 0.03515625 0.07578125
0 0.28984375 0.4859375 0.0296875 0.06015625
0 0.2515625 0.521875 0.03984375 0.07578125
0 0.2578125 0.4390625 0.0265625 0.05078125
0 0.215625 0.415625 0.0234375 0.04921875
0 0.1671875 0.43203125 0.0296875 0.05078125
0 0.16640625 0.378125 0.0171875 0.0359375
0 0.13125 0.3875 0.025 0.0421875
0 0.13828125 0.34765625 0.01640625 0.02890625
0 0.1140625 0.3546875 0.01875 0.046875
0 0.1203125 0.32890625 0.0125 0.03125
0 0.09140625 0.3375 0.0171875 0.0359375
0 0.0828125 0.31875 0.0125 0.02421875
0 0.1 0.3125 0.0125 0.02421875
0 0.08671875 0.253125 0.0109375 0.01796875
0 0.69140625 0.57109375 0.0328125 0.06640625
0 0.85625 0.62109375 0.05 0.1
0 0.84140625 0.5578125 0.0375 0.06640625
0 0.90234375 0.528125 0.0296875 0.06015625
0 0.90234375 0.47578125 0.0296875 0.0578125
0 0.92578125 0.4546875 0.02109375 0.05078125
0 0.91484375 0.428125 0.02265625 0.0421875
0 0.9875 0.4734375 0.0203125 0.0625
0 0.8859375 0.41328125 0.0171875 0.03984375
0 0.821875 0.4578125 0.02109375 0.053125
0 0.75546875 0.47890625 0.03125 0.05078125
0 0.6796875 0.4890625 0.03125 0.053125
0 0.66015625 0.45859375 0.02265625 0.046875
0 0.61796875 0.46796875 0.0234375 0.05078125
0 0.5734375 0.50078125 0.02734375 0.0640625
0 0.4984375 0.4609375 0.0265625 0.05078125
0 0.4234375 0.45859375 0.025 0.06015625
0 0.42890625 0.42109375 0.02265625 0.046875
0 0.3921875 0.40703125 0.0234375 0.04453125
0 0.34140625 0.4046875 0.0203125 0.03984375
0 0.3453125 0.38203125 0.0203125 0.04453125
0 0.315625 0.3703125 0.01640625 0.02890625
0 0.31953125 0.346875 0.01640625 0.021875
0 0.284375 0.35546875 0.0109375 0.021875
0 0.2703125 0.3640625 0.0171875 0.03125
0 0.390625 0.3265625 0.01875 0.0359375
0 0.409375 0.378125 0.01640625 0.03984375
0 0.434375 0.3765625 0.0140625 0.03359375
0 0.4890625 0.40703125 0.02265625 0.04453125
0 0.4828125 0.3875 0.01484375 0.03359375
0 0.5046875 0.3875 0.0171875 0.0375
0 0.5234375 0.3953125 0.01640625 0.03125
0 0.5328125 0.42578125 0.02265625 0.046875
0 0.5875 0.428125 0.0203125 0.0421875
0 0.5828125 0.3859375 0.01640625 0.0375
0 0.54453125 0.38671875 0.0140625 0.0359375
0 0.6203125 0.4203125 0.0203125 0.03984375
0 0.64296875 0.371875 0.0140625 0.02890625
0 0.65546875 0.4140625 0.02109375 0.0421875
0 0.6640625 0.37421875 0.0171875 0.03359375
0 0.6890625 0.396875 0.01875 0.0375
0 0.715625 0.42109375 0.02109375 0.0375
0 0.7421875 0.38125 0.01640625 0.0375
0 0.7609375 0.44453125 0.02265625 0.04921875
0 0.75234375 0.42578125 0.0171875 0.0421875
0 0.77578125 0.3859375 0.01875 0.0375
0 0.79296875 0.428125 0.01875 0.0421875
0 0.8109375 0.4046875 0.0171875 0.0359375
0 0.8328125 0.3953125 0.0171875 0.0359375
0 0.83203125 0.434375 0.0140625 0.02890625