0 0.9738165509259259 0.496412037037037 0.05236689814814817 0.13819444444444445
0 0.9555439814814815 0.584693287037037 0.05731481481481495 0.06753472222222215
0 0.8807291666666666 0.39730902777777777 0.18383101851851863 0.2281828703703704
0 0.8298148148148148 0.6865162037037037 0.10576388888888885 0.1375
0 0.7291782407407407 0.583275462962963 0.05756944444444443 0.06909722222222214
0 0.6554050925925926 0.43139467592592595 0.12269675925925938 0.1372106481481481
0 0.588275462962963 0.5628761574074075 0.05600694444444443 0.06898148148148149
0 0.550769675925926 0.5316550925925926 0.10354166666666664 0.10491898148148149
0 0.5188483796296296 0.6462962962962964 0.056805555555555644 0.06440972222222215
0 0.45807870370370374 0.5693576388888889 0.07650462962962976 0.09056712962962976
0 0.26047453703703705 0.4630208333333333 0.14057870370370368 0.16168981481481487
0 0.15157407407407406 0.483738425925926 0.11644675925925925 0.13674768518518512