0 0.04921875 0.684375 0.09140625 0.16484375
0 0.2796875 0.5703125 0.05234375 0.0609375
0 0.24921875 0.5484375 0.0390625 0.0640625
0 0.3625 0.53671875 0.0390625 0.05625
0 0.39140625 0.55625 0.0375 0.05625
0 0.42734375 0.57578125 0.0453125 0.059375
0 0.40703125 0.63515625 0.07890625 0.11015625
0 0.49765625 0.68984375 0.11328125 0.1546875
0 0.621875 0.6359375 0.05703125 0.090625
0 0.70390625 0.68828125 0.13671875 0.2046875
0 0.5859375 0.5625 0.03984375 0.053125
0 0.5296875 0.5515625 0.03359375 0.04609375
0 0.49296875 0.55625 0.0390625 0.053125
0 0.65703125 0.540625 0.03984375 0.0609375
0 0.69921875 0.54140625 0.03125 0.04765625
0 0.72734375 0.540625 0.03671875 0.0546875
0 0.75703125 0.5390625 0.03359375 0.0515625
0 0.7359375 0.48046875 0.0265625 0.03828125
0 0.7875 0.51328125 0.0234375 0.04140625
0 0.5921875 0.45390625 0.0265625 0.0328125
0 0.81015625 0.6296875 0.0796875 0.1109375
0 0.8421875 0.61328125 0.04921875 0.0875
0 0.828125 0.5453125 0.02890625 0.04609375
0 0.86171875 0.546875 0.03203125 0.04921875
0 0.8453125 0.51953125 0.02421875 0.0328125
0 0.8828125 0.51796875 0.03203125 0.05078125
0 0.90078125 0.52109375 0.021875 0.03828125
0 0.96796875 0.534375 0.03359375 0.04765625