0 0.8203125 0.40832754629629625 0.1455208333333335 0.14875000000000002
0 0.7090624999999999 0.4049189814814815 0.18239583333333337 0.1925578703703703
0 0.8204687500000001 0.5192534722222222 0.11875 0.12253472222222221
0 0.7425520833333333 0.5608391203703704 0.08000000000000007 0.0879398148148148
0 0.7023958333333333 0.5493171296296296 0.09791666666666679 0.10593749999999993
0 0.65328125 0.6167824074074074 0.08197916666666671 0.09114583333333322
0 0.5322916666666667 0.5625231481481482 0.11156249999999997 0.12681712962962965
0 0.5572395833333333 0.6291087962962962 0.060104166666666715 0.06673611111111111
0 0.515 0.6450115740740741 0.07843750000000008 0.08785879629629641
0 0.43531250000000005 0.629079861111111 0.10052083333333325 0.11383101851851869
0 0.47375 0.6711921296296296 0.06427083333333332 0.0747106481481481
0 0.42729166666666674 0.7128356481481481 0.07135416666666675 0.08128472222222224
0 0.45499999999999996 0.8118171296296296 0.061875000000000034 0.06837962962962969
0 0.3416666666666667 0.7060358796296297 0.0833333333333334 0.0896643518518518
0 0.28645833333333337 0.6481076388888889 0.09500000000000001 0.10733796296296294
0 0.21010416666666668 0.5009780092592593 0.17093749999999996 0.17644675925925918
0 0.1509375 0.9211284722222223 0.11885416666666666 0.1349537037037038