0 0.1921875 0.53046875 0.0453125 0.11796875
0 0.29765625 0.54609375 0.06015625 0.12890625
0 0.2609375 0.49453125 0.0453125 0.10390625
0 0.33828125 0.48359375 0.03671875 0.08203125
0 0.38828125 0.5265625 0.0453125 0.1109375
0 0.4171875 0.2890625 0.04921875 0.09296875
0 0.47890625 0.43203125 0.03828125 0.07109375
0 0.684375 0.30703125 0.034375 0.0640625
0 0.62265625 0.68046875 0.0890625 0.1890625
0 0.72265625 0.6375 0.07421875 0.175
0 0.85703125 0.75703125 0.13671875 0.3
0 0.85703125 0.55546875 0.05625 0.11796875
0 0.84765625 0.4625 0.05078125 0.1109375
0 0.80625 0.47109375 0.0421875 0.09296875
0 0.7625 0.43359375 0.03828125 0.075
0 0.7546875 0.53046875 0.04375 0.1109375
0 0.71484375 0.44609375 0.03671875 0.07109375
0 0.91171875 0.4265625 0.05625 0.08203125
0 0.8984375 0.48359375 0.0328125 0.08203125
0 0.96171875 0.4890625 0.0546875 0.12109375