0 0.5497280092592594 0.5818402777777777 0.07190972222222207 0.13371527777777778
0 0.5889641203703704 0.5055381944444444 0.05314814814814817 0.09041666666666667
0 0.5605671296296297 0.5043229166666666 0.03210648148148145 0.05847222222222222
0 0.5431134259259259 0.4845138888888888 0.025011574074074082 0.04482638888888886
0 0.4644502314814815 0.45546875 0.028738425925925883 0.04871527777777782
0 0.4026967592592593 0.4575520833333334 0.03432870370370367 0.054548611111111
0 0.3713252314814815 0.45479166666666665 0.03487268518518523 0.0651041666666666
0 0.35620949074074076 0.4568229166666667 0.03270833333333334 0.06159722222222221
0 0.3120659722222222 0.45666666666666667 0.037696759259259235 0.06430555555555557
0 0.2942997685185185 0.48095486111111113 0.03703703703703702 0.068611111111111
0 0.27901041666666665 0.4584027777777778 0.0398032407407408 0.07524305555555558
0 0.18352430555555554 0.5209548611111111 0.10010416666666666 0.171875
0 0.16863425925925926 0.4665972222222222 0.0679976851851852 0.11340277777777778