0 0.8196527777777778 0.9339583333333333 0.08090277777777785 0.09798611111111129
0 0.7541319444444444 0.8880902777777777 0.07572916666666671 0.09350694444444443
0 0.6768055555555555 0.891875 0.12906250000000002 0.15815972222222213
0 0.5927083333333334 0.8079861111111111 0.11510416666666679 0.145173611111111
0 0.49741319444444443 0.7698437499999999 0.10076388888888879 0.12013888888888893
0 0.5276736111111111 0.7589930555555556 0.06826388888888886 0.08388888888888886
0 0.43984375 0.6781076388888889 0.08006944444444439 0.10222222222222221
0 0.4192708333333333 0.5742013888888888 0.08031249999999997 0.10378472222222221
0 0.36630208333333336 0.6838020833333334 0.10583333333333336 0.13354166666666673
0 0.3351909722222222 0.8762152777777779 0.2701736111111111 0.24756944444444437
0 0.25322916666666667 0.6339930555555556 0.13291666666666666 0.16374999999999992
0 0.3324826388888889 0.591579861111111 0.10354166666666664 0.12840277777777764
0 0.22664930555555554 0.5634548611111111 0.12076388888888889 0.15277777777777785
0 0.021614583333333333 0.6943923611111111 0.043229166666666666 0.35753472222222216
0 0.07713541666666666 0.4802604166666667 0.13111111111111112 0.16173611111111103