0 0.9387644675925927 0.9076678240740741 0.12247106481481466 0.1846643518518519
0 0.9413049768518519 0.7440393518518519 0.1173900462962962 0.19959490740740726
0 0.9742216435185185 0.5747395833333333 0.05155671296296305 0.06649305555555554
0 0.9588483796296297 0.5554398148148149 0.054178240740740694 0.065625
0 0.9586921296296296 0.51484375 0.04565972222222214 0.05353009259259256
0 0.9224305555555556 0.6080439814814815 0.10387731481481452 0.1168981481481481
0 0.9009317129629629 0.5514756944444444 0.06991898148148153 0.08356481481481488
0 0.914988425925926 0.4924768518518519 0.04943287037037045 0.05723379629629619
0 0.8488599537037036 0.5974247685185186 0.12630787037037045 0.1526041666666668
0 0.8463252314814815 0.49103009259259256 0.05574074074074069 0.0659143518518519
0 0.8580324074074074 0.47141203703703705 0.04565972222222214 0.05353009259259274
0 0.8671064814814816 0.413744212962963 0.04032407407407419 0.049537037037037025
0 0.8127604166666668 0.4885706018518519 0.08663194444444437 0.10619212962962976
0 0.7950925925925926 0.4432291666666667 0.054826388888889 0.06875
0 0.8130092592592593 0.39921875 0.04064814814814817 0.05109953703703703
0 0.7736574074074074 0.45578703703703705 0.05892361111111129 0.0740162037037038
0 0.7389872685185186 0.4516203703703704 0.07212962962962965 0.08697916666666679
0 0.7189351851851852 0.48171296296296295 0.08533564814814802 0.09994212962962959
0 0.7143923611111112 0.702488425925926 0.2089004629629631 0.2610532407407408
0 0.5016319444444445 0.5278645833333334 0.19375 0.23871527777777785
0 0.5366898148148149 0.39988425925925924 0.09918981481481488 0.11603009259259256
0 0.5662847222222223 0.332494212962963 0.06145833333333321 0.07899305555555554
0 0.5880844907407408 0.3470486111111111 0.04787037037037045 0.056944444444444464
0 0.6149421296296296 0.34976851851851853 0.04663194444444443 0.05821759259259256
0 0.6247685185185186 0.38990162037037035 0.057627314814814846 0.06776620370370372
0 0.601400462962963 0.4148726851851851 0.0708912037037038 0.08825231481481484
0 0.6442303240740741 0.3642071759259259 0.0444212962962963 0.05480324074074074
0 0.6599884259259259 0.36412037037037037 0.052291666666666715 0.06377314814814819
0 0.6727662037037037 0.3822627314814815 0.04943287037037045 0.057233796296296366
0 0.6922685185185184 0.38211805555555556 0.04884259259259256 0.06163194444444446
0 0.7639351851851852 0.40891203703703705 0.04123842592592588 0.04670138888888893
0 0.5269560185185185 0.33122106481481484 0.07056712962962948 0.08668981481481479
0 0.48596643518518523 0.29658564814814814 0.06490740740740737 0.08113425925925925
0 0.4461863425925926 0.35833333333333334 0.09170138888888886 0.11614583333333331
0 0.39707175925925925 0.34247685185185184 0.09170138888888886 0.11614583333333331
0 0.40498263888888886 0.27557870370370374 0.06614583333333326 0.07986111111111108
0 0.4296469907407408 0.2568576388888889 0.061724537037036994 0.07303240740740743
0 0.3833912037037037 0.24754050925925924 0.05261574074074069 0.0653356481481481
0 0.36789351851851854 0.2814814814814815 0.07212962962962965 0.08697916666666669
0 0.33305555555555555 0.21493055555555554 0.06016203703703704 0.07274305555555556
0 0.3030729166666667 0.21163194444444447 0.0645833333333333 0.07957175925925926
0 0.286875 0.1951099537037037 0.0636111111111111 0.07488425925925926
0 0.2632407407407408 0.2260416666666667 0.0718055555555556 0.08541666666666663
0 0.27837962962962964 0.3280092592592593 0.13008101851851847 0.15630787037037042
0 0.21662037037037035 0.29103009259259255 0.09638888888888889 0.11701388888888893
0 0.17593171296296298 0.21438078703703703 0.08910879629629628 0.10364583333333337
0 0.21008101851851854 0.15083912037037037 0.0636689814814815 0.0824074074074074