0 0.9537326388888889 0.433275462962963 0.09253472222222214 0.20081018518518512
0 0.9578993055555556 0.558443287037037 0.08420138888888892 0.12915509259259253
0 0.8033854166666667 0.4441377314814815 0.14253472222222224 0.16151620370370376
0 0.8099826388888889 0.5599479166666667 0.09322916666666652 0.09620370370370371
0 0.7364583333333334 0.5683969907407407 0.08142361111111107 0.10208333333333322
0 0.6394965277777778 0.4928877314814815 0.1140625 0.14354166666666668
0 0.5475694444444444 0.5332349537037037 0.09652777777777785 0.1258912037037037
0 0.6484375 0.5874652777777778 0.07569444444444447 0.09256944444444457
0 0.6982638888888889 0.6267476851851852 0.0703125 0.08618055555555557
0 0.6039930555555555 0.6318923611111111 0.04027777777777786 0.05414351851851862
0 0.5542534722222222 0.6498263888888889 0.03645833333333339 0.047800925925925955
0 0.5074652777777777 0.6237789351851852 0.04166666666666661 0.05262731481481477
0 0.44079861111111107 0.5175868055555556 0.07152777777777786 0.09711805555555557
0 0.3855034722222222 0.5278472222222221 0.06684027777777776 0.09697916666666657
0 0.4145833333333333 0.6061516203703704 0.0546875 0.07170138888888893
0 0.38263888888888886 0.6078819444444445 0.0338541666666667 0.05239583333333329
0 0.46284722222222224 0.6243171296296296 0.03576388888888893 0.04155092592592595
0 0.44375 0.6217476851851852 0.024652777777777857 0.0396643518518518
0 0.8907118055555557 0.6233969907407408 0.05225694444444429 0.07785879629629626
0 0.8444444444444444 0.6161458333333334 0.07309027777777785 0.0971643518518519
0 0.7828993055555555 0.619537037037037 0.06319444444444464 0.07818287037037042
0 0.690625 0.7202488425925926 0.052430555555555536 0.0654050925925926
0 0.7541666666666667 0.6713368055555555 0.027604166666666784 0.03819444444444446
0 0.7750868055555555 0.6832581018518519 0.02517361111111107 0.044351851851851795
0 0.7915798611111111 0.6835532407407408 0.024652777777777857 0.03966435185185198
0 0.8138020833333334 0.6789756944444444 0.03454861111111107 0.044629629629629616
0 0.8375 0.6947337962962963 0.025520833333333215 0.03346064814814813
0 0.8566840277777779 0.7051388888888889 0.026909722222222144 0.03194444444444446
0 0.8752604166666667 0.6959664351851852 0.0328125 0.043020833333333286
0 0.8932291666666666 0.6742708333333334 0.05138888888888893 0.0560300925925926
0 0.9327256944444444 0.7405092592592593 0.039583333333333214 0.04789351851851844
0 0.90625 0.7209143518518518 0.021354166666666785 0.023993055555555642
0 0.9721354166666668 0.6277430555555557 0.05572916666666643 0.09256944444444457
0 0.9747395833333332 0.6733796296296296 0.05052083333333357 0.06076388888888893
0 0.9770833333333332 0.7023553240740741 0.04427083333333357 0.04803240740740744
0 0.3325520833333333 0.5874189814814815 0.04201388888888893 0.055752314814814775
0 0.33836805555555555 0.6256539351851852 0.03229166666666661 0.03833333333333329
0 0.2930555555555555 0.591724537037037 0.050694444444444466 0.06379629629629627
0 0.26154513888888886 0.5832523148148148 0.041145833333333305 0.06195601851851862
0 0.23784722222222224 0.5886574074074075 0.03802083333333339 0.061863425925925954
0 0.21206597222222223 0.5964756944444444 0.028819444444444463 0.049131944444444284
0 0.19609375 0.6008680555555556 0.02795138888888893 0.041319444444444464
0 0.17847222222222223 0.6045254629629631 0.033506944444444464 0.049270833333333285
0 0.15486111111111112 0.6036574074074074 0.027430555555555534 0.03663194444444447
0 0.13428819444444445 0.6019155092592593 0.02274305555555558 0.03649305555555564
0 0.11666666666666667 0.6196817129629629 0.021701388888888885 0.02711805555555564
0 0.6491319444444444 0.6572048611111111 0.036805555555555536 0.05092592592592595
0 0.6322048611111111 0.6600578703703703 0.02673611111111107 0.04439814814814813
0 0.5348958333333333 0.7154571759259258 0.025347222222222143 0.03189814814814831
0 0.5560763888888889 0.7015046296296296 0.016493055555555712 0.022291666666666644
0 0.5914930555555555 0.7239699074074074 0.018576388888888927 0.027025462962962977