0 0.0349537037037037 0.39609375 0.0699074074074074 0.1140625
0 0.05651620370370371 0.3071875 0.07159722222222223 0.09093749999999998
0 0.0734375 0.49234375 0.10946759259259257 0.13156250000000008
0 0.17228587962962963 0.60703125 0.20775462962962962 0.25187500000000007
0 0.17065972222222223 0.11234375 0.04989583333333334 0.0640625
0 0.2730497685185185 0.23984375 0.05740740740740744 0.0640625
0 0.3589236111111111 0.2346875 0.06269675925925924 0.06812500000000003
0 0.3836921296296296 0.19968750000000002 0.048391203703703665 0.05625
0 0.4564293981481481 0.21593749999999998 0.0654050925925926 0.08218750000000004
0 0.5455902777777778 0.27171874999999995 0.08313657407407397 0.09625000000000003
0 0.5647511574074074 0.19953125 0.06847222222222218 0.09031250000000002
0 0.5803935185185185 0.13781249999999998 0.04773148148148145 0.06062500000000002
0 0.6287094907407408 0.13265625 0.04893518518518523 0.066875
0 0.6369965277777778 0.15203125 0.04370370370370367 0.05531250000000001
0 0.7341724537037037 0.13109374999999998 0.053923611111111214 0.069375
0 0.7649074074074074 0.13921875 0.05458333333333343 0.06499999999999999
0 0.8401504629629629 0.11515624999999999 0.057048611111111217 0.07
0 0.7062905092592592 0.2290625 0.08181712962962955 0.10499999999999998
0 0.8151504629629629 0.32296874999999997 0.14355324074074077 0.17593750000000002
0 0.9288425925925925 0.13046875 0.030972222222222002 0.0828125