0 0.04435763888888889 0.2327488425925926 0.0767361111111111 0.11361111111111111
0 0.07526041666666666 0.11261574074074074 0.09583333333333333 0.12062499999999998
0 0.16310763888888888 0.1462962962962963 0.08576388888888893 0.12616898148148148
0 0.14305555555555555 0.23059606481481482 0.075 0.09798611111111111
0 0.2517361111111111 0.14546874999999998 0.0744791666666667 0.09329861111111111
0 0.23428819444444446 0.1719849537037037 0.07256944444444444 0.10358796296296298
0 0.3083333333333333 0.06217881944444444 0.14513888888888893 0.12435763888888889
0 0.40390625 0.06195891203703703 0.09652777777777785 0.12391782407407406
0 0.33871527777777777 0.14574652777777777 0.06423611111111108 0.11101851851851849
0 0.5447916666666666 0.029687499999999988 0.07239583333333321 0.059374999999999976
0 0.593576388888889 0.041542245370370365 0.08211805555555571 0.08308449074074073
0 0.6246527777777777 0.06583333333333331 0.061979166666666606 0.09070601851851852
0 0.6524305555555555 0.08373263888888888 0.05225694444444447 0.07189814814814814
0 0.6944444444444444 0.03854166666666666 0.10086805555555553 0.07708333333333332
0 0.7184027777777777 0.06699652777777776 0.06493055555555553 0.08979166666666667
0 0.7813368055555555 0.0286574074074074 0.08402777777777785 0.0573148148148148
0 0.8329861111111111 0.021814236111111107 0.07743055555555571 0.043628472222222214
0 0.8313368055555556 0.05349537037037035 0.06510416666666678 0.09135416666666667
0 0.8835069444444444 0.027523148148148137 0.060416666666666785 0.055046296296296274
0 0.67265625 0.2726388888888889 0.05729166666666661 0.0897337962962963