0 0.0109375 0.51875 0.021875 0.053125
0 0.09453125 0.50859375 0.028125 0.059375
0 0.06484375 0.4625 0.0296875 0.04609375
0 0.040625 0.43515625 0.028125 0.0484375
0 0.046875 0.4046875 0.0234375 0.0328125
0 0.08125 0.34765625 0.0234375 0.0375
0 0.12265625 0.34296875 0.01875 0.0328125
0 0.109375 0.371875 0.021875 0.0328125
0 0.128125 0.4015625 0.0203125 0.03515625
0 0.159375 0.45234375 0.03125 0.05703125
0 0.15859375 0.4296875 0.0265625 0.0421875
0 0.221875 0.390625 0.0234375 0.03984375
0 0.25625 0.334375 0.01875 0.0421875
0 0.28203125 0.3546875 0.01796875 0.0375
0 0.3171875 0.3234375 0.01875 0.0328125
0 0.33125 0.3 0.01484375 0.0265625
0 0.3671875 0.27734375 0.01640625 0.0328125
0 0.40078125 0.26171875 0.01640625 0.0328125
0 0.3421875 0.53671875 0.0515625 0.06640625
0 0.3203125 0.48671875 0.03828125 0.05546875
0 0.35 0.43828125 0.03515625 0.05546875
0 0.378125 0.41484375 0.0265625 0.053125
0 0.40390625 0.36640625 0.025 0.04453125
0 0.43671875 0.33515625 0.0234375 0.04453125
0 0.453125 0.3203125 0.0203125 0.03125
0 0.51171875 0.29765625 0.01796875 0.03515625
0 0.4953125 0.3296875 0.0234375 0.0421875
0 0.509375 0.35546875 0.028125 0.03984375
0 0.46015625 0.37421875 0.0265625 0.0375
0 0.41171875 0.49140625 0.03828125 0.04609375
0 0.44765625 0.51875 0.0453125 0.075
0 0.50703125 0.4953125 0.03203125 0.05078125
0 0.51875 0.55625 0.053125 0.0703125
0 0.55703125 0.43125 0.03203125 0.05078125
0 0.559375 0.39921875 0.028125 0.04453125
0 0.575 0.36015625 0.0234375 0.03984375
0 0.6484375 0.53984375 0.05 0.090625
0 0.68828125 0.48125 0.03828125 0.0703125
0 0.64609375 0.38984375 0.03125 0.05078125
0 0.6234375 0.3078125 0.0234375 0.04609375
0 0.71484375 0.3234375 0.0265625 0.0421875
0 0.771875 0.35078125 0.0265625 0.03984375
0 0.74375 0.440625 0.03515625 0.0640625
0 0.790625 0.484375 0.0484375 0.07265625
0 0.75078125 0.57421875 0.06328125 0.1015625
0 0.878125 0.55546875 0.053125 0.090625
0 0.875 0.41953125 0.03203125 0.0484375
0 0.871875 0.346875 0.0296875 0.04453125
0 0.85546875 0.3234375 0.03125 0.05546875
0 0.78046875 0.30234375 0.021875 0.03984375
0 0.77734375 0.259375 0.01875 0.0421875
0 0.76796875 0.23984375 0.01796875 0.0375