0 0.1734375 0.4859375 0.1203125 0.2078125
0 0.24296875 0.4015625 0.08671875 0.15234375
0 0.3 0.35859375 0.06328125 0.1078125
0 0.359375 0.31484375 0.04140625 0.0703125
0 0.359375 0.27734375 0.03515625 0.0546875
0 0.39609375 0.2734375 0.03515625 0.0578125
0 0.465625 0.2609375 0.021875 0.0328125
0 0.540625 0.26640625 0.03203125 0.05234375
0 0.56015625 0.34375 0.06328125 0.09765625
0 0.64765625 0.38984375 0.0546875 0.13515625
0 0.72265625 0.46484375 0.0953125 0.18515625
0 0.71484375 0.30390625 0.04296875 0.0671875
0 0.65859375 0.29140625 0.0296875 0.05234375
0 0.6984375 0.26640625 0.0203125 0.0421875
0 0.67265625 0.2375 0.021875 0.03515625
0 0.75546875 0.2546875 0.01484375 0.0296875
0 0.78671875 0.2765625 0.0234375 0.04765625
0 0.8546875 0.17734375 0.05 0.0796875
0 0.84296875 0.33984375 0.06640625 0.1203125
0 0.890625 0.29375 0.03515625 0.07734375
0 0.9453125 0.2890625 0.03359375 0.0578125
0 0.975 0.40234375 0.04296875 0.1203125
0 0.9859375 0.29765625 0.025 0.06484375