0 0.05078125 0.525 0.05078125 0.06484375
0 0.13984375 0.51328125 0.03828125 0.0578125
0 0.18671875 0.5046875 0.03984375 0.05390625
0 0.2171875 0.50859375 0.03046875 0.0453125
0 0.2421875 0.51796875 0.02578125 0.04296875
0 0.2609375 0.5234375 0.03203125 0.0578125
0 0.28046875 0.54296875 0.04140625 0.0625
0 0.30078125 0.50546875 0.02890625 0.0390625
0 0.3390625 0.5109375 0.02890625 0.0453125
0 0.34140625 0.57734375 0.05859375 0.08359375
0 0.378125 0.53046875 0.03046875 0.04921875
0 0.3515625 0.7203125 0.11796875 0.1421875
0 0.421875 0.5421875 0.03828125 0.04765625
0 0.43046875 0.51328125 0.03359375 0.040625
0 0.4171875 0.63515625 0.0703125 0.0921875
0 0.4875 0.6609375 0.0703125 0.12265625
0 0.5375 0.57109375 0.04296875 0.0578125
0 0.528125 0.53515625 0.03671875 0.0515625
0 0.52265625 0.50234375 0.03203125 0.0453125
0 0.475 0.55625 0.03671875 0.0578125
0 0.48046875 0.5203125 0.03046875 0.0390625
0 0.4765625 0.49453125 0.02421875 0.03046875
0 0.5671875 0.5109375 0.02265625 0.03203125
0 0.55078125 0.49765625 0.02578125 0.040625
0 0.57421875 0.54921875 0.03046875 0.0578125
0 0.5953125 0.59375 0.05078125 0.0734375
0 0.60859375 0.54296875 0.03515625 0.0453125
0 0.64296875 0.56015625 0.04453125 0.075
0 0.6390625 0.51640625 0.02734375 0.0390625
0 0.6203125 0.5 0.03046875 0.040625
0 0.66328125 0.55390625 0.02734375 0.05390625
0 0.71015625 0.51796875 0.02890625 0.0515625
0 0.70390625 0.575 0.04765625 0.0625
0 0.7140625 0.6390625 0.06171875 0.0859375
0 0.5734375 0.70546875 0.0921875 0.1203125
0 0.82734375 0.76953125 0.12578125 0.16796875
0 0.76171875 0.540625 0.03359375 0.0453125
0 0.74140625 0.56875 0.03984375 0.05390625
0 0.8421875 0.5828125 0.03515625 0.04765625
0 0.83671875 0.5578125 0.03046875 0.03671875
0 0.8359375 0.525 0.03203125 0.04296875
0 0.91171875 0.55234375 0.02734375 0.0390625
0 0.9109375 0.6046875 0.03515625 0.05625
0 0.94140625 0.6453125 0.04453125 0.0734375
0 0.953125 0.7484375 0.06171875 0.11640625
0 0.9328125 0.5734375 0.03515625 0.04921875