0 0.9192881944444444 0.7474074074074075 0.16142361111111114 0.3509027777777778
0 0.8894849537037036 0.5127546296296297 0.07250000000000015 0.09039351851851851
0 0.8538136574074073 0.6027719907407407 0.06550925925925952 0.08354166666666671
0 0.7592650462962963 0.626105324074074 0.07710648148148139 0.1031944444444445
0 0.729994212962963 0.5746296296296296 0.06707175925925916 0.08369212962962962
0 0.6477777777777778 0.5651678240740741 0.0719444444444445 0.08570601851851851
0 0.6151273148148148 0.5373090277777777 0.05814814814814824 0.07356481481481474
0 0.5272800925925927 0.5520196759259259 0.07737268518518511 0.09240740740740741
0 0.4973437499999999 0.6317766203703703 0.10856481481481488 0.13402777777777786
0 0.46745949074074067 0.5099594907407408 0.07581018518518512 0.0922569444444445
0 0.38621527777777775 0.5608333333333333 0.09034722222222227 0.11064814814814809
0 0.35771412037037037 0.4963020833333333 0.051712962962962905 0.07140046296296294
0 0.2749479166666666 0.43658564814814815 0.06900462962962965 0.08696759259259257
0 0.2242476851851852 0.41934606481481485 0.06688657407407403 0.08212962962962962
0 0.1142013888888889 0.5856134259259259 0.1143287037037037 0.20872685185185186