0 0.7197395833333333 0.5195775462962964 0.14802083333333335 0.19093750000000007
0 0.6108333333333333 0.8225868055555555 0.08375000000000003 0.10609953703703709
0 0.5211458333333333 0.564380787037037 0.1570833333333333 0.2021643518518518
0 0.38151041666666663 0.5901157407407407 0.09958333333333327 0.13406249999999992
0 0.3328125 0.24813657407407405 0.34468750000000004 0.3949189814814814
0 0.26958333333333334 0.5289293981481482 0.10625 0.13866898148148152
0 0.2221354166666667 0.5644270833333334 0.08302083333333335 0.11197916666666678
0 0.24317708333333332 0.6967534722222222 0.062291666666666676 0.08134259259259266
0 0.17229166666666668 0.4849131944444444 0.14552083333333332 0.19488425925925928
0 0.12786458333333334 0.5340219907407407 0.10052083333333335 0.12974537037037043
0 0.1015625 0.5922627314814815 0.08895833333333333 0.12246527777777771
0 0.04046875 0.4717650462962963 0.0809375 0.1858796296296296
0 0.037369791666666666 0.5564930555555556 0.07473958333333333 0.14319444444444435