0 0.015625 0.5515625 0.03125 0.065625
0 0.065625 0.5546875 0.03828125 0.0546875
0 0.0671875 0.5296875 0.021875 0.05
0 0.10703125 0.52890625 0.0296875 0.05234375
0 0.15703125 0.5375 0.03359375 0.0453125
0 0.1734375 0.52109375 0.0203125 0.0328125
0 0.209375 0.54765625 0.04140625 0.06484375
0 0.2625 0.55625 0.04140625 0.0671875
0 0.26171875 0.5078125 0.0265625 0.03984375
0 0.3 0.5328125 0.0296875 0.0453125
0 0.30234375 0.51484375 0.021875 0.03515625
0 0.33984375 0.54765625 0.0296875 0.05
0 0.346875 0.5234375 0.0265625 0.0375
0 0.37890625 0.52109375 0.025 0.0375
0 0.42109375 0.58125 0.0515625 0.07265625
0 0.39140625 0.5484375 0.0296875 0.04765625
0 0.4984375 0.5734375 0.05703125 0.0921875
0 0.4625 0.53984375 0.025 0.0453125
0 0.47578125 0.51875 0.025 0.0375
0 0.53984375 0.55859375 0.03359375 0.0625
0 0.52890625 0.51875 0.028125 0.0421875
0 0.61640625 0.5734375 0.03984375 0.0578125
0 0.6109375 0.5390625 0.03203125 0.05234375
0 0.64765625 0.4125 0.025 0.05
0 0.68515625 0.6140625 0.05 0.0921875
0 0.69609375 0.55390625 0.028125 0.05234375
0 0.6703125 0.5484375 0.0265625 0.05234375
0 0.73203125 0.575 0.04296875 0.06484375
0 0.75234375 0.5328125 0.03203125 0.05
0 0.79296875 0.6203125 0.06015625 0.0953125
0 0.79140625 0.54609375 0.03671875 0.04765625
0 0.86484375 0.5890625 0.046875 0.07265625
0 0.8421875 0.54609375 0.03203125 0.05234375
0 0.9 0.55 0.0296875 0.06015625
0 0.93046875 0.5484375 0.03203125 0.05234375
0 0.90546875 0.44375 0.03515625 0.04765625