0 0.020674189814814815 0.7455729166666666 0.04134837962962963 0.10562499999999986
0 0.07161458333333333 0.7183854166666667 0.06811342592592591 0.11312500000000014
0 0.11397569444444444 0.6634375 0.06689814814814814 0.1173958333333335
0 0.12306134259259258 0.7475520833333333 0.037094907407407396 0.06656250000000004
0 0.17693865740740738 0.6611979166666667 0.0890625 0.14781250000000004
0 0.26241319444444444 0.6238541666666666 0.09241898148148149 0.15177083333333333
0 0.23813657407407404 0.693125 0.04704861111111107 0.07687500000000007
0 0.2958912037037037 0.6578125 0.05815972222222223 0.10281249999999993
0 0.33932291666666664 0.6814583333333333 0.03136574074074074 0.05124999999999993
0 0.3576388888888889 0.630625 0.061284722222222233 0.10364583333333321
0 0.38153935185185184 0.5560937499999999 0.09982638888888892 0.16906250000000006
0 0.43671875 0.5865625 0.06475694444444446 0.1091666666666665
0 0.4144675925925926 0.6491666666666667 0.04224537037037042 0.07406250000000014
0 0.43237847222222214 0.6658333333333333 0.033159722222222146 0.05479166666666657
0 0.45489004629629626 0.6307291666666666 0.045949074074074045 0.08270833333333343
0 0.5045717592592592 0.5700000000000001 0.07627314814814809 0.11989583333333335
0 0.545167824074074 0.4871875 0.12008101851851852 0.19437499999999996
0 0.5430555555555555 0.60875 0.05711805555555553 0.08874999999999993
0 0.6094328703703704 0.5397395833333334 0.06869212962962976 0.12093749999999996
0 0.6322048611111111 0.5734895833333333 0.05 0.09604166666666672
0 0.705295138888889 0.4965624999999999 0.08582175925925917 0.14541666666666658
0 0.7208333333333334 0.5866145833333333 0.030034722222222143 0.05395833333333329
0 0.7670428240740741 0.5727604166666667 0.03709490740740744 0.06656250000000004
0 0.8210069444444444 0.3715104166666666 0.14027777777777786 0.2395833333333334
0 0.865162037037037 0.41640625 0.09513888888888893 0.16781249999999998
0 0.868894675925926 0.4797395833333334 0.06678240740740762 0.11583333333333332