0 0.6222569444444443 0.944849537037037 0.03828703703703695 0.05081018518518512
0 0.7386747685185184 0.7508969907407408 0.11143518518518505 0.14837962962962958
0 0.7377256944444445 0.8356192129629629 0.0747106481481481 0.09803240740740762
0 0.7241666666666667 0.8839699074074074 0.04543981481481474 0.06203703703703702
0 0.7832175925925926 0.945486111111111 0.03471064814814824 0.04519675925925952
0 0.8096701388888888 0.9996527777777778 0.037986111111111144 0.0006944444444442865
0 0.8085474537037036 0.9484375 0.04670138888888893 0.059375
0 0.8492592592592592 0.9377314814814814 0.06599537037037032 0.08634259259259273
0 0.8883043981481482 0.9333622685185186 0.0778356481481481 0.09895833333333322
0 0.9443402777777777 0.9061053240740741 0.11131944444444457 0.14259259259259238
0 0.5199189814814815 0.6466145833333334 0.10226851851851855 0.1320023148148149
0 0.6039930555555555 0.7709490740740741 0.0691203703703703 0.08726851851851851
0 0.6516145833333333 0.855642361111111 0.03501157407407405 0.04832175925925952
0 0.6596701388888888 0.876244212962963 0.03828703703703695 0.05081018518518512
0 0.5519560185185185 0.7980324074074074 0.03299768518518533 0.043171296296296194
0 0.5287094907407408 0.761545138888889 0.041412037037036956 0.05173611111111107
0 0.4969039351851852 0.7543981481481482 0.043726851851851836 0.06001157407407405
0 0.43253472222222217 0.6928240740740741 0.06055555555555543 0.07714120370370381
0 0.36586805555555557 0.638917824074074 0.0720949074074074 0.08663194444444429
0 0.3342013888888889 0.6568576388888889 0.04171296296296294 0.05486111111111107
0 0.3714178240740741 0.680787037037037 0.030983796296296263 0.03802083333333321
0 0.3904976851851852 0.681886574074074 0.036273148148148235 0.04565972222222214
0 0.2869097222222222 0.5677083333333334 0.05712962962962962 0.07309027777777785
0 0.28288773148148144 0.596875 0.04126157407407405 0.05017361111111107
0 0.25646412037037036 0.6140914351851852 0.03299768518518516 0.043171296296296194
0 0.2620949074074074 0.49129050925925927 0.09743055555555555 0.12905092592592596
0 0.18133101851851852 0.5037905092592593 0.06302083333333335 0.08697916666666661
0 0.19771412037037037 0.5557002314814815 0.038437499999999944 0.05237268518518512
0 0.20208912037037036 0.577488425925926 0.03657407407407407 0.048784722222222146
0 0.18105324074074075 0.5560763888888889 0.03158564814814815 0.04427083333333322
0 0.14572916666666666 0.5281539351851852 0.04700231481481483 0.0625
0 0.10794560185185184 0.42740162037037044 0.10524305555555555 0.13136574074074078
0 0.08000578703703703 0.45251736111111107 0.06644675925925927 0.09103009259259273
0 0.06179976851851852 0.46837384259259257 0.040543981481481486 0.07424768518518512