0 0.9253472222222221 0.3044791666666667 0.14930555555555572 0.21135416666666665
0 0.841724537037037 0.2858854166666667 0.1430555555555557 0.16468749999999996
0 0.775 0.4247916666666667 0.08159722222222214 0.09593749999999997
0 0.604369212962963 0.5237499999999999 0.05046296296296297 0.05999999999999996
0 0.6114583333333334 0.16770833333333335 0.19594907407407405 0.2340625
0 0.565133101851852 0.22098958333333335 0.15769675925925916 0.1875
0 0.590480324074074 0.41218750000000004 0.04849537037037024 0.05802083333333332
0 0.5246238425925925 0.40302083333333333 0.046527777777777855 0.05604166666666668
0 0.48234953703703703 0.40427083333333336 0.04409722222222214 0.046666666666666676
0 0.42349537037037044 0.3898958333333334 0.05005787037037028 0.05843749999999996
0 0.299681712962963 0.09286458333333333 0.29311342592592593 0.18572916666666667
0 0.1733796296296296 0.35302083333333334 0.07170138888888888 0.0802083333333334
0 0.20358796296296297 0.4502083333333333 0.05798611111111109 0.07218750000000007