0 0.28390624999999997 0.4190104166666667 0.13218750000000004 0.15538194444444448
0 0.3821875 0.40427083333333336 0.10093749999999994 0.12357638888888882
0 0.4659375 0.5405208333333333 0.05625 0.07125000000000004
0 0.64609375 0.6408854166666667 0.034375 0.04743055555555564
0 0.59078125 0.29762152777777773 0.13218749999999985 0.1787152777777777
0 0.64375 0.3505902777777778 0.10656250000000007 0.14392361111111107
0 0.6442187500000001 0.533420138888889 0.03375000000000004 0.04430555555555564
0 0.7073437499999999 0.5273090277777778 0.030312499999999964 0.04267361111111114
0 0.7485937500000001 0.52953125 0.03312500000000007 0.03340277777777771
0 0.805 0.5172916666666667 0.03531249999999995 0.044340277777777715
0 0.8826562499999999 0.1483159722222222 0.215625 0.2770138888888889