0 0.2140625 0.23232638888888885 0.13968749999999996 0.13843750000000002
0 0.27734375 0.2768923611111111 0.10343749999999999 0.10496527777777782
0 0.3615625 0.4600347222222222 0.189375 0.18465277777777783
0 0.41187500000000005 0.45173611111111117 0.11125000000000003 0.11291666666666664
0 0.506875 0.47895833333333326 0.08531249999999986 0.08434027777777793
0 0.5265625 0.5256944444444445 0.17125000000000004 0.1718055555555555
0 0.57203125 0.5259201388888888 0.11625000000000014 0.11458333333333322
0 0.6584375 0.5686458333333333 0.10906249999999992 0.1097569444444444
0 0.76484375 0.4917534722222222 0.0953125 0.09545138888888882
0 0.76359375 0.6078645833333333 0.15062499999999995 0.14645833333333336
0 0.6957812499999999 0.6918923611111112 0.12687500000000007 0.12104166666666671