0 0.0956712962962963 0.4447743055555556 0.16065972222222222 0.19452546296296286
0 0.03351273148148148 0.5214930555555556 0.05364583333333334 0.1413888888888888
0 0.10407407407407407 0.589994212962963 0.0890972222222222 0.10910879629629626
0 0.1366724537037037 0.627800925925926 0.07638888888888888 0.0948611111111111
0 0.11079861111111111 0.7274247685185186 0.05092592592592591 0.06324074074074063
0 0.0909837962962963 0.7613194444444444 0.04469907407407407 0.06471064814814831
0 0.14321180555555557 0.7527314814814815 0.0540972222222222 0.06641203703703695
0 0.18947916666666667 0.7637673611111111 0.049293981481481494 0.05853009259259245
0 0.20425925925925928 0.7065046296296297 0.055752314814814796 0.07268518518518512
0 0.22986111111111107 0.7467592592592592 0.04458333333333329 0.05689814814814813
0 0.25636574074074076 0.7424594907407407 0.038263888888888875 0.05211805555555564
0 0.2763541666666667 0.7202835648148149 0.03663194444444447 0.047407407407407474
0 0.2936805555555556 0.7294039351851852 0.04134259259259263 0.04903935185185197
0 0.307193287037037 0.7448321759259259 0.030243055555555554 0.03793981481481481
0 0.3363946759259259 0.711579861111111 0.04297453703703704 0.053749999999999964
0 0.29322337962962963 0.6457986111111111 0.06372685185185185 0.08373842592592595
0 0.2613020833333334 0.6009490740740742 0.07958333333333326 0.09959490740740726
0 0.19022569444444445 0.5504282407407407 0.1144675925925926 0.13447916666666657
0 0.29075810185185186 0.47939236111111116 0.10502314814814814 0.12965277777777792
0 0.3184548611111111 0.5555613425925927 0.06832175925925928 0.07755787037037046
0 0.35908564814814814 0.6080960648148148 0.06060185185185185 0.08369212962962962
0 0.339212962962963 0.6380844907407408 0.05572916666666661 0.07112268518518512
0 0.3823726851851852 0.7030844907407408 0.03495370370370372 0.039571759259259306
0 0.3835127314814815 0.7272916666666667 0.02856481481481481 0.030104166666666644
0 0.39850694444444446 0.7372280092592594 0.025416666666666733 0.02849537037037031
0 0.41886574074074073 0.7400520833333333 0.025509259259259308 0.03474537037037031
0 0.42710069444444443 0.7157060185185184 0.03343749999999997 0.04267361111111114
0 0.4583622685185185 0.7160243055555555 0.030289351851851797 0.04106481481481481
0 0.42329282407407404 0.6696585648148148 0.047800925925925955 0.06319444444444447
0 0.42027777777777775 0.624380787037037 0.05092592592592595 0.06324074074074063
0 0.4140219907407408 0.5713368055555555 0.06526620370370365 0.08219907407407412
0 0.42018518518518516 0.5126388888888889 0.08597222222222226 0.10906249999999992
0 0.48564236111111114 0.5530844907407408 0.06368055555555543 0.08061342592592595
0 0.4879108796296297 0.6007175925925926 0.05575231481481495 0.07268518518518512
0 0.47133680555555557 0.6423784722222222 0.044629629629629616 0.06002314814814813
0 0.5004513888888888 0.6560127314814815 0.038263888888888965 0.05211805555555564
0 0.5267592592592593 0.6384317129629629 0.03978009259259263 0.04901620370370381
0 0.5364409722222222 0.60625 0.04458333333333329 0.05689814814814813
0 0.5563657407407406 0.6325231481481481 0.03180555555555564 0.037962962962962976
0 0.5600347222222222 0.6691956018518519 0.02870370370370363 0.03947916666666664
0 0.5654166666666667 0.6105092592592593 0.04143518518518512 0.0552893518518518
0 0.5506018518518518 0.5599363425925926 0.051018518518518616 0.0694907407407408
0 0.5899189814814815 0.5765451388888889 0.049409722222222285 0.06634259259259263
0 0.6039409722222222 0.6263483796296296 0.03980324074074062 0.05057870370370363
0 0.6219675925925926 0.6299884259259259 0.03346064814814813 0.04423611111111114
0 0.6380150462962962 0.6055266203703704 0.031921296296296295 0.045775462962962976
0 0.6464641203703703 0.6483796296296296 0.03026620370370381 0.03950231481481481
0 0.6653703703703704 0.6059027777777778 0.028703703703703808 0.03947916666666664
0 0.6810648148148148 0.6103587962962963 0.031898148148148134 0.044212962962962975
0 0.6714699074074074 0.27917824074074077 0.09564814814814823 0.12951388888888893
0 0.6934143518518519 0.38903356481481477 0.08128472222222224 0.1089930555555556
0 0.7309664351851852 0.4447395833333333 0.060532407407407264 0.07900462962962962
0 0.7548900462962963 0.4772048611111111 0.06204861111111111 0.07590277777777779
0 0.7976620370370371 0.5687789351851851 0.0381712962962963 0.04586805555555564
0 0.8165277777777777 0.5763136574074074 0.03348379629629612 0.045798611111111144
0 0.8340162037037036 0.49087962962962967 0.047685185185185476 0.05538194444444446
0 0.8363310185185184 0.43614583333333334 0.0700925925925926 0.09164351851851862
0 0.8439641203703705 0.3711747685185185 0.07804398148148124 0.10113425925925927
0 0.8266087962962964 0.30735532407407407 0.0781365740740739 0.10738425925925928
0 0.8313310185185185 0.20413773148148148 0.11782407407407405 0.150150462962963
0 0.8373958333333335 0.09275462962962963 0.14041666666666677 0.18550925925925926
0 0.9322569444444444 0.26515625 0.07503472222222243 0.10890046296296294
0 0.9428703703703704 0.3486111111111111 0.08431712962962976 0.10278935185185185
0 0.9280671296296298 0.40431134259259255 0.06372685185185176 0.08373842592592595
0 0.902060185185185 0.4422048611111111 0.06214120370370395 0.08215277777777778
0 0.8926331018518517 0.4915740740740741 0.04614583333333329 0.05692129629629612
0 0.9079976851851852 0.5265104166666668 0.04297453703703695 0.053750000000000145
0 0.845324074074074 0.5157175925925926 0.03819444444444429 0.04743055555555564
0 0.8463946759259258 0.5352372685185185 0.028703703703703808 0.03947916666666664
0 0.7854918981481481 0.5384837962962963 0.0350462962962963 0.04582175925925931