0 0.482193287037037 0.718923611111111 0.06596064814814824 0.051712962962962905
0 0.42655671296296294 0.5894733796296296 0.10800925925925924 0.09027777777777786
0 0.43904513888888885 0.6275694444444444 0.08751157407407409 0.06945601851851854
0 0.31057291666666664 0.6196006944444445 0.1319212962962963 0.10342592592592581
0 0.16861689814814815 0.5963310185185186 0.15965277777777778 0.1400115740740741
0 0.22397569444444443 0.6951736111111111 0.08751157407407409 0.06945601851851854
0 0.5626562500000001 0.5768055555555556 0.09736111111111115 0.08218750000000004
0 0.9058564814814816 0.4331828703703703 0.12436342592592595 0.10475694444444446
0 0.8836805555555556 0.48015625 0.10204861111111115 0.08232638888888885
0 0.9422222222222223 0.3432060185185185 0.1155555555555555 0.14998842592592593
0 0.9961284722222222 0.41989583333333336 0.0077430555555555005 0.09280092592592588
0 0.9812326388888888 0.43658564814814815 0.03753472222222243 0.06770833333333322