0 0.8919791666666667 0.635474537037037 0.10104166666666678 0.11791666666666671
0 0.5608506944444445 0.5973090277777778 0.04972222222222218 0.0581712962962964
0 0.5371874999999999 0.607638888888889 0.0561805555555555 0.06759259259259273
0 0.4969965277777778 0.5884085648148148 0.06260416666666657 0.07545138888888889
0 0.44921875 0.5590798611111112 0.06750000000000007 0.08486111111111114
0 0.39 0.552488425925926 0.0818402777777778 0.09746527777777772
0 0.3173090277777778 0.5194386574074075 0.09465277777777778 0.11162037037037038
0 0.42791666666666667 0.6740625 0.044965277777777854 0.05501157407407398
0 0.37680555555555556 0.6892824074074074 0.04819444444444443 0.05972222222222214
0 0.34692708333333333 0.6629456018518518 0.05 0.07067129629629623
0 0.32267361111111115 0.6646875 0.06750000000000007 0.08486111111111114
0 0.33675347222222224 0.7341030092592593 0.043333333333333356 0.051875000000000074
0 0.29932291666666666 0.7312557870370371 0.05309027777777775 0.0691319444444444
0 0.2150520833333333 0.6568923611111112 0.07694444444444448 0.08805555555555564
0 0.13440972222222222 0.48954861111111114 0.14114583333333336 0.1650810185185186
0 0.11682291666666667 0.6130960648148148 0.0963888888888889 0.11944444444444446
0 0.2060590277777778 0.7452256944444444 0.06256944444444448 0.07388888888888889
0 0.13267361111111112 0.7434259259259259 0.06413194444444445 0.07390046296296297
0 0.06390625 0.7447164351851852 0.05802083333333334 0.08010416666666664
0 0.08451388888888889 0.8015856481481481 0.05298611111111114 0.06444444444444457