0 0.9862500000000001 0.4626099537037037 0.027499999999999858 0.1578819444444445
0 0.9392621527777777 0.5016087962962963 0.12147569444444457 0.184699074074074
0 0.917170138888889 0.41183449074074074 0.1522222222222222 0.16886574074074065
0 0.9070659722222223 0.312037037037037 0.12847222222222215 0.13837962962962963
0 0.9639409722222222 0.35390625 0.07211805555555557 0.1502893518518519
0 0.8027604166666666 0.48144097222222226 0.18260416666666685 0.21087962962962972
0 0.8922048611111112 0.7688831018518518 0.21559027777777767 0.2571990740740741
0 0.9121701388888889 0.9925925925925926 0.1756597222222222 0.014814814814814881
0 0.6419097222222223 0.8354282407407407 0.2932986111111111 0.3179976851851854
0 0.5678993055555555 0.5007465277777777 0.25861111111111124 0.2861342592592592
0 0.7363715277777778 0.348587962962963 0.14385416666666656 0.16475694444444447
0 0.6878298611111111 0.26457175925925924 0.12166666666666667 0.13446759259259258
0 0.6839409722222222 0.17395833333333335 0.12222222222222215 0.13759259259259257
0 0.5725868055555555 0.2951215277777778 0.1530555555555555 0.17355324074074074
0 0.5638194444444444 0.1985474537037037 0.15986111111111115 0.1774652777777778
0 0.49454861111111115 0.10962962962962963 0.12034722222222224 0.1098611111111111
0 0.5230208333333334 0.4416319444444444 0.15003472222222225 0.18233796296296295
0 0.36628472222222225 0.5051446759259259 0.28631944444444446 0.32170138888888894
0 0.39505208333333336 0.71421875 0.33291666666666664 0.3260416666666668
0 0.20187499999999997 0.705931712962963 0.20986111111111114 0.32123842592592594
0 0.2221354166666667 0.46331597222222226 0.2805902777777778 0.29806712962962967
0 0.29930555555555555 0.3775636574074074 0.20173611111111106 0.22398148148148156
0 0.3916145833333333 0.23949074074074073 0.17697916666666663 0.19642361111111112
0 0.3771875 0.1368576388888889 0.14385416666666667 0.16475694444444447
0 0.2177083333333333 0.07324074074074075 0.13854166666666662 0.10909722222222222
0 0.16081597222222221 0.27305555555555555 0.19826388888888893 0.23881944444444442