0 0.14057291666666666 0.5191261574074074 0.12170138888888885 0.1554976851851851
0 0.2263541666666667 0.6053819444444445 0.13993055555555553 0.17997685185185192
0 0.3638888888888889 0.15905671296296295 0.17795138888888884 0.2290509259259259
0 0.44644097222222223 0.5210069444444445 0.10659722222222232 0.13125
0 0.48949652777777775 0.5850983796296296 0.11673611111111111 0.15358796296296298
0 0.30704861111111115 0.8455729166666668 0.16996527777777787 0.16678240740740752
0 0.5825694444444445 0.7657986111111111 0.16843749999999993 0.19288194444444445
0 0.5594270833333332 0.4975983796296296 0.09215277777777793 0.11938657407407405
0 0.6680555555555555 0.5520833333333334 0.09315972222222228 0.11637731481481488
0 0.6633506944444445 0.4677372685185185 0.08440972222222207 0.1018518518518519
0 0.7342881944444445 0.5194733796296296 0.09059027777777776 0.11927083333333321
0 0.7661979166666667 0.49415509259259255 0.08000000000000007 0.10306712962962976
0 0.7844965277777778 0.6416087962962963 0.14875000000000008 0.17754629629629637
0 0.795329861111111 0.8094039351851852 0.20204861111111114 0.24317129629629627
0 0.8719965277777778 0.7063657407407409 0.14878472222222214 0.20376157407407405
0 0.9090451388888889 0.6387152777777778 0.11010416666666671 0.14230324074074066
0 0.9403298611111112 0.5920717592592593 0.08562499999999992 0.11736111111111107
0 0.8828993055555555 0.5005497685185185 0.07631944444444443 0.09971064814814809
0 0.82890625 0.5085069444444444 0.07347222222222242 0.10104166666666678
0 0.9641493055555556 0.7070023148148148 0.07170138888888893 0.15740740740740744
0 0.998967013888889 0.657349537037037 0.0020659722222220013 0.11603009259259256
0 0.9801736111111111 0.585763888888889 0.03965277777777772 0.10208333333333322