0 0.1544212962962963 0.6435532407407407 0.11081018518518518 0.13961805555555565
0 0.2879513888888889 0.589837962962963 0.13710648148148152 0.163900462962963
0 0.17794560185185185 0.523431712962963 0.055081018518518564 0.06434027777777782
0 0.23915509259259257 0.5088946759259259 0.06675925925925927 0.07789351851851851
0 0.32035879629629627 0.5002893518518519 0.09435185185185188 0.12405092592592588
0 0.45734375 0.46509837962962963 0.09591435185185179 0.12420138888888879
0 0.4819502314814814 0.6151562500000001 0.1784027777777777 0.231574074074074
0 0.5075000000000001 0.39662615740740736 0.06584490740740741 0.08868055555555561
0 0.46695601851851853 0.37538773148148147 0.044050925925925986 0.06172453703703704
0 0.4106655092592592 0.39337962962962963 0.0537962962962963 0.06887731481481482
0 0.4883622685185185 0.3521122685185185 0.04037037037037035 0.05204861111111114
0 0.6073032407407407 0.4632291666666667 0.09931712962962962 0.1291898148148149
0 0.6176967592592593 0.37344328703703705 0.06584490740740741 0.08868055555555561
0 0.6711168981481481 0.30701388888888886 0.042210648148148164 0.05688657407407405
0 0.7113078703703704 0.3620717592592592 0.06593750000000007 0.09024305555555552
0 0.7787557870370371 0.5323611111111111 0.23733796296296283 0.2823032407407407
0 0.8122511574074075 0.40813657407407405 0.10456018518518499 0.13901620370370366
0 0.7810590277777777 0.3325694444444444 0.07218750000000007 0.0908449074074074
0 0.8079282407407407 0.29541087962962964 0.06437500000000007 0.09009259259259253
0 0.724201388888889 0.3144733796296296 0.06326388888888879 0.07134259259259261
0 0.9528877314814814 0.37497106481481485 0.09422453703703723 0.16753472222222224
0 0.9549884259259258 0.2843923611111111 0.06400462962962976 0.08384259259259252
0 0.9086516203703703 0.25821180555555556 0.05729166666666643 0.07542824074074073
0 0.9806134259259259 0.23949652777777777 0.0358680555555555 0.05472222222222225