0 0.8982291666666665 0.8644618055555556 0.17124999999999985 0.18791666666666665
0 0.6580208333333333 0.7099826388888889 0.2085416666666667 0.23041666666666671
0 0.409375 0.7023263888888889 0.3116666666666667 0.3467361111111112
0 0.4613541666666666 0.5565451388888889 0.12229166666666665 0.14493055555555542
0 0.34697916666666667 0.45211805555555556 0.09239583333333332 0.103125
0 0.22828125 0.44234375000000004 0.15072916666666664 0.17045138888888894
0 0.31062500000000004 0.3969097222222222 0.06270833333333332 0.0729166666666667
0 0.27953125 0.36413194444444447 0.0484375 0.057256944444444444
0 0.27020833333333333 0.3426909722222222 0.03729166666666668 0.04249999999999998
0 0.24302083333333338 0.3326736111111111 0.03375000000000004 0.040034722222222284
0 0.22479166666666667 0.3021701388888889 0.033333333333333395 0.0384722222222222
0 0.18802083333333333 0.364375 0.09197916666666664 0.1015625
0 0.16963541666666665 0.3251736111111111 0.06062500000000002 0.0651041666666667
0 0.18505208333333334 0.31809027777777776 0.045937499999999964 0.04788194444444445
0 0.19536458333333334 0.31890625 0.039270833333333324 0.044513888888888874
0 0.18312499999999998 0.2865277777777778 0.030937500000000017 0.03489583333333339
0 0.16828125 0.2930555555555555 0.04239583333333332 0.04541666666666675
0 0.16119791666666666 0.2664930555555555 0.03729166666666668 0.04250000000000007
0 0.28869791666666667 0.34442708333333333 0.032916666666666664 0.03690972222222229
0 0.30145833333333333 0.3625347222222222 0.04281249999999996 0.04697916666666666
0 0.3321354166666667 0.38293402777777774 0.04052083333333334 0.04920138888888888
0 0.3282291666666667 0.3601736111111111 0.033333333333333395 0.03847222222222228
0 0.36166666666666664 0.40444444444444444 0.039687499999999966 0.046076388888888965
0 0.35963541666666665 0.38871527777777776 0.030937500000000017 0.03489583333333339
0 0.36046875 0.3593923611111111 0.03135416666666675 0.03645833333333339
0 0.38536458333333334 0.3716319444444444 0.0265625 0.029305555555555605
0 0.39098958333333333 0.42517361111111107 0.0515625 0.05815972222222219
0 0.4190104166666666 0.4599479166666667 0.05833333333333326 0.067326388888889
0 0.4796875 0.4955034722222222 0.07489583333333343 0.08076388888888886
0 0.49755208333333323 0.4840798611111111 0.04562500000000007 0.05211805555555564
0 0.44395833333333334 0.4426388888888889 0.04208333333333343 0.04965277777777786
0 0.41645833333333326 0.4152256944444444 0.027395833333333286 0.032430555555555476
0 0.45072916666666674 0.43017361111111113 0.02302083333333336 0.026840277777777644
0 0.4576041666666667 0.4343229166666666 0.02302083333333336 0.02684027777777782
0 0.5034895833333334 0.4684895833333334 0.021041666666666715 0.02482638888888893
0 0.52578125 0.4763715277777777 0.026979166666666644 0.03086805555555543
0 0.516875 0.4673090277777778 0.021041666666666715 0.02482638888888893
0 0.5480208333333334 0.4921701388888889 0.027395833333333286 0.03243055555555561
0 0.5591145833333334 0.49321180555555555 0.026145833333333358 0.02774305555555543
0 0.9991145833333335 0.7546006944444444 0.001770833333333144 0.04697916666666657
0 0.9607291666666666 0.73109375 0.05270833333333336 0.057048611111111217
0 0.9203125 0.7093229166666666 0.036562500000000143 0.04517361111111118
0 0.8972395833333333 0.7661111111111111 0.11416666666666657 0.12527777777777782
0 0.8946354166666666 0.707673611111111 0.0515625 0.05815972222222232
0 0.8990625000000001 0.6837152777777777 0.03687499999999986 0.04093750000000007
0 0.8394791666666667 0.6874131944444445 0.062291666666666856 0.07135416666666679
0 0.8578645833333333 0.6941666666666666 0.04645833333333336 0.05524305555555564
0 0.8502604166666667 0.6602430555555555 0.03135416666666657 0.03645833333333322
0 0.8340624999999999 0.6562847222222222 0.039270833333333144 0.044513888888888783
0 0.8090624999999999 0.6490625 0.04437500000000005 0.04743055555555564
0 0.81796875 0.6364930555555556 0.027395833333333286 0.03243055555555561
0 0.7829166666666667 0.6213194444444444 0.027395833333333286 0.03243055555555561
0 0.7652604166666667 0.6227083333333333 0.04281250000000014 0.04697916666666657
0 0.7270312499999999 0.6361805555555555 0.09562500000000007 0.10982638888888871
0 0.7307291666666667 0.5932638888888888 0.038854166666666676 0.04295138888888879
0 0.7563541666666667 0.6028298611111111 0.0265625 0.02930555555555543
0 0.71671875 0.5812847222222223 0.025 0.028854166666666715
0 0.701875 0.5878125 0.04760416666666671 0.05413194444444454
0 0.67578125 0.5737847222222221 0.03729166666666668 0.04250000000000007
0 0.6581770833333334 0.5564409722222223 0.033749999999999857 0.040034722222222284
0 0.6646354166666667 0.5265798611111111 0.026145833333333358 0.027743055555555608
0 0.6197395833333333 0.5475 0.03729166666666668 0.04250000000000007
0 0.6316666666666666 0.6057465277777777 0.09125000000000014 0.10423611111111111
0 0.5782812500000001 0.5434548611111112 0.05874999999999986 0.068888888888889
0 0.5933854166666667 0.5189756944444445 0.02385416666666664 0.02996527777777782
0 0.5697916666666666 0.5143229166666666 0.03093749999999993 0.034895833333333216
0 0.5872916666666667 0.5042361111111111 0.025 0.028854166666666715
0 0.6214583333333333 0.5350173611111111 0.026145833333333358 0.027743055555555608
0 0.6348958333333334 0.5367361111111111 0.026979166666666644 0.030868055555555607
0 0.6197395833333333 0.5258680555555555 0.021041666666666715 0.02482638888888893