0 0.846875 0.4375 0.03203125 0.03984375
0 0.69296875 0.45078125 0.0390625 0.0546875
0 0.71796875 0.44609375 0.0296875 0.04765625
0 0.64296875 0.4640625 0.03359375 0.04921875
0 0.61171875 0.44296875 0.03359375 0.0421875
0 0.57109375 0.42421875 0.0265625 0.04140625
0 0.52890625 0.42578125 0.02734375 0.03671875
0 0.49921875 0.44609375 0.03046875 0.028125
0 0.43359375 0.4640625 0.03359375 0.03984375
0 0.40234375 0.421875 0.03359375 0.03359375
0 0.365625 0.44609375 0.02421875 0.0390625
0 0.346875 0.41953125 0.03046875 0.03671875
0 0.290625 0.428125 0.03203125 0.0453125
0 0.25078125 0.44453125 0.034375 0.05078125
0 0.209375 0.48359375 0.0609375 0.0875
0 0.2203125 0.4140625 0.03203125 0.034375
0 0.22578125 0.43125 0.025 0.03359375
0 0.17109375 0.4296875 0.03828125 0.05078125
0 0.1359375 0.45546875 0.0375 0.05546875
0 0.10859375 0.49296875 0.0515625 0.0640625
0 0.09921875 0.43984375 0.03359375 0.04921875