0 0.9670167824074074 0.5493981481481482 0.06596643518518519 0.10991898148148138
0 0.9935214120370371 0.5200578703703703 0.012957175925925667 0.07468749999999993
0 0.8712905092592592 0.5385590277777779 0.07589120370370353 0.12732638888888878
0 0.8913657407407406 0.496875 0.045173611111111 0.06621527777777772
0 0.8259143518518519 0.46464120370370365 0.03618055555555557 0.05574074074074069
0 0.7987037037037037 0.49841435185185184 0.05945601851851841 0.09431712962962954
0 0.7343344907407408 0.47477430555555544 0.051840277777777645 0.09478009259259253
0 0.6646759259259258 0.4335069444444445 0.05769675925925917 0.09253472222222218
0 0.606267361111111 0.414542824074074 0.04832175925925917 0.09121527777777776
0 0.6223900462962962 0.6339872685185185 0.1472453703703703 0.20643518518518533
0 0.49463541666666666 0.49092013888888886 0.13790509259259257 0.2419560185185185
0 0.542042824074074 0.4408043981481481 0.093888888888889 0.16055555555555562
0 0.401545138888889 0.4524942129629629 0.09857638888888895 0.1612152777777777
0 0.28913194444444446 0.5287615740740741 0.1558796296296296 0.250625
0 0.3007986111111111 0.37155092592592587 0.07648148148148141 0.13201388888888888
0 0.33693287037037034 0.3781712962962963 0.04049768518518517 0.07783564814814818
0 0.24843171296296296 0.3396238425925926 0.06258101851851858 0.09475694444444445
0 0.15160879629629628 0.38125 0.09349537037037034 0.1574305555555556