0 0.1307638888888889 0.3557118055555556 0.11184027777777779 0.1426388888888889
0 0.23869791666666668 0.3614351851851852 0.07354166666666666 0.0893634259259259
0 0.29487847222222224 0.22526620370370373 0.08201388888888887 0.10288194444444446
0 0.4302083333333334 0.23134837962962962 0.07336805555555555 0.09692129629629631
0 0.4839583333333334 0.17194444444444446 0.08670138888888879 0.1036458333333333
0 0.5952777777777778 0.27358217592592593 0.09298611111111121 0.13046296296296295
0 0.6033506944444444 0.15168402777777779 0.08027777777777771 0.1101851851851852
0 0.6399131944444445 0.16743055555555558 0.09298611111111121 0.13046296296296295
0 0.7192013888888888 0.09341435185185186 0.1036458333333334 0.13068287037037038
0 0.8229861111111111 0.19788773148148148 0.13694444444444437 0.15583333333333335
0 0.8819097222222222 0.30324074074074076 0.157673611111111 0.19562500000000008
0 0.6722048611111111 0.3309837962962963 0.10687499999999997 0.1403125
0 0.7869444444444444 0.5920370370370371 0.15545138888888896 0.18312500000000007
0 0.6756597222222223 0.48155092592592597 0.14697916666666658 0.1696064814814815
0 0.61625 0.6809490740740741 0.18628472222222214 0.220011574074074
0 0.32710069444444445 0.6597395833333334 0.2167361111111111 0.2462152777777778