0 0.9782378472222222 0.4764699074074074 0.04352430555555564 0.10248842592592596
0 0.9551938657407408 0.44272569444444443 0.08961226851851833 0.11711805555555554
0 0.8982407407407408 0.4407465277777778 0.08187500000000014 0.09981481481481484
0 0.9446527777777778 0.210462962962963 0.08031250000000015 0.0994791666666667
0 0.8087615740740741 0.4022858796296297 0.08298611111111107 0.10918981481481485
0 0.7398148148148148 0.4018750000000001 0.07498842592592592 0.10594907407407414
0 0.6535243055555556 0.3835590277777778 0.07093750000000014 0.0974652777777778
0 0.6004803240740741 0.3821354166666667 0.07075231481481481 0.09590277777777781
0 0.5106770833333334 0.39501736111111113 0.07618055555555543 0.10315972222222225
0 0.4424363425925926 0.36000578703703706 0.09153935185185187 0.11711805555555559
0 0.265630787037037 0.22013310185185184 0.20277777777777778 0.27196759259259257
0 0.28455439814814815 0.025839120370370373 0.16285879629629632 0.05167824074074075