0 0.01015625 0.5609375 0.0203125 0.0421875
0 0.0640625 0.56875 0.025 0.03359375
0 0.11328125 0.56640625 0.0265625 0.04375
0 0.121875 0.5828125 0.0265625 0.0421875
0 0.14375 0.5421875 0.0203125 0.03203125
0 0.16484375 0.54765625 0.0203125 0.03125
0 0.20234375 0.553125 0.01953125 0.03046875
0 0.225 0.53828125 0.0171875 0.03046875
0 0.2328125 0.559375 0.02578125 0.03828125
0 0.26015625 0.5671875 0.0234375 0.04375
0 0.29453125 0.64375 0.04375 0.0640625
0 0.271875 0.53828125 0.01953125 0.02734375
0 0.28828125 0.54609375 0.0171875 0.02890625
0 0.31640625 0.534375 0.01328125 0.025
0 0.31953125 0.5546875 0.0203125 0.03203125
0 0.33828125 0.546875 0.01796875 0.0375
0 0.346875 0.55625 0.0171875 0.034375
0 0.35546875 0.534375 0.01640625 0.025
0 0.33046875 0.53125 0.01328125 0.021875
0 0.3828125 0.54609375 0.02109375 0.03203125
0 0.396875 0.5375 0.01484375 0.028125
0 0.38359375 0.59375 0.0375 0.0546875
0 0.36875 0.5984375 0.02265625 0.0421875
0 0.43203125 0.59921875 0.03515625 0.05546875
0 0.42421875 0.68984375 0.06953125 0.09375
0 0.42890625 0.5453125 0.0140625 0.0265625
0 0.44453125 0.55078125 0.02109375 0.03515625
0 0.4421875 0.53203125 0.01171875 0.01875
0 0.46328125 0.5328125 0.01640625 0.02578125
0 0.43125 0.52734375 0.0125 0.0171875
0 0.50703125 0.49140625 0.021875 0.0359375
0 0.54921875 0.5140625 0.01171875 0.02109375
0 0.5625 0.51796875 0.01015625 0.02265625
0 0.5765625 0.53125 0.01328125 0.0265625
0 0.5984375 0.521875 0.01328125 0.02578125
0 0.596875 0.540625 0.01171875 0.0265625
0 0.5421875 0.54296875 0.0171875 0.028125
0 0.52265625 0.571875 0.0265625 0.04375
0 0.50234375 0.6234375 0.046875 0.071875
0 0.496875 0.79375 0.0953125 0.14453125
0 0.5765625 0.58046875 0.02734375 0.0421875
0 0.61796875 0.57265625 0.025 0.0421875
0 0.6328125 0.634375 0.0453125 0.08125
0 0.71640625 0.6734375 0.05546875 0.08984375
0 0.6640625 0.59375 0.03125 0.05234375
0 0.6953125 0.5796875 0.0375 0.0625
0 0.65234375 0.5640625 0.025 0.0421875
0 0.63046875 0.54296875 0.02109375 0.03671875
0 0.6140625 0.51875 0.0125 0.02265625
0 0.63984375 0.51640625 0.0125 0.021875
0 0.6578125 0.5265625 0.0140625 0.0265625
0 0.66328125 0.51875 0.0140625 0.01875
0 0.6765625 0.53671875 0.02265625 0.03203125
0 0.68203125 0.51328125 0.01484375 0.02109375
0 0.65078125 0.484375 0.0109375 0.0171875
0 0.63046875 0.4765625 0.01015625 0.0140625
0 0.703125 0.52421875 0.0125 0.0203125
0 0.70859375 0.51484375 0.01328125 0.02109375
0 0.72734375 0.525 0.0171875 0.0296875
0 0.7296875 0.57109375 0.0234375 0.0453125
0 0.7453125 0.540625 0.0171875 0.02890625
0 0.74609375 0.515625 0.01171875 0.0203125
0 0.7640625 0.53359375 0.01796875 0.03515625
0 0.7796875 0.5578125 0.021875 0.0421875
0 0.8 0.578125 0.03125 0.0515625
0 0.77421875 0.52578125 0.01640625 0.02734375
0 0.79453125 0.51875 0.01171875 0.02265625
0 0.80625 0.53671875 0.01796875 0.0296875
0 0.8140625 0.5203125 0.0109375 0.0203125
0 0.8203125 0.53203125 0.01171875 0.02265625
0 0.83125 0.53828125 0.0171875 0.034375
0 0.84609375 0.53046875 0.0140625 0.02734375
0 0.84921875 0.5203125 0.0109375 0.01953125
0 0.86015625 0.53671875 0.015625 0.0265625
0 0.8765625 0.5421875 0.01640625 0.028125
0 0.87109375 0.5703125 0.02109375 0.0421875
0 0.82578125 0.62265625 0.04375 0.08125
0 0.903125 0.575 0.0296875 0.0484375
0 0.9078125 0.53125 0.01640625 0.0265625
0 0.896875 0.53515625 0.01171875 0.02265625
0 0.93203125 0.56796875 0.02421875 0.04609375
0 0.96328125 0.5515625 0.02578125 0.03671875
0 0.9828125 0.5484375 0.01796875 0.0328125
0 0.9484375 0.54609375 0.015625 0.03125
0 0.9390625 0.5234375 0.0171875 0.028125
0 0.94921875 0.525 0.0109375 0.02265625
0 0.971875 0.53046875 0.01640625 0.021875