0 0.8254398148148148 0.31700810185185185 0.048252314814814665 0.06682870370370368
0 0.8184664351851852 0.3109780092592592 0.056770833333333215 0.07906250000000004
0 0.7892476851851852 0.2968518518518518 0.042210648148148164 0.052118055555555556
0 0.7489756944444445 0.2999710648148148 0.04760416666666671 0.06370370370370378
0 0.7427372685185185 0.27958333333333335 0.03531250000000004 0.0476967592592592
0 0.7447685185185186 0.2589756944444444 0.0381712962962963 0.05427083333333336
0 0.6308449074074074 0.4261516203703703 0.13553240740740727 0.1776388888888889
0 0.5628935185185184 0.45818865740740744 0.121736111111111 0.16879629629629628
0 0.41961805555555554 0.50734375 0.19321759259259252 0.25390046296296304
0 0.43989583333333326 0.3663194444444445 0.0809722222222223 0.10202546296296297
0 0.5201331018518518 0.37958333333333333 0.07062500000000008 0.09539351851851859
0 0.6366724537037036 0.35840277777777774 0.06490740740740755 0.08224537037037036
0 0.6222800925925925 0.3232581018518518 0.059247685185185264 0.07658564814814817
0 0.6504861111111111 0.266568287037037 0.04162037037037045 0.05648148148148149
0 0.6179282407407408 0.3009837962962963 0.03876157407407419 0.04990740740740742
0 0.6058391203703704 0.29078124999999994 0.03687499999999986 0.04802083333333336
0 0.6044212962962963 0.27238425925925924 0.03186342592592588 0.045486111111111074
0 0.5758564814814815 0.29475694444444445 0.046689814814814844 0.06650462962962962
0 0.5393460648148147 0.31578703703703703 0.057361111111111106 0.0746990740740741
0 0.5260185185185184 0.3043460648148148 0.0453935185185184 0.060254629629629616
0 0.563425925925926 0.26817708333333334 0.03498842592592588 0.0461342592592592
0 0.5579166666666666 0.19380787037037034 0.030567129629629618 0.03923611111111112
0 0.49695023148148143 0.31112268518518515 0.05515046296296298 0.07125000000000004
0 0.5270023148148149 0.277974537037037 0.029976851851851904 0.043599537037037096
0 0.5131018518518518 0.2801099537037037 0.030891203703703594 0.04079861111111107
0 0.48320601851851847 0.27285300925925926 0.0331018518518519 0.04424768518518522
0 0.49684027777777773 0.26479166666666665 0.024907407407407333 0.03357638888888888
0 0.43502314814814813 0.31050925925925926 0.05267361111111111 0.0737268518518519
0 0.4639988425925926 0.27534143518518517 0.034664351851851904 0.0445717592592592
0 0.4496701388888889 0.27233217592592596 0.032187500000000036 0.04704861111111107
0 0.4293287037037037 0.28028935185185183 0.041296296296296296 0.054918981481481485
0 0.4107291666666667 0.3050810185185185 0.04604166666666672 0.06337962962962962
0 0.4037673611111111 0.27736689814814813 0.03434027777777775 0.04300925925925929
0 0.38817129629629626 0.2768634259259259 0.040706018518518496 0.05928240740740733
0 0.3689178240740741 0.26515625 0.032453703703703686 0.04112268518518523
0 0.35127893518518516 0.30694444444444446 0.041296296296296296 0.054918981481481485
0 0.3220196759259259 0.3182465277777778 0.0536458333333333 0.07841435185185182
0 0.3398784722222222 0.2681886574074074 0.034664351851851814 0.0445717592592592
0 0.31421875 0.29818287037037033 0.04663194444444443 0.05901620370370377
0 0.28965277777777776 0.3481365740740741 0.05795138888888891 0.07033564814814816
0 0.2696006944444444 0.31865162037037037 0.05833333333333339 0.07938657407407401
0 0.30407407407407405 0.2786053240740741 0.0381712962962963 0.05427083333333336
0 0.24612847222222226 0.28763310185185187 0.04663194444444443 0.05901620370370377
0 0.20546875 0.3611111111111111 0.06204861111111111 0.07567129629629629
0 0.21374421296296298 0.29958333333333337 0.054178240740740714 0.06656250000000004
0 0.16765046296296296 0.3091435185185185 0.05229166666666667 0.06467592592592589
0 0.0774710648148148 0.4961342592592593 0.1549421296296296 0.19376157407407407
0 0.017193287037037035 0.3191724537037037 0.03438657407407407 0.09038194444444443