0 0.8544444444444445 0.7630208333333334 0.11796296296296305 0.17505787037037024
0 0.8684837962962962 0.8616030092592591 0.049988425925926096 0.11603009259259238
0 0.6994849537037038 0.7703703703703704 0.08990740740740755 0.1387731481481481
0 0.616261574074074 0.8290219907407408 0.0772106481481483 0.12465277777777777
0 0.6765509259259259 0.632986111111111 0.12013888888888893 0.20138888888888892
0 0.5130497685185185 0.9333622685185186 0.042048611111111 0.07048611111111107
0 0.5115277777777778 0.7911747685185185 0.06427083333333332 0.11967592592592595
0 0.49785879629629637 0.6559606481481481 0.10971064814814824 0.17077546296296298
0 0.4196006944444445 0.7416666666666666 0.07184027777777775 0.1299768518518519
0 0.3836053240740741 0.8160879629629629 0.05872685185185187 0.10202546296296297
0 0.4184722222222222 0.8970196759259259 0.046053240740740665 0.07719907407407404
0 0.34258680555555554 0.7278645833333334 0.07052083333333332 0.1206018518518519
0 0.31065393518518525 0.8244212962962962 0.054745370370370416 0.08460648148148157
0 0.2884432870370371 0.659230324074074 0.09344907407407402 0.15306712962962976
0 0.23283564814814817 0.6916666666666667 0.07008101851851851 0.1174768518518519
0 0.24409722222222224 0.7419849537037038 0.05965277777777782 0.08686342592592596
0 0.20456597222222223 0.7791956018518519 0.05784722222222223 0.09577546296296298
0 0.31083912037037037 0.3754340277777778 0.16152777777777771 0.2671875
0 0.19082175925925926 0.5538483796296296 0.13237268518518513 0.22309027777777785
0 0.06994212962962965 0.6930555555555555 0.0662962962962963 0.11232638888888893
0 0.022277199074074078 0.7094039351851852 0.044554398148148155 0.10561342592592596
0 0.026961805555555562 0.5680844907407407 0.053923611111111124 0.15619212962962958