0 0.6758333333333333 0.6338541666666666 0.2081712962962964 0.27666666666666656
0 0.7350925925925926 0.5310937499999999 0.13813657407407404 0.16260416666666658
0 0.8125057870370369 0.39328125 0.0782870370370369 0.10302083333333334
0 0.809230324074074 0.36260416666666667 0.05829861111111114 0.08062500000000003
0 0.7501851851851852 0.3795833333333333 0.05159722222222207 0.07062499999999998
0 0.7757638888888889 0.3382291666666667 0.04165509259259252 0.052604166666666695
0 0.7251909722222223 0.37229166666666663 0.05438657407407419 0.06947916666666672
0 0.697048611111111 0.40791666666666665 0.07682870370370373 0.08916666666666676
0 0.6642650462962962 0.3591666666666667 0.05337962962962965 0.06479166666666672
0 0.6215740740740741 0.4695833333333333 0.1049768518518519 0.1354166666666668
0 0.48583912037037036 0.525625 0.12318287037037035 0.16364583333333335
0 0.4022685185185185 0.59671875 0.1830324074074074 0.2232291666666665
0 0.5509953703703705 0.35302083333333334 0.059525462962962905 0.07927083333333336
0 0.5346469907407407 0.35140625000000003 0.049583333333333354 0.061249999999999985
0 0.5055613425925927 0.37729166666666664 0.05751157407407419 0.06989583333333335
0 0.49486689814814816 0.34229166666666666 0.04109953703703706 0.057083333333333285
0 0.45439236111111114 0.3788020833333333 0.06287037037037031 0.07364583333333333
0 0.4177893518518519 0.37609375 0.04667824074074076 0.05479166666666675
0 0.3652141203703704 0.39828125000000003 0.06968750000000004 0.09125000000000005
0 0.39275462962962965 0.34072916666666664 0.037858796296296224 0.04906249999999997
0 0.413119212962963 0.34484375 0.035624999999999976 0.04572916666666664
0 0.37561921296296297 0.34984375 0.035069444444444466 0.05020833333333332
0 0.3321527777777778 0.34729166666666667 0.04199074074074076 0.054166666666666606
0 0.28183449074074074 0.42609375 0.06745370370370374 0.08791666666666664
0 0.3073090277777778 0.37109375 0.03908564814814817 0.04770833333333328
0 0.2990625 0.34942708333333333 0.03763888888888891 0.05510416666666664
0 0.26786458333333335 0.3604166666666667 0.04109953703703706 0.057083333333333285
0 0.24447337962962967 0.3809895833333333 0.04645833333333336 0.060833333333333336
0 0.19065972222222222 0.42307291666666663 0.100625 0.13635416666666664
0 0.18510416666666668 0.37828125 0.048692129629629655 0.06416666666666666
0 0.2477314814814815 0.34109375000000003 0.03026620370370372 0.04197916666666668
0 0.20889467592592595 0.34171874999999996 0.03718750000000002 0.045937499999999964
0 0.12895833333333334 0.3994270833333334 0.07403935185185187 0.09031250000000002
0 0.15303240740740742 0.3544791666666667 0.035960648148148165 0.04729166666666664
0 0.12875578703703705 0.36151041666666667 0.046793981481481506 0.06239583333333334
0 0.08813078703703706 0.469375 0.08275462962962962 0.10968750000000008
0 0.042491319444444446 0.47833333333333333 0.08498263888888889 0.1369791666666666
0 0.07644675925925927 0.40718750000000004 0.06689814814814816 0.09239583333333332
0 0.1101215277777778 0.35640625 0.0500347222222222 0.07041666666666666
0 0.04722800925925927 0.3701041666666667 0.05662037037037036 0.07281250000000003
0 0.007034143518518521 0.4697395833333333 0.014068287037037042 0.14489583333333336
0 0.018686342592592598 0.3692708333333333 0.037372685185185196 0.07614583333333336