0 0.8875520833333332 0.26795138888888886 0.06802083333333328 0.08929398148148149
0 0.8781770833333333 0.35038773148148145 0.05135416666666685 0.07204861111111108
0 0.7847395833333334 0.44852430555555556 0.06114583333333314 0.07927083333333336
0 0.6455729166666667 0.4412326388888889 0.05333333333333332 0.07846064814814824
0 0.6276041666666667 0.33835648148148145 0.06677083333333336 0.0938194444444445
0 0.60640625 0.5283101851851851 0.049583333333333354 0.06876157407407409
0 0.5136458333333334 0.4766377314814815 0.06114583333333332 0.07927083333333336
0 0.4208854166666667 0.552980324074074 0.05291666666666668 0.07221064814814823
0 0.3375520833333333 0.4646412037037037 0.05645833333333332 0.07878472222222221
0 0.3728645833333334 0.37718749999999995 0.0729166666666667 0.09290509259259264
0 0.24473958333333332 0.5766782407407407 0.07489583333333334 0.09931712962962962
0 0.04052083333333333 0.4591145833333334 0.08104166666666666 0.11418981481481474
0 0.026666666666666665 0.599068287037037 0.05333333333333333 0.09818287037037035