0 0.39159143518518513 0.7923668981481481 0.20954861111111106 0.2401736111111111
0 0.36884837962962963 0.5884027777777778 0.10237268518518512 0.12671296296296292
0 0.4479571759259259 0.6470717592592592 0.10177083333333332 0.1235879629629629
0 0.4403356481481482 0.5774421296296296 0.1104861111111111 0.130648148148148
0 0.5963541666666666 0.563136574074074 0.0766435185185184 0.09241898148148149
0 0.6035532407407407 0.5146412037037037 0.08752314814814817 0.10307870370370367
0 0.6582002314814815 0.45917824074074076 0.1157754629629629 0.1351967592592592
0 0.5378240740740741 0.3708680555555556 0.1332060185185185 0.14931712962962962
0 0.7542881944444444 0.5201331018518518 0.07916666666666679 0.09024305555555542
0 0.874224537037037 0.4258217592592593 0.087222222222222 0.10151620370370366
0 0.7979108796296297 0.25714699074074077 0.13344907407407405 0.15821759259259255
0 0.8869907407407407 0.2945949074074074 0.08626157407407434 0.1041666666666667
0 0.8569618055555555 0.06331597222222222 0.14961805555555552 0.12663194444444445
0 0.8954484953703703 0.05111400462962963 0.20910300925925931 0.10222800925925926
0 0.9668518518518517 0.15597800925925925 0.06629629629629648 0.10667824074074073
0 0.2878819444444444 0.7734201388888888 0.0838541666666667 0.0916666666666666