0 0.7318460648148148 0.42390624999999993 0.06790509259259245 0.08447916666666662
0 0.38594907407407403 0.3210763888888889 0.05945601851851849 0.06866898148148141
0 0.988984375 0.6007291666666668 0.022031249999999857 0.0512037037037036
0 0.9703587962962963 0.6371412037037036 0.04565972222222214 0.04803240740740744
0 0.9267303240740741 0.6311805555555555 0.04653935185185176 0.054282407407407265
0 0.9197395833333333 0.6644270833333333 0.03540509259259252 0.04150462962962962
0 0.8985821759259259 0.6412384259259258 0.040532407407407336 0.04476851851851862
0 0.8603587962962962 0.6128761574074074 0.051446759259259525 0.05598379629629626
0 0.8434432870370371 0.6419386574074074 0.04253472222222214 0.047939814814814775
0 0.8112094907407407 0.578744212962963 0.050104166666666575 0.057499999999999926
0 0.7996180555555557 0.6235243055555555 0.04075231481481474 0.04633101851851862
0 0.7606249999999999 0.589693287037037 0.05523148148148138 0.06076388888888893
0 0.7456018518518519 0.6211458333333334 0.044756944444444356 0.05267361111111111
0 0.7102083333333333 0.5741956018518518 0.051006944444444355 0.052858796296296265
0 0.6985069444444445 0.6181944444444445 0.048101851851851764 0.054328703703703775
0 0.6859490740740741 0.6450520833333334 0.038530092592592526 0.041597222222222285
0 0.72421875 0.6516319444444444 0.03540509259259252 0.04150462962962962
0 0.7778703703703703 0.6680034722222222 0.040532407407407336 0.04476851851851862
0 0.8297395833333333 0.6827662037037037 0.04009259259259253 0.04164351851851862
0 0.8288888888888888 0.7154166666666667 0.03496527777777771 0.03837962962962962
0 0.8308101851851852 0.756707175925926 0.04143518518518512 0.040127314814814775
0 0.8771817129629629 0.7324074074074074 0.036087962962962905 0.03530092592592595
0 0.8921875 0.7616377314814814 0.04209490740740733 0.04481481481481495
0 0.921724537037037 0.72828125 0.038969907407407335 0.04472222222222229
0 0.9707986111111111 0.745295138888889 0.04075231481481474 0.04633101851851862
0 0.9538946759259259 0.768912037037037 0.04543981481481474 0.046469907407407265
0 0.7902662037037038 0.7173842592592592 0.04075231481481474 0.04633101851851862
0 0.765925925925926 0.7213310185185186 0.03606481481481474 0.04619212962962962
0 0.735920138888889 0.712662037037037 0.040532407407407336 0.04476851851851862
0 0.7126793981481482 0.7244212962962963 0.03496527777777771 0.03837962962962962
0 0.6827083333333333 0.6994155092592592 0.03762731481481474 0.046238425925925954
0 0.6564525462962963 0.711863425925926 0.034502314814814736 0.04614583333333329
0 0.6308275462962962 0.6900983796296296 0.04209490740740733 0.04481481481481495
0 0.6066840277777777 0.7064988425925927 0.03562499999999993 0.04306712962962962
0 0.6343865740740741 0.6435243055555555 0.037407407407407334 0.04467592592592595
0 0.6561458333333332 0.593599537037037 0.04119212962962955 0.04945601851851862
0 0.6457175925925925 0.5637268518518519 0.05567129629629619 0.06388888888888893
0 0.5881828703703704 0.5363483796296296 0.05366898148148138 0.060717592592592594
0 0.5981018518518517 0.5957696759259259 0.044756944444444356 0.05267361111111111
0 0.57515625 0.6262094907407407 0.041412037037036956 0.051018518518518616
0 0.5866956018518519 0.658449074074074 0.038969907407407335 0.04472222222222229
0 0.5608796296296296 0.6740219907407408 0.037407407407407334 0.04467592592592595
0 0.5311284722222223 0.6505787037037037 0.03562499999999993 0.04306712962962962
0 0.5238136574074075 0.626244212962963 0.03540509259259252 0.04150462962962962
0 0.5417650462962962 0.5824305555555556 0.05501157407407398 0.05920138888888893
0 0.5283912037037037 0.5205729166666667 0.054328703703703594 0.0654050925925926
0 0.4538888888888889 0.49424768518518525 0.060115740740740796 0.07335648148148159
0 0.3818171296296296 0.47966435185185186 0.05611111111111109 0.06701388888888893
0 0.3022627314814815 0.46719328703703705 0.054328703703703685 0.0654050925925926
0 0.2792592592592592 0.5248611111111111 0.052326388888888874 0.06223379629629626
0 0.22203703703703703 0.45548032407407407 0.05032407407407406 0.05906249999999993
0 0.2088946759259259 0.49476851851851844 0.05076388888888894 0.06218749999999993
0 0.14365162037037038 0.4181481481481482 0.05276620370370368 0.0653587962962963
0 0.15167824074074074 0.4751793981481482 0.04609953703703704 0.05115740740740726
0 0.1450173611111111 0.5107696759259259 0.03762731481481483 0.046238425925925954
0 0.08972800925925925 0.4772337962962963 0.05498842592592592 0.0700925925925926
0 0.08768518518518517 0.5456365740740741 0.03067129629629628 0.06314814814814813
0 0.1061574074074074 0.5718576388888889 0.05276620370370368 0.06535879629629626
0 0.18415509259259258 0.5290451388888888 0.032060185185185164 0.039849537037036954
0 0.20844907407407404 0.546880787037037 0.043634259259259324 0.055752314814814775
0 0.16422453703703704 0.5587962962962962 0.04209490740740742 0.04481481481481477
0 0.17433449074074076 0.5808796296296297 0.038969907407407425 0.04472222222222229
0 0.24179976851851853 0.5572048611111111 0.044756944444444446 0.05267361111111111
0 0.2328935185185185 0.5989525462962962 0.038090277777777716 0.03847222222222228
0 0.26038194444444446 0.5842071759259259 0.03184027777777772 0.03828703703703695
0 0.2773032407407407 0.6049363425925925 0.038969907407407335 0.04472222222222229
0 0.30013888888888884 0.5737152777777779 0.03762731481481483 0.046238425925925954
0 0.3123611111111111 0.5997511574074074 0.03540509259259252 0.04150462962962962
0 0.3315914351851852 0.6368865740740741 0.040532407407407336 0.04476851851851862
0 0.3458101851851852 0.6163020833333334 0.042754629629629635 0.04950231481481478
0 0.3564583333333333 0.5427083333333333 0.05210648148148147 0.060671296296296265
0 0.36799768518518516 0.5749479166666667 0.03296296296296299 0.035208333333333286
0 0.38990162037037035 0.6144965277777777 0.04209490740740742 0.04481481481481477
0 0.3977777777777778 0.6372916666666667 0.03030092592592588 0.027349537037036954
0 0.42030092592592594 0.5430439814814815 0.03806712962962955 0.04936342592592595
0 0.4227835648148147 0.582795138888889 0.04009259259259253 0.04164351851851862
0 0.4687037037037037 0.5608159722222222 0.04653935185185176 0.05428240740740744
0 0.47520254629629627 0.6014641203703703 0.03987268518518512 0.04008101851851862
0 0.47802662037037036 0.6381134259259259 0.037407407407407334 0.04467592592592595
0 0.4528935185185185 0.6474826388888889 0.04075231481481474 0.04633101851851862
0 0.4289293981481482 0.6319907407407408 0.039849537037036954 0.05097222222222229
0 0.5074247685185185 0.6701041666666667 0.038530092592592526 0.041597222222222285