0 0.11701388888888889 0.42768518518518517 0.12065972222222224 0.19186342592592584
0 0.16979166666666667 0.4346469907407407 0.12552083333333336 0.1797337962962963
0 0.46701388888888895 0.40694444444444444 0.16006944444444432 0.2531828703703704
0 0.5657118055555556 0.46163194444444444 0.17309027777777786 0.258611111111111
0 0.6347222222222222 0.6298379629629629 0.10190972222222214 0.16281250000000008
0 0.8211805555555556 0.6071469907407407 0.12430555555555571 0.19673611111111117
0 0.6528645833333334 0.7389699074074074 0.061111111111111074 0.0889930555555555
0 0.8336805555555555 0.8019849537037036 0.048958333333333215 0.07740740740740729
0 0.8005208333333333 0.7511747685185186 0.06857638888888892 0.10030092592592599
0 0.5927951388888889 0.69984375 0.06475694444444428 0.09386574074074083
0 0.5668402777777778 0.7169039351851852 0.0682291666666666 0.1111458333333335
0 0.49765625 0.6899594907407407 0.07361111111111107 0.10370370370370363
0 0.4372395833333334 0.639988425925926 0.06857638888888892 0.10030092592592581
0 0.29131944444444446 0.6400983796296297 0.09131944444444447 0.1373495370370371
0 0.34444444444444444 0.7277546296296296 0.05347222222222214 0.0761226851851852
0 0.24600694444444446 0.684693287037037 0.04704861111111107 0.07418981481481488
0 0.19340277777777778 0.6971238425925926 0.05121527777777781 0.08375000000000003
0 0.20633680555555553 0.7274016203703704 0.049826388888888906 0.07124999999999986
0 0.21918402777777776 0.7584606481481482 0.0467013888888889 0.07106481481481489
0 0.16840277777777776 0.7754398148148148 0.04340277777777777 0.055347222222222214
0 0.10034722222222223 0.6405497685185185 0.06736111111111108 0.0893634259259258
0 0.08272569444444444 0.7083391203703704 0.06076388888888888 0.07189814814814817
0 0.035763888888888894 0.6560185185185186 0.06475694444444444 0.09386574074074083