0 0.07464120370370371 0.36225694444444445 0.12289351851851853 0.1564583333333333
0 0.0281712962962963 0.42423611111111115 0.05053240740740741 0.07965277777777775
0 0.10039930555555557 0.4607118055555556 0.06621527777777779 0.08989583333333329
0 0.15849537037037037 0.49000000000000005 0.056770833333333305 0.07906249999999986
0 0.22498263888888886 0.49060763888888886 0.05043981481481481 0.06715277777777776
0 0.24548032407407408 0.5124479166666667 0.050428240740740725 0.06559027777777793
0 0.2731886574074074 0.4518229166666667 0.07093749999999996 0.0953125
0 0.30736689814814816 0.5255034722222222 0.055185185185185226 0.07569444444444429
0 0.3325694444444444 0.5489583333333334 0.04098379629629623 0.0547569444444445
0 0.3788020833333333 0.5605381944444444 0.04255787037037031 0.05656250000000007
0 0.3891724537037037 0.5878645833333334 0.03311342592592599 0.04572916666666664
0 0.4203530092592593 0.5736284722222222 0.042569444444444396 0.05812500000000007
0 0.4495138888888889 0.6035069444444444 0.036250000000000074 0.04777777777777779
0 0.4917766203703703 0.6071006944444444 0.03468750000000007 0.047534722222222214
0 0.4731481481481481 0.5208333333333334 0.07406250000000014 0.09579861111111114
0 0.38983796296296297 0.46652777777777776 0.08037037037037038 0.10458333333333343
0 0.37765046296296295 0.5106597222222222 0.05828703703703706 0.07305555555555543
0 0.3857986111111111 0.3435763888888889 0.14019675925925928 0.17475694444444442
0 0.206875 0.36906249999999996 0.11188657407407403 0.1453819444444445
0 0.5753472222222222 0.48538194444444444 0.08996527777777778 0.13572916666666668
0 0.6554340277777777 0.4213020833333333 0.173298611111111 0.21892361111111108
0 0.8047395833333333 0.5153993055555556 0.12137731481481495 0.16246527777777775
0 0.7080844907407406 0.56015625 0.07412037037037038 0.10361111111111114
0 0.8452430555555555 0.5982638888888889 0.08041666666666672 0.11083333333333342
0 0.8596354166666667 0.6406076388888888 0.07097222222222221 0.1
0 0.8567939814814813 0.6793750000000001 0.05833333333333357 0.0793055555555556
0 0.8375173611111112 0.7167881944444444 0.03938657407407433 0.04982638888888893
0 0.8671585648148149 0.7059201388888889 0.05672453703703724 0.07281250000000003
0 0.7871354166666666 0.6730034722222222 0.05515046296296298 0.07100694444444447
0 0.757037037037037 0.6221527777777778 0.06618055555555565 0.08520833333333329
0 0.7354050925925926 0.6583680555555556 0.05355324074074073 0.06607638888888889
0 0.6711342592592593 0.6402083333333334 0.048865740740740723 0.06534722222222236
0 0.6845601851851851 0.6576736111111112 0.044166666666666646 0.06305555555555564
0 0.559693287037037 0.5894965277777777 0.05046296296296297 0.07027777777777774
0 0.5989814814814814 0.6138888888888889 0.05673611111111114 0.07437499999999986
0 0.6109606481481482 0.6472222222222223 0.03943287037037031 0.056076388888888926
0 0.6352488425925926 0.6528298611111112 0.0425462962962964 0.05500000000000007
0 0.5416782407407407 0.5860416666666667 0.03628472222222214 0.052465277777777784