0 0.01348379629629629 0.7748842592592592 0.02696759259259258 0.14155092592592594
0 0.04008969907407407 0.7175925925925926 0.08017939814814815 0.11568287037037024
0 0.04959490740740739 0.5689814814814815 0.06070601851851851 0.059664351851851906
0 0.02139756944444444 0.5875578703703704 0.04279513888888888 0.05133101851851869
0 0.09942129629629629 0.5802662037037037 0.044212962962962954 0.0543981481481481
0 0.13188657407407406 0.5791087962962963 0.05873842592592595 0.06579861111111107
0 0.17074652777777777 0.68359375 0.12430555555555553 0.13495370370370363
0 0.06603009259259257 0.6458912037037037 0.07581018518518519 0.07418981481481488
0 0.18350694444444446 0.5637152777777779 0.05601851851851851 0.05949074074074083
0 0.1892361111111111 0.5285300925925925 0.04432870370370372 0.046643518518518515
0 0.2296875 0.49699074074074073 0.034490740740740745 0.03541666666666661
0 0.22213541666666664 0.5462673611111111 0.04646990740740744 0.04982638888888893
0 0.2523726851851852 0.5953703703703704 0.0859375 0.08697916666666679
0 0.30789930555555556 0.5588831018518519 0.06440972222222215 0.06290509259259273
0 0.34360532407407407 0.5444733796296296 0.07754629629629636 0.08356481481481488
0 0.32421875 0.5004918981481481 0.04004629629629637 0.04027777777777786
0 0.39120370370370366 0.4998263888888889 0.05972222222222223 0.06273148148148149
0 0.4214409722222222 0.4852141203703704 0.04947916666666661 0.05769675925925917
0 0.39673032407407405 0.4614872685185185 0.03165509259259256 0.03686342592592595
0 0.4306423611111111 0.45251736111111107 0.042476851851851904 0.0450231481481481
0 0.4575520833333334 0.4771122685185185 0.05972222222222214 0.06273148148148149
0 0.557667824074074 0.4249710648148149 0.04959490740740744 0.04994212962962976
0 0.4723090277777778 0.6947627314814815 0.1828125 0.21626157407407404
0 0.5375868055555555 0.673582175925926 0.144849537037037 0.16209490740740745
0 0.622193287037037 0.4800636574074074 0.15555555555555553 0.1780092592592592
0 0.674074074074074 0.45052083333333337 0.08483796296296298 0.09780092592592596
0 0.697019675925926 0.4073206018518519 0.07355324074074084 0.07876157407407405
0 0.7565104166666666 0.5448206018518519 0.14045138888888892 0.1634837962962962
0 0.7906828703703704 0.6916087962962962 0.21782407407407406 0.2377314814814815
0 0.7866898148148148 0.46255787037037044 0.1111689814814815 0.11429398148148132
0 0.780787037037037 0.37974537037037037 0.061574074074074045 0.06435185185185181
0 0.7433159722222222 0.41218171296296297 0.05688657407407405 0.06417824074074066