0 0.2930844907407407 0.03515625 0.18883101851851852 0.0703125
0 0.39618055555555554 0.1484375 0.16377314814814808 0.1645833333333333
0 0.3146701388888889 0.11842013888888889 0.04444444444444447 0.049097222222222216
0 0.48556134259259254 0.22987268518518517 0.11556712962962976 0.12145833333333333
0 0.5218460648148148 0.24630787037037036 0.08217592592592596 0.0946990740740741
0 0.5484375 0.2811284722222222 0.08350694444444447 0.09322916666666661
0 0.5730324074074075 0.31374421296296295 0.057928240740740836 0.06693287037037035
0 0.6013310185185186 0.34226851851851847 0.06377314814814809 0.07502314814814817
0 0.6539351851851851 0.3739988425925926 0.05590277777777786 0.06371527777777786
0 0.6590277777777778 0.42325810185185186 0.040625 0.04422453703703706
0 0.6814814814814815 0.43896412037037036 0.03501157407407405 0.037696759259259235
0 0.6997106481481482 0.45182291666666663 0.03726851851851851 0.042476851851851904
0 0.7121527777777777 0.4619270833333333 0.03142361111111107 0.03438657407407408
0 0.727835648148148 0.47106481481481477 0.03142361111111107 0.03438657407407408
0 0.912181712962963 0.38192708333333336 0.05758101851851834 0.08549768518518519