0 0.2671527777777778 0.6880324074074075 0.28696759259259264 0.40173611111111107
0 0.1365335648148148 0.6072280092592592 0.16008101851851855 0.20600694444444442
0 0.3593402777777778 0.5997337962962963 0.06118055555555557 0.08900462962962977
0 0.31815393518518514 0.6142881944444445 0.053622685185185225 0.09079861111111107
0 0.07111689814814814 0.5891493055555556 0.05413194444444445 0.09704861111111107
0 0.4542881944444444 0.6020428240740741 0.11458333333333326 0.15819444444444458
0 0.5418055555555555 0.6077083333333333 0.07364583333333333 0.10961805555555557
0 0.5821296296296297 0.6014814814814814 0.05078703703703695 0.07490740740740734
0 0.58484375 0.5780613425925927 0.04090277777777782 0.06706018518518526
0 0.5039236111111112 0.5966319444444445 0.04064814814814817 0.06393518518518526
0 0.7082638888888889 0.6083333333333333 0.1438194444444445 0.1955324074074074
0 0.7741319444444444 0.5941319444444444 0.056365740740740834 0.08664351851851855
0 0.8100057870370371 0.5994733796296297 0.06950231481481461 0.0965856481481481
0 0.9013194444444445 0.595 0.04947916666666678 0.0777662037037036
0 0.9454600694444444 0.5968692129629629 0.10907986111111115 0.1644444444444444
0 0.9886342592592593 0.6047743055555556 0.022731481481481453 0.10306712962962976
0 0.8748379629629628 0.5820138888888888 0.04351851851851833 0.06134259259259256