0 0.24552662037037037 0.2925983796296296 0.13246527777777778 0.17702546296296298
0 0.3780034722222222 0.46424768518518517 0.21331018518518513 0.2711111111111112
0 0.5404456018518518 0.30296874999999995 0.06612268518518505 0.0877314814814815
0 0.6307754629629629 0.29523726851851856 0.0799189814814815 0.10934027777777774
0 0.7242708333333333 0.5283333333333333 0.20925925925925917 0.2859953703703704
0 0.7785763888888889 0.40109953703703705 0.08658564814814831 0.12395833333333339
0 0.8950868055555556 0.47021990740740743 0.10040509259259238 0.1348148148148148
0 0.9478096064814814 0.5213368055555556 0.10438078703703724 0.18200231481481488
0 0.9655873842592593 0.47098958333333335 0.06882523148148145 0.1328009259259259
0 0.9501649305555556 0.38774305555555555 0.09967013888888872 0.1426273148148148
0 0.9937268518518518 0.4252083333333333 0.012546296296296333 0.15849537037037037