0 0.09980324074074073 0.2947916666666667 0.09593750000000001 0.1388310185185185
0 0.1775983796296296 0.280931712962963 0.053032407407407424 0.06631944444444446
0 0.21394675925925927 0.31247106481481485 0.0942592592592593 0.1078125
0 0.27498263888888885 0.38920717592592596 0.1372106481481481 0.15109953703703702
0 0.2769849537037037 0.3195023148148148 0.054594907407407335 0.06655092592592596
0 0.30144675925925923 0.32543402777777775 0.049583333333333354 0.06273148148148149
0 0.3241377314814815 0.3587962962962963 0.09302083333333329 0.11070601851851851
0 0.38515625 0.3686053240740741 0.049583333333333354 0.06273148148148149
0 0.4056365740740741 0.3954861111111111 0.0679050925925925 0.07621527777777777
0 0.4563599537037037 0.4914641203703704 0.16437500000000008 0.1905092592592592
0 0.4567939814814815 0.39921875 0.047534722222222214 0.0578125
0 0.480474537037037 0.40503472222222225 0.04079861111111107 0.05219907407407405
0 0.5170138888888889 0.4458333333333334 0.06354166666666679 0.07864583333333322
0 0.5434548611111112 0.5005208333333334 0.09803240740740726 0.11452546296296298
0 0.5532986111111111 0.43967013888888895 0.04252314814814824 0.05399305555555571
0 0.5831076388888888 0.4971643518518519 0.061979166666666786 0.0784143518518519
0 0.6034953703703703 0.4786458333333333 0.04613425925925938 0.05914351851851851
0 0.6427777777777777 0.5013888888888889 0.04457175925925938 0.05891203703703703
0 0.6713888888888888 0.5102430555555555 0.04942129629629619 0.06116898148148149
0 0.6844155092592593 0.5690972222222223 0.11140046296296298 0.1395833333333334
0 0.7172685185185186 0.5224247685185185 0.04613425925925938 0.05914351851851851
0 0.7424189814814814 0.5869212962962964 0.06887731481481474 0.08559027777777786
0 0.7437037037037036 0.5548032407407407 0.04688657407407391 0.0515625
0 0.7671122685185185 0.5505787037037038 0.05270833333333336 0.06319444444444447
0 0.8249884259259259 0.5968460648148148 0.07167824074074076 0.08292824074074083
0 0.8533043981481482 0.6102719907407408 0.056643518518518475 0.07146990740740744
0 0.9105034722222222 0.6425925925925926 0.056157407407407336 0.06678240740740744