0 0.9223263888888888 0.055781249999999984 0.05048611111111114 0.06090277777777779
0 0.9272222222222222 0.12618055555555555 0.10173611111111107 0.12493055555555554
0 0.8414583333333333 0.11113425925925924 0.04777777777777779 0.05589120370370369
0 0.8181944444444443 0.12006365740740739 0.03920138888888891 0.05114583333333335
0 0.8186979166666667 0.17249421296296294 0.05590277777777786 0.07092592592592592
0 0.7893402777777778 0.15313657407407405 0.041145833333333215 0.053032407407407424
0 0.7552951388888889 0.1716898148148148 0.045798611111111144 0.059930555555555556
0 0.7204513888888888 0.19369212962962962 0.05124999999999993 0.06402777777777775
0 0.6753472222222222 0.23752314814814818 0.04659722222222218 0.05712962962962962
0 0.6303993055555555 0.17789351851851848 0.041145833333333215 0.053032407407407375
0 0.7823263888888888 0.2621238425925926 0.10368055555555564 0.12681712962962965
0 0.6446354166666667 0.5114930555555556 0.1890625 0.23945601851851847
0 0.5833333333333334 0.3715277777777778 0.084236111111111 0.10795138888888882
0 0.5328125 0.4066319444444444 0.07375000000000007 0.09539351851851845
0 0.4194097222222222 0.3792592592592593 0.04270833333333339 0.05335648148148149
0 0.403125 0.6182233796296297 0.12579861111111104 0.1566203703703703
0 0.29557291666666663 0.5543402777777778 0.06444444444444448 0.08159722222222214
0 0.20996527777777776 0.6205266203703703 0.07336805555555559 0.09383101851851858