0 0.053125 0.5421875 0.04296875 0.05703125
0 0.08984375 0.5203125 0.03671875 0.05078125
0 0.13515625 0.5203125 0.04296875 0.06328125
0 0.16640625 0.51953125 0.03359375 0.04921875
0 0.18359375 0.490625 0.03359375 0.040625
0 0.2203125 0.48359375 0.03671875 0.046875
0 0.2546875 0.5140625 0.03984375 0.046875
0 0.20078125 0.53984375 0.03515625 0.04921875
0 0.21484375 0.6125 0.04296875 0.05546875
0 0.30234375 0.5171875 0.03515625 0.0453125
0 0.33203125 0.48671875 0.0296875 0.0453125
0 0.36328125 0.52421875 0.03671875 0.06328125
0 0.328125 0.62890625 0.03984375 0.046875
0 0.4015625 0.49296875 0.03359375 0.04921875
0 0.41171875 0.54375 0.0296875 0.04921875
0 0.4265625 0.61796875 0.03984375 0.04921875
0 0.4546875 0.5078125 0.03984375 0.05078125
0 0.4796875 0.5359375 0.03359375 0.04921875
0 0.534375 0.53984375 0.03515625 0.053125
0 0.53984375 0.62265625 0.046875 0.06328125
0 0.55859375 0.48984375 0.03359375 0.05078125
0 0.61484375 0.4671875 0.03671875 0.05078125
0 0.59296875 0.54296875 0.03671875 0.05078125
0 0.6421875 0.61875 0.04140625 0.059375
0 0.65546875 0.53046875 0.03515625 0.046875
0 0.67578125 0.50703125 0.03515625 0.053125
0 0.71484375 0.5375 0.04296875 0.05703125
0 0.75390625 0.50390625 0.03515625 0.05078125
0 0.759375 0.55234375 0.03515625 0.04921875
0 0.73359375 0.62890625 0.03984375 0.059375
0 0.8203125 0.55 0.03984375 0.053125
0 0.796875 0.5125 0.03671875 0.05078125
0 0.85078125 0.515625 0.03828125 0.04921875
0 0.88203125 0.55859375 0.03984375 0.04921875
0 0.9046875 0.51953125 0.03671875 0.0453125
0 0.93203125 0.534375 0.03984375 0.05078125
0 0.89140625 0.63515625 0.04296875 0.06328125