0 0.09751736111111112 0.2974479166666667 0.10680555555555556 0.16979166666666662
0 0.07345486111111112 0.4222569444444445 0.06743055555555555 0.10513888888888889
0 0.16942708333333334 0.47017361111111117 0.0636111111111111 0.09656249999999993
0 0.19249999999999998 0.5147916666666668 0.055937500000000015 0.09621527777777779
0 0.2655034722222222 0.46767361111111116 0.07892361111111112 0.1140625
0 0.2459201388888889 0.28175347222222225 0.1421180555555556 0.20593750000000002
0 0.2811284722222222 0.5402777777777777 0.06743055555555558 0.10513888888888889
0 0.28208333333333335 0.5940104166666667 0.05496527777777773 0.08527777777777779
0 0.3483159722222222 0.59109375 0.052569444444444446 0.07552083333333322
0 0.36260416666666667 0.6228645833333333 0.043055555555555534 0.07166666666666668
0 0.35687499999999994 0.4724305555555556 0.08725694444444443 0.13902777777777775
0 0.3749479166666667 0.5295833333333333 0.07253472222222221 0.11097222222222225
0 0.4853298611111111 0.5504513888888889 0.08388888888888886 0.11833333333333336
0 0.43434027777777773 0.6044791666666667 0.05666666666666664 0.08722222222222217
0 0.4287673611111112 0.6535590277777777 0.04718750000000007 0.06656250000000004
0 0.46609375000000003 0.67796875 0.03923611111111107 0.06309027777777772
0 0.48659722222222224 0.6592881944444444 0.05 0.08100694444444442
0 0.5361284722222222 0.6576388888888889 0.06006944444444447 0.09111111111111114
0 0.5062673611111111 0.7000173611111111 0.03753472222222225 0.06114583333333332
0 0.5166840277777778 0.7140277777777777 0.045902777777777716 0.06930555555555565
0 0.57578125 0.7254166666666666 0.04149305555555553 0.07128472222222229
0 0.5948958333333334 0.7255034722222222 0.03895833333333343 0.059965277777777715
0 0.6057638888888889 0.6930034722222222 0.056388888888889 0.08409722222222235
0 0.6411631944444445 0.6183506944444443 0.08159722222222214 0.12694444444444458
0 0.5463715277777779 0.4805381944444445 0.11291666666666664 0.1697569444444444
0 0.6516145833333333 0.6843402777777777 0.05284722222222236 0.07864583333333322
0 0.6463715277777778 0.7457291666666667 0.04802083333333336 0.07593749999999985
0 0.6958854166666667 0.7524826388888889 0.043055555555555534 0.07166666666666668
0 0.71609375 0.7390798611111111 0.048576388888889 0.08218750000000004
0 0.7265451388888888 0.7706770833333334 0.04829861111111118 0.07906249999999986
0 0.7755902777777777 0.6947743055555555 0.07152777777777786 0.11684027777777786
0 0.8068055555555557 0.753611111111111 0.06743055555555558 0.10513888888888889
0 0.7822916666666667 0.7873611111111111 0.06204861111111111 0.09618055555555553
0 0.8282812500000001 0.8146527777777777 0.04944444444444436 0.07475694444444443
0 0.8883159722222222 0.8193923611111111 0.050277777777777644 0.08413194444444443
0 0.9261458333333333 0.8408680555555555 0.048576388888889 0.08218749999999986