0 0.7597222222222222 0.45513310185185185 0.08663194444444447 0.0939699074074074
0 0.6938368055555555 0.5142303240740741 0.09670138888888893 0.11175925925925938
0 0.5219618055555555 0.5445428240740741 0.10190972222222214 0.12143518518518519
0 0.4065104166666666 0.5824189814814815 0.09097222222222219 0.10662037037037031
0 0.3032986111111111 0.5892997685185185 0.08628472222222223 0.09240740740740741
0 0.18958333333333335 0.6056018518518519 0.08888888888888884 0.09724537037037032
0 0.85859375 0.44714120370370375 0.060590277777777854 0.08687499999999986
0 0.851736111111111 0.3988715277777778 0.07951388888888893 0.08258101851851851
0 0.8027777777777778 0.3783564814814815 0.061979166666666516 0.06560185185185183
0 0.7723090277777779 0.3881712962962963 0.04965277777777786 0.05829861111111114
0 0.784982638888889 0.3449016203703704 0.0609375 0.06091435185185183
0 0.73125 0.33554976851851853 0.058506944444444466 0.06373842592592593
0 0.7119791666666666 0.33969907407407407 0.04340277777777786 0.05769675925925925
0 0.7021701388888889 0.3322337962962963 0.03611111111111107 0.05240740740740737
0 0.6690972222222221 0.32624421296296297 0.03628472222222214 0.04630787037037045
0 0.6504340277777778 0.3379803240740741 0.03298611111111107 0.03834490740740737
0 0.6572048611111111 0.2731076388888889 0.036979166666666785 0.04943287037037036
0 0.4365451388888889 0.2614814814814815 0.03559027777777786 0.043182870370370365
0 0.050607638888888896 0.6564467592592592 0.09305555555555556 0.1159953703703703
0 0.015885416666666673 0.6299537037037037 0.031770833333333345 0.08711805555555543
0 0.017317708333333338 0.5441377314814815 0.034635416666666675 0.07200231481481474
0 0.03676215277777778 0.5232349537037038 0.07352430555555556 0.07744212962962962
0 0.09062500000000001 0.5073321759259259 0.04913194444444444 0.04907407407407405
0 0.11866319444444447 0.46717013888888886 0.053993055555555544 0.05718750000000004
0 0.15121527777777777 0.44798032407407407 0.04253472222222223 0.04690972222222225
0 0.1935763888888889 0.429375 0.03368055555555558 0.04146990740740737
0 0.17430555555555557 0.41976273148148147 0.035243055555555534 0.04162037037037027