0 0.21119791666666665 0.39132523148148146 0.15746527777777777 0.2346643518518518
0 0.4063368055555555 0.5685590277777778 0.0677083333333334 0.09462962962962962
0 0.44305555555555554 0.5512268518518518 0.08506944444444446 0.1256712962962963
0 0.4886284722222222 0.5857581018518518 0.08680555555555554 0.1273842592592594
0 0.5522569444444445 0.6158449074074074 0.11822916666666679 0.15978009259259257
0 0.6533854166666667 0.6564988425925926 0.1828125 0.24019675925925926
0 0.53046875 0.45453124999999994 0.06475694444444446 0.09589120370370381
0 0.5766493055555555 0.48757523148148146 0.08506944444444446 0.1256712962962963
0 0.5634548611111111 0.4175173611111111 0.04409722222222214 0.06298611111111115
0 0.59453125 0.4259201388888889 0.06128472222222214 0.09246527777777783
0 0.6261284722222222 0.40423032407407405 0.06614583333333339 0.09447916666666671
0 0.6541666666666666 0.38528935185185187 0.04340277777777786 0.05673611111111114
0 0.6938368055555555 0.3388715277777778 0.046527777777777855 0.07094907407407405
0 0.7309895833333333 0.3602256944444444 0.0625 0.08949074074074073
0 0.7866319444444445 0.49929398148148146 0.12378472222222214 0.16804398148148145
0 0.781076388888889 0.4145138888888889 0.08333333333333322 0.1100462962962963
0 0.8768229166666668 0.4971585648148148 0.14322916666666644 0.20392361111111118
0 0.8486111111111111 0.3823726851851852 0.09756944444444438 0.12687500000000007
0 0.80234375 0.32767939814814817 0.06475694444444428 0.09589120370370371
0 0.80703125 0.29335069444444445 0.056597222222222146 0.07810185185185184
0 0.884548611111111 0.30236111111111114 0.0640625 0.08964120370370363
0 0.9467447916666668 0.3628414351851852 0.10651041666666643 0.16870370370370366
0 0.9145833333333332 0.2666087962962963 0.05885416666666643 0.08450231481481474
0 0.9651041666666668 0.5900983796296296 0.06979166666666643 0.24052083333333343