0 0.9521469907407407 0.6562673611111112 0.09570601851851848 0.17398148148148157
0 0.9821006944444445 0.6429513888888889 0.035798611111111 0.20391203703703695
0 0.8569386574074074 0.572511574074074 0.20410879629629627 0.28042824074074063
0 0.739837962962963 0.6058275462962963 0.09472222222222229 0.12563657407407405
0 0.7875868055555555 0.6357002314814816 0.06781250000000014 0.097013888888889
0 0.6540914351851852 0.48666087962962956 0.13591435185185183 0.17872685185185194
0 0.5313310185185185 0.5164988425925927 0.07740740740740737 0.12050925925925923
0 0.45146990740740733 0.4884143518518519 0.14876157407407403 0.20443287037037033
0 0.4369502314814815 0.3479224537037037 0.2500231481481482 0.3160648148148148
0 0.3844444444444445 0.45761574074074074 0.08365740740740746 0.1218055555555555
0 0.21021990740740742 0.3554282407407407 0.12557870370370372 0.20269675925925928