0 0.13984375 0.6747974537037037 0.0296875 0.05688657407407405
0 0.06640625 0.7771122685185186 0.05 0.08026620370370381
0 0.23671875 0.7863715277777777 0.0515625 0.08819444444444446
0 0.29375 0.6790219907407408 0.0421875 0.0734375
0 0.47890625 0.499681712962963 0.03125 0.06637731481481488
0 0.42109375 0.7422453703703704 0.05 0.0818287037037038
0 0.4234375 0.8670717592592592 0.0453125 0.08148148148148167
0 0.6 0.7571180555555556 0.0390625 0.06695601851851851
0 0.6296875 0.8760127314814815 0.05 0.0943287037037038
0 0.7640625 0.8105902777777778 0.0453125 0.07679398148148157
0 0.878125 0.7255787037037037 0.0421875 0.0765625
0 0.9421875 0.8091145833333334 0.053125 0.08674768518518512