0 0.8919878472222222 0.7126215277777778 0.21602430555555543 0.29413194444444457
0 0.5974652777777777 0.5988368055555556 0.26996527777777785 0.3178819444444443
0 0.5584722222222223 0.5285763888888889 0.188923611111111 0.2131597222222222
0 0.48864583333333333 0.2167013888888889 0.22645833333333326 0.26701388888888883
0 0.2504340277777778 0.4577951388888889 0.2551388888888889 0.2738888888888889
0 0.20321180555555554 0.2774131944444444 0.1519444444444444 0.1655555555555555
0 0.1620486111111111 0.19151041666666666 0.13194444444444448 0.15107638888888886
0 0.2273784722222222 0.19842013888888888 0.05670138888888889 0.058958333333333356
0 0.2740625 0.15345486111111112 0.03628472222222223 0.03979166666666667
0 0.315625 0.2526215277777778 0.04847222222222225 0.0540972222222222
0 0.5884722222222223 0.37486111111111114 0.051875000000000074 0.0572916666666667
0 0.632170138888889 0.36647569444444444 0.05003472222222225 0.05413194444444445
0 0.6803125 0.40809027777777784 0.05031250000000007 0.0572569444444444
0 0.7167361111111111 0.4494444444444444 0.05656250000000007 0.057395833333333354
0 0.7480555555555556 0.4509201388888888 0.04010416666666679 0.047673611111111215
0 0.7733680555555555 0.4725347222222222 0.05711805555555553 0.06364583333333336
0 0.8197222222222222 0.4501736111111111 0.04493055555555543 0.04934027777777779
0 0.8680208333333332 0.5198611111111111 0.05513888888888872 0.05892361111111111
0 0.9104340277777778 0.5145659722222222 0.04861111111111107 0.055659722222222284
0 0.9765798611111112 0.5700868055555556 0.04684027777777757 0.07951388888888893