0 0.8023553240740741 0.08424479166666667 0.1854629629629631 0.16848958333333333
0 0.7099016203703703 0.0953125 0.19438657407407406 0.190625
0 0.4890335648148148 0.30598958333333337 0.35418981481481476 0.39875
0 0.9191087962962964 0.4965625 0.16178240740740718 0.32333333333333325
0 0.9198668981481483 0.6549479166666666 0.16026620370370354 0.32447916666666676
0 0.5575752314814815 0.69828125 0.32162037037037033 0.359375
0 0.36258680555555556 0.34197916666666667 0.2131597222222222 0.24208333333333326
0 0.2806828703703704 0.6009895833333333 0.24093750000000008 0.2671875
0 0.4116377314814814 0.8355729166666667 0.33251157407407417 0.30739583333333337
0 0.3438483796296296 0.8881249999999999 0.24934027777777779 0.2072916666666668
0 0.2685474537037037 0.5451041666666667 0.2432407407407407 0.27354166666666657