0 0.1078125 0.475 0.0859375 0.1171875
0 0.21015625 0.51796875 0.103125 0.15546875
0 0.1390625 0.36796875 0.0703125 0.096875
0 0.22265625 0.35625 0.04296875 0.0734375
0 0.25703125 0.38125 0.053125 0.08828125
0 0.321875 0.334375 0.04296875 0.0765625
0 0.41875 0.4296875 0.05625 0.10859375
0 0.4140625 0.35625 0.03125 0.05546875
0 0.4578125 0.35625 0.040625 0.0734375
0 0.52734375 0.4 0.05078125 0.096875
0 0.50390625 0.34609375 0.03125 0.06484375
0 0.55859375 0.32265625 0.03515625 0.0703125
0 0.5609375 0.2171875 0.03125 0.05859375
0 0.6359375 0.359375 0.0453125 0.0734375
0 0.67109375 0.43515625 0.0484375 0.090625
0 0.7 0.60390625 0.1 0.140625
0 0.87421875 0.22109375 0.0609375 0.1140625