0 0.89296875 0.721875 0.08046875 0.13671875
0 0.8421875 0.6484375 0.05859375 0.07890625
0 0.72734375 0.6125 0.04140625 0.06953125
0 0.7765625 0.5984375 0.04140625 0.075
0 0.81328125 0.565625 0.034375 0.05859375
0 0.87265625 0.57734375 0.0296875 0.04140625
0 0.8984375 0.56875 0.034375 0.05234375
0 0.9296875 0.475 0.02890625 0.03984375
0 0.8453125 0.48203125 0.01875 0.0390625
0 0.78125 0.48671875 0.0234375 0.03359375
0 0.72421875 0.48515625 0.02578125 0.0328125
0 0.67265625 0.48359375 0.03203125 0.0390625
0 0.5796875 0.48125 0.0296875 0.046875
0 0.5921875 0.48359375 0.02421875 0.0421875
0 0.52421875 0.47890625 0.04453125 0.07578125
0 0.4640625 0.47578125 0.05234375 0.08828125
0 0.34140625 0.478125 0.0734375 0.10078125
0 0.190625 0.496875 0.10546875 0.165625
0 0.090625 0.51328125 0.159375 0.259375
0 0.11171875 0.3203125 0.0515625 0.09453125
0 0.0234375 0.271875 0.0359375 0.0546875
0 0.02109375 0.2484375 0.02265625 0.0359375
0 0.00859375 0.23125 0.0140625 0.0296875
0 0.0109375 0.2140625 0.01015625 0.02109375
0 0.09296875 0.2703125 0.02578125 0.040625
0 0.1140625 0.23984375 0.01796875 0.0328125
0 0.15078125 0.27265625 0.02578125 0.03203125
0 0.15390625 0.30078125 0.03125 0.05
0 0.20625 0.303125 0.02734375 0.040625
0 0.24921875 0.2984375 0.01796875 0.03359375
0 0.2703125 0.3578125 0.03984375 0.07734375
0 0.31484375 0.375 0.03828125 0.0578125
0 0.3703125 0.39609375 0.0328125 0.0484375
0 0.3 0.32734375 0.02421875 0.0359375
0 0.29140625 0.296875 0.02421875 0.03984375
0 0.2375 0.271875 0.01953125 0.02734375
0 0.24921875 0.2640625 0.01640625 0.0234375
0 0.21171875 0.25078125 0.01640625 0.02734375
0 0.2453125 0.34140625 0.0296875 0.05390625
0 0.2984375 0.2421875 0.01484375 0.02578125
0 0.328125 0.259375 0.01953125 0.0234375
0 0.31796875 0.30078125 0.0140625 0.03203125
0 0.34453125 0.334375 0.02265625 0.03515625
0 0.35859375 0.29140625 0.0171875 0.028125
0 0.3734375 0.309375 0.015625 0.03359375
0 0.4 0.34375 0.0171875 0.02734375
0 0.44609375 0.36875 0.02421875 0.03203125
0 0.46484375 0.40078125 0.0296875 0.040625
0 0.50234375 0.41875 0.01796875 0.03203125
0 0.50859375 0.3734375 0.0171875 0.03125
0 0.47421875 0.3390625 0.01796875 0.03046875
0 0.43046875 0.31875 0.01328125 0.028125
0 0.4421875 0.30859375 0.01640625 0.021875
0 0.39921875 0.29296875 0.01796875 0.02265625
0 0.503125 0.30234375 0.015625 0.0234375
0 0.515625 0.3453125 0.01640625 0.03203125
0 0.55703125 0.378125 0.02265625 0.040625
0 0.5734375 0.42734375 0.0203125 0.0375
0 0.66484375 0.43203125 0.0234375 0.03515625
0 0.70546875 0.4328125 0.01953125 0.03203125
0 0.7609375 0.4359375 0.02421875 0.03203125
0 0.83046875 0.4390625 0.0171875 0.03203125
0 0.7484375 0.39765625 0.0125 0.0234375
0 0.6875 0.39453125 0.01640625 0.03046875
0 0.67265625 0.36875 0.0125 0.021875
0 0.64453125 0.375 0.0140625 0.028125
0 0.62734375 0.35859375 0.01171875 0.02265625
0 0.6265625 0.3421875 0.0171875 0.01953125
0 0.6453125 0.3140625 0.01328125 0.01796875
0 0.5875 0.321875 0.01015625 0.02109375
0 0.575 0.33828125 0.0171875 0.021875
0 0.58828125 0.36171875 0.02109375 0.02890625
0 0.53828125 0.3359375 0.0140625 0.0234375
0 0.54765625 0.30859375 0.01328125 0.01953125