0 0.16947916666666668 0.3396875 0.07979166666666666 0.09248842592592599
0 0.2700520833333333 0.5017939814814815 0.17479166666666665 0.20704861111111103
0 0.48286458333333326 0.4420543981481481 0.06468750000000015 0.08269675925925916
0 0.5984375 0.5671759259259259 0.10749999999999993 0.13931712962962967
0 0.5747916666666667 0.48182291666666666 0.0640625 0.07800925925925917
0 0.6488541666666666 0.49684606481481486 0.05541666666666671 0.07065972222222214
0 0.70390625 0.524525462962963 0.08145833333333333 0.1049884259259258
0 0.7576562499999999 0.6056828703703704 0.14572916666666663 0.18456018518518516
0 0.8318229166666666 0.575491898148148 0.07770833333333335 0.099861111111111
0 0.8897395833333335 0.6534027777777778 0.11437499999999971 0.14488425925925927
0 0.9038541666666667 0.56953125 0.08322916666666665 0.10677083333333322