0 0.60703125 0.41171875 0.03828125 0.06015625
0 0.95703125 0.72109375 0.06171875 0.084375
0 0.94375 0.59765625 0.04765625 0.084375
0 0.9171875 0.6546875 0.05 0.078125
0 0.87734375 0.63515625 0.0703125 0.12890625
0 0.803125 0.7 0.08203125 0.13203125
0 0.74921875 0.64296875 0.0703125 0.10234375
0 0.7359375 0.5671875 0.04765625 0.078125
0 0.665625 0.7671875 0.1 0.1890625
0 0.4640625 0.7390625 0.1078125 0.17421875
0 0.540625 0.68203125 0.07421875 0.14453125
0 0.6 0.615625 0.06015625 0.1078125
0 0.675 0.58828125 0.05 0.078125
0 0.55390625 0.575 0.05625 0.08125
0 0.5328125 0.546875 0.0421875 0.078125
0 0.5046875 0.60390625 0.05390625 0.084375
0 0.4546875 0.62890625 0.0703125 0.10546875
0 0.45234375 0.55703125 0.04765625 0.075
0 0.26015625 0.72109375 0.09609375 0.15625
0 0.32421875 0.6203125 0.06796875 0.1234375
0 0.35234375 0.56171875 0.03203125 0.071875
0 0.371875 0.5328125 0.0359375 0.06875
0 0.2640625 0.56484375 0.04765625 0.09609375
0 0.2328125 0.52109375 0.03828125 0.05078125
0 0.23203125 0.56484375 0.0359375 0.05390625
0 0.1671875 0.58828125 0.0578125 0.09609375
0 0.12734375 0.56875 0.0421875 0.06875
0 0.09921875 0.51015625 0.03828125 0.06015625
0 0.06015625 0.52421875 0.04375 0.05703125
0 0.04296875 0.56640625 0.065625 0.09296875
0 0.0578125 0.67734375 0.10390625 0.14140625