0 0.015130208333333334 0.49023148148148155 0.030260416666666668 0.1053587962962963
0 0.07359374999999999 0.5051215277777779 0.08885416666666668 0.08961805555555565
0 0.031276041666666664 0.6889699074074074 0.06255208333333333 0.10533564814814814
0 0.13163194444444443 0.6888541666666667 0.09934027777777779 0.10686342592592588
0 0.19550347222222222 0.5190451388888888 0.08836805555555557 0.08649305555555564
0 0.24494791666666665 0.6326099537037037 0.08729166666666668 0.08960648148148138
0 0.26307291666666666 0.6816377314814815 0.07934027777777786 0.07862268518518505
0 0.31427083333333333 0.683599537037037 0.06645833333333329 0.06604166666666664
0 0.35315972222222225 0.6442939814814814 0.07163194444444443 0.0692013888888889
0 0.34581597222222216 0.4757928240740741 0.07704861111111114 0.07392361111111115
0 0.4256944444444445 0.5040740740740741 0.07670138888888882 0.08172453703703689
0 0.4097222222222222 0.6719675925925925 0.07045138888888883 0.08167824074074073
0 0.4575694444444444 0.6302546296296296 0.06177083333333329 0.0660069444444444
0 0.5252083333333333 0.5064583333333333 0.07392361111111115 0.07390046296296297
0 0.5947222222222222 0.516087962962963 0.07718749999999996 0.08484953703703706
0 0.5002256944444444 0.6720775462962963 0.05732638888888886 0.06753472222222215
0 0.5653645833333334 0.6396006944444445 0.06128472222222214 0.0628819444444444
0 0.6187673611111111 0.6524710648148149 0.0609375 0.07068287037037031
0 0.6706076388888889 0.5248900462962963 0.07416666666666671 0.07546296296296298
0 0.66203125 0.62015625 0.052604166666666605 0.04721064814814824
0 0.7353993055555555 0.5197280092592592 0.06284722222222214 0.06289351851851847
0 0.7566666666666666 0.6288194444444445 0.05249999999999986 0.05657407407407398
0 0.8777083333333333 0.588125 0.06923611111111114 0.07386574074074073