0 0.159375 0.38125 0.02734375 0.040625
0 0.19375 0.378125 0.02890625 0.0515625
0 0.25 0.365625 0.0234375 0.03828125
0 0.27421875 0.38125 0.03671875 0.06171875
0 0.31953125 0.38984375 0.03359375 0.053125
0 0.34453125 0.38671875 0.02734375 0.0515625
0 0.4171875 0.3890625 0.0390625 0.06875
0 0.4359375 0.365625 0.025 0.046875
0 0.46484375 0.39453125 0.02734375 0.04921875
0 0.51328125 0.3828125 0.021875 0.034375
0 0.53046875 0.3890625 0.025 0.04296875
0 0.5828125 0.40625 0.02734375 0.046875
0 0.61015625 0.421875 0.046875 0.07890625
0 0.653125 0.38046875 0.021875 0.0515625
0 0.7171875 0.37734375 0.03359375 0.0578125
0 0.74453125 0.3890625 0.03046875 0.046875
0 0.76484375 0.39453125 0.0390625 0.06171875
0 0.7828125 0.403125 0.0265625 0.040625
0 0.84765625 0.42734375 0.05703125 0.09375
0 0.8828125 0.39921875 0.0390625 0.0765625
0 0.90546875 0.4109375 0.0265625 0.053125
0 0.9421875 0.39609375 0.021875 0.0359375