0 0.03828125 0.3890625 0.05625 0.09765625
0 0.13046875 0.44609375 0.09921875 0.13671875
0 0.18203125 0.32734375 0.046875 0.08203125
0 0.1234375 0.29296875 0.04296875 0.059375
0 0.2109375 0.28046875 0.0375 0.05
0 0.2984375 0.3796875 0.0671875 0.09375
0 0.30078125 0.3046875 0.034375 0.059375
0 0.365625 0.2765625 0.0359375 0.053125
0 0.41328125 0.259375 0.03203125 0.04765625
0 0.42890625 0.32890625 0.0515625 0.08125
0 0.47265625 0.29765625 0.03984375 0.05703125
0 0.5109375 0.27734375 0.0390625 0.05859375
0 0.54140625 0.27109375 0.0359375 0.05546875
0 0.5734375 0.47109375 0.09140625 0.15234375
0 0.62421875 0.3625 0.06796875 0.10859375
0 0.6546875 0.30390625 0.0484375 0.071875
0 0.6875 0.26015625 0.0375 0.06796875
0 0.87109375 0.24296875 0.0375 0.05546875
0 0.8828125 0.2828125 0.0375 0.065625
0 0.9234375 0.3046875 0.0484375 0.08125
0 0.9515625 0.34140625 0.05859375 0.103125
0 0.975 0.3875 0.04921875 0.11953125