0 0.10491319444444444 0.3727141203703704 0.09697916666666666 0.1708333333333333
0 0.08098958333333332 0.2844039351851852 0.0665625 0.09965277777777785
0 0.19286458333333334 0.2660590277777778 0.049548611111111106 0.08721064814814809
0 0.21732638888888892 0.3065104166666667 0.07107638888888887 0.10839120370370373
0 0.28708333333333336 0.2455439814814815 0.0530555555555555 0.0986111111111111
0 0.3558506944444445 0.2761574074074074 0.07993055555555557 0.13321759259259264
0 0.3704340277777778 0.21015625 0.0514930555555555 0.09814814814814812
0 0.44314236111111105 0.3045717592592592 0.1322569444444444 0.23605324074074074
0 0.4372916666666667 0.18376736111111108 0.036840277777777784 0.06568287037037038
0 0.4721875000000001 0.1857638888888889 0.0530555555555555 0.09861111111111107
0 0.5089583333333334 0.17980324074074072 0.068611111111111 0.11950231481481484
0 0.5921875 0.19461805555555553 0.10204861111111115 0.18269675925925927
0 0.6340277777777779 0.1616608796296296 0.0530555555555555 0.09861111111111112
0 0.6399131944444445 0.12537615740740737 0.03739583333333343 0.06880787037037037
0 0.7357291666666667 0.16935763888888886 0.08951388888888889 0.15381944444444443
0 0.8614062499999999 0.2702835648148148 0.18149305555555556 0.36313657407407407
0 0.7978993055555555 0.10734953703703702 0.0468055555555555 0.09675925925925925
0 0.8479861111111111 0.12540509259259255 0.055069444444444574 0.09328703703703703
0 0.8883159722222222 0.0978298611111111 0.0530555555555555 0.09861111111111112
0 0.9256597222222223 0.07196180555555554 0.047256944444444574 0.09097222222222223
0 0.9539409722222223 0.07838541666666662 0.035833333333333425 0.0683449074074074
0 0.9745572916666667 0.1389756944444444 0.05088541666666657 0.16440972222222222
0 0.9945138888888888 0.0638454861111111 0.010972222222222428 0.1276909722222222