0 0.36259259259259263 0.7165162037037037 0.18247685185185186 0.20506944444444458
0 0.3773958333333333 0.9792881944444446 0.04548611111111116 0.041423611111110856
0 0.41240162037037037 0.9778935185185185 0.04575231481481481 0.044212962962962975
0 0.42708912037037033 0.941730324074074 0.05280092592592602 0.057337962962962764
0 0.44943287037037044 0.9646296296296295 0.049409722222222285 0.055474537037036954
0 0.48684606481481474 0.9451793981481481 0.04704861111111107 0.05063657407407405
0 0.5040335648148149 0.9468344907407407 0.042893518518518546 0.053310185185185335
0 0.5232233796296295 0.8925868055555555 0.06640046296296305 0.0740162037037038
0 0.5408159722222222 0.9327025462962963 0.04259259259259256 0.04252314814814824
0 0.5541145833333333 0.9385937500000001 0.049143518518518545 0.05391203703703695
0 0.5933680555555556 0.889351851851852 0.07241898148148138 0.08228009259259253
0 0.6106886574074075 0.8917881944444446 0.052569444444444356 0.06499999999999986
0 0.6333506944444445 0.9300868055555555 0.040000000000000036 0.04534722222222243
0 0.6632696759259259 0.9252835648148148 0.03424768518518526 0.03864583333333336
0 0.6724247685185185 0.90234375 0.03634259259259256 0.04192129629629626
0 0.6571122685185184 0.8801215277777779 0.040000000000000036 0.04534722222222243
0 0.6477256944444445 0.8069849537037037 0.0967245370370371 0.107673611111111
0 0.687962962962963 0.880787037037037 0.06403935185185183 0.0691782407407409
0 0.7078645833333332 0.9119039351851852 0.03790509259259274 0.04207175925925917
0 0.7258622685185185 0.8867418981481482 0.04498842592592602 0.05658564814814824
0 0.7263136574074074 0.7991840277777778 0.08678240740740736 0.09442129629629648
0 0.7502893518518519 0.8406828703703703 0.06274305555555557 0.070590277777778
0 0.7928124999999999 0.8647569444444445 0.047847222222222284 0.055324074074074046
0 0.8334837962962963 0.8463888888888889 0.05409722222222228 0.055925925925926025
0 0.8164004629629631 0.7686689814814816 0.0768749999999998 0.09039351851851851
0 0.8203125 0.7014236111111111 0.11900462962962947 0.14824074074074076
0 0.8589062500000001 0.7881307870370371 0.06144675925925895 0.07200231481481474
0 0.8762152777777779 0.8220717592592592 0.04994212962962976 0.05859953703703695
0 0.9227199074074075 0.6936111111111112 0.10247685185185204 0.11437500000000007
0 0.9627604166666668 0.699056712962963 0.07447916666666643 0.11332175925925939
0 0.9858304398148148 0.7592303240740741 0.028339120370370452 0.06187499999999986
0 0.9971180555555555 0.6916898148148148 0.0057638888888888575 0.1037962962962963