0 0.7361979166666666 0.8428819444444444 0.2953125 0.31423611111111105
0 0.46140625 0.915798611111111 0.13572916666666668 0.16840277777777785
0 0.34921875 0.94609375 0.0744791666666667 0.09357638888888893
0 0.39125 0.6809027777777777 0.19760416666666672 0.28871527777777767
0 0.2432291666666667 0.7753472222222222 0.14708333333333334 0.20555555555555555
0 0.2303125 0.8723958333333333 0.0838541666666667 0.11788194444444429
0 0.15890625000000003 0.6504340277777778 0.18916666666666665 0.25520833333333337
0 0.13661458333333334 0.7580729166666667 0.10739583333333336 0.1453125
0 0.13130208333333332 0.8296006944444445 0.08364583333333334 0.11475694444444429
0 0.08671875 0.8122395833333332 0.07197916666666666 0.10260416666666652
0 0.05994791666666667 0.7363715277777778 0.030104166666666664 0.12586805555555552
0 0.47796874999999994 0.9793402777777779 0.08677083333333328 0.041319444444444284
0 0.6472916666666666 0.9721354166666668 0.15437499999999993 0.05572916666666643