0 0.49296875 0.6109375 0.0765625 0.1109375
0 0.63828125 0.56328125 0.05 0.1
0 0.58984375 0.5203125 0.04296875 0.0625
0 0.6359375 0.46640625 0.028125 0.0359375
0 0.67734375 0.484375 0.028125 0.04921875
0 0.7 0.46796875 0.0265625 0.0375
0 0.7578125 0.4890625 0.03203125 0.03984375
0 0.7734375 0.5546875 0.046875 0.06875
0 0.8546875 0.5234375 0.04296875 0.0640625
0 0.8859375 0.49765625 0.028125 0.04453125
0 0.91953125 0.4859375 0.025 0.0421875
0 0.55390625 0.478125 0.028125 0.04921875
0 0.55703125 0.45 0.0234375 0.03359375
0 0.5328125 0.45 0.025 0.0375
0 0.4640625 0.49140625 0.03203125 0.04453125
0 0.45859375 0.46015625 0.0234375 0.0359375
0 0.48515625 0.4609375 0.0234375 0.03359375
0 0.37890625 0.45078125 0.028125 0.03984375
0 0.41484375 0.45546875 0.01328125 0.03125
0 0.3578125 0.47109375 0.028125 0.04453125
0 0.325 0.49765625 0.03671875 0.0625
0 0.25546875 0.546875 0.0515625 0.0890625
0 0.23203125 0.49453125 0.04296875 0.05078125
0 0.21953125 0.45 0.028125 0.03359375
0 0.259375 0.434375 0.025 0.0421875
0 0.2921875 0.4640625 0.025 0.04453125
0 0.31171875 0.3859375 0.01328125 0.02890625
0 0.18046875 0.4296875 0.021875 0.0375
0 0.1625 0.43203125 0.025 0.0421875
0 0.13203125 0.45703125 0.03671875 0.046875
0 0.1515625 0.51640625 0.04296875 0.078125
0 0.0703125 0.49140625 0.046875 0.0625
0 0.0859375 0.4453125 0.028125 0.046875
0 0.0625 0.3703125 0.025 0.02890625