0 0.92421875 0.4203125 0.02578125 0.0546875
0 0.9140625 0.4140625 0.0296875 0.06484375
0 0.8765625 0.40078125 0.025 0.040625
0 0.83515625 0.40390625 0.025 0.05234375
0 0.81953125 0.384375 0.01953125 0.03828125
0 0.81328125 0.3640625 0.01953125 0.0453125
0 0.76328125 0.528125 0.07578125 0.14296875
0 0.7046875 0.559375 0.06328125 0.140625
0 0.57265625 0.60859375 0.10703125 0.20625
0 0.53359375 0.4703125 0.04609375 0.08125
0 0.625 0.4828125 0.03828125 0.07890625
0 0.740625 0.46171875 0.0375 0.06484375
0 0.71015625 0.42734375 0.03359375 0.06171875
0 0.715625 0.371875 0.02265625 0.04609375
0 0.6953125 0.40546875 0.021875 0.040625
0 0.678125 0.39609375 0.0203125 0.0390625
0 0.66875 0.378125 0.01640625 0.03828125
0 0.6484375 0.4 0.0234375 0.05625
0 0.61796875 0.4203125 0.03125 0.06015625
0 0.59921875 0.409375 0.02421875 0.04921875
0 0.6234375 0.37421875 0.01875 0.03828125
0 0.5859375 0.3015625 0.01640625 0.03203125
0 0.57109375 0.41640625 0.03046875 0.0578125
0 0.58828125 0.38359375 0.0140625 0.03671875
0 0.575 0.3859375 0.0171875 0.03359375
0 0.53984375 0.37890625 0.0171875 0.03671875
0 0.55078125 0.37109375 0.01328125 0.028125
0 0.5046875 0.415625 0.02734375 0.06171875
0 0.5203125 0.38125 0.01953125 0.03515625
0 0.50390625 0.37890625 0.015625 0.0390625
0 0.48515625 0.38671875 0.0234375 0.04375
0 0.4765625 0.4109375 0.0234375 0.05234375
0 0.45703125 0.38359375 0.0203125 0.03359375
0 0.43984375 0.38359375 0.01953125 0.05078125
0 0.41484375 0.371875 0.01953125 0.03203125
0 0.41328125 0.41328125 0.021875 0.0453125
0 0.3875 0.42421875 0.025 0.0671875
0 0.38515625 0.375 0.01875 0.03671875
0 0.3703125 0.4046875 0.02734375 0.04765625
0 0.365625 0.453125 0.034375 0.0546875
0 0.33125 0.425 0.03125 0.065625
0 0.35078125 0.38515625 0.01953125 0.04609375
0 0.29296875 0.39453125 0.0265625 0.04765625
0 0.28125 0.46640625 0.03671875 0.059375
0 0.26328125 0.40625 0.03125 0.053125
0 0.21875 0.415625 0.03046875 0.05078125
0 0.1984375 0.59921875 0.0984375 0.15
0 0.04453125 0.4265625 0.0375 0.07421875
0 0.01328125 0.43515625 0.02578125 0.084375