0 0.04453125 0.57578125 0.04921875 0.065625
0 0.10078125 0.61796875 0.04765625 0.06796875
0 0.21953125 0.5515625 0.03203125 0.053125
0 0.2515625 0.559375 0.04140625 0.05703125
0 0.31953125 0.54921875 0.02578125 0.040625
0 0.30546875 0.53203125 0.02578125 0.03515625
0 0.34921875 0.52265625 0.02734375 0.040625
0 0.37734375 0.5359375 0.02890625 0.04296875
0 0.41953125 0.5234375 0.02890625 0.0390625
0 0.54375 0.46484375 0.02578125 0.03671875
0 0.584375 0.6109375 0.06171875 0.08984375
0 0.64765625 0.79921875 0.1109375 0.16015625
0 0.75234375 0.60546875 0.05546875 0.09609375
0 0.715625 0.56171875 0.03359375 0.05703125
0 0.75234375 0.5265625 0.03046875 0.040625
0 0.66328125 0.51875 0.03046875 0.053125
0 0.634375 0.55 0.03828125 0.0515625