0 0.0640625 0.55703125 0.05625 0.0921875
0 0.0203125 0.55 0.0375 0.07421875
0 0.13203125 0.60234375 0.06953125 0.0953125
0 0.25859375 0.778125 0.1328125 0.1671875
0 0.22109375 0.52109375 0.040625 0.06015625
0 0.278125 0.53125 0.0421875 0.05546875
0 0.28828125 0.50859375 0.03203125 0.046875
0 0.31796875 0.403125 0.028125 0.0359375
0 0.359375 0.53125 0.0421875 0.0578125
0 0.43984375 0.496875 0.03515625 0.0546875
0 0.475 0.584375 0.0546875 0.0921875
0 0.503125 0.5140625 0.03125 0.04375
0 0.54296875 0.5234375 0.03125 0.04296875
0 0.5953125 0.515625 0.0359375 0.0421875
0 0.60859375 0.57578125 0.06015625 0.08203125
0 0.70078125 0.675 0.10625 0.15
0 0.665625 0.54921875 0.04765625 0.05390625
0 0.6359375 0.5 0.0296875 0.0375
0 0.69453125 0.48984375 0.02890625 0.040625
0 0.74609375 0.521875 0.0390625 0.05078125
0 0.7875 0.51015625 0.0296875 0.05859375
0 0.821875 0.521875 0.03359375 0.05390625
0 0.86796875 0.53203125 0.05 0.07734375
0 0.86171875 0.6546875 0.08828125 0.11796875
0 0.93359375 0.5640625 0.053125 0.078125
0 0.94375 0.521875 0.0390625 0.05390625