0 0.7276909722222222 0.24253472222222222 0.05065972222222222 0.06898148148148149
0 0.3857349537037037 0.3783275462962963 0.03194444444444446 0.048958333333333395
0 0.34001157407407406 0.3993055555555555 0.02999999999999998 0.04415509259259256
0 0.3158391203703704 0.3872974537037037 0.0320717592592592 0.05052083333333339
0 0.2798379629629629 0.3854166666666667 0.03650462962962964 0.04774305555555554
0 0.24691550925925929 0.3939814814814815 0.037685185185185155 0.04317129629629637
0 0.19224537037037037 0.39936342592592594 0.043900462962962995 0.062268518518518515
0 0.1580787037037037 0.40390625 0.04457175925925929 0.051446759259259345
0 0.10756944444444445 0.4064525462962963 0.037395833333333336 0.058680555555555534
0 0.04318865740740741 0.405613425925926 0.05015046296296296 0.06273148148148149
0 0.00705439814814815 0.43952546296296297 0.0141087962962963 0.05457175925925917
0 0.015005787037037038 0.504832175925926 0.030011574074074076 0.0971643518518519
0 0.02087962962962963 0.5969328703703705 0.04175925925925926 0.10949074074074083
0 0.14965856481481482 0.6037037037037036 0.10702546296296296 0.15081018518518513
0 0.10321180555555556 0.5853298611111111 0.09050925925925926 0.13871527777777787
0 0.2296064814814815 0.644994212962963 0.11461805555555556 0.1296296296296296
0 0.3256712962962963 0.6717592592592593 0.1273032407407407 0.17094907407407406
0 0.3920370370370371 0.8315104166666668 0.15210648148148148 0.20850694444444437
0 0.5733449074074074 0.6995370370370371 0.09857638888888882 0.1424189814814815
0 0.6474131944444445 0.6586516203703704 0.09312500000000004 0.13269675925925917
0 0.7455497685185184 0.6792824074074074 0.09028935185185176 0.11695601851851851
0 0.7595081018518519 0.623726851851852 0.07575231481481488 0.09103009259259273
0 0.79453125 0.589380787037037 0.07042824074074083 0.08287037037037023
0 0.8128761574074075 0.547511574074074 0.05859953703703695 0.07112268518518512
0 0.8426099537037036 0.5394965277777779 0.05260416666666643 0.07378472222222214
0 0.8896412037037038 0.5217592592592594 0.05987268518518505 0.08674768518518512
0 0.9175231481481483 0.49788773148148147 0.05416666666666643 0.07390046296296297