0 0.05425347222222223 0.8092650462962963 0.10850694444444446 0.16906250000000006
0 0.08845486111111112 0.7438136574074073 0.10798611111111112 0.11999999999999993
0 0.07751736111111113 0.5558506944444443 0.12274305555555556 0.13896990740740733
0 0.018663194444444454 0.8918865740740742 0.03732638888888891 0.18159722222222213
0 0.3390625 0.6495138888888888 0.15295138888888893 0.16648148148148145
0 0.2984375 0.6493576388888889 0.10295138888888893 0.11767361111111115
0 0.29175347222222225 0.6015046296296296 0.06892361111111107 0.07297453703703702
0 0.2845486111111111 0.5898784722222222 0.10190972222222223 0.11298611111111115
0 0.4462673611111111 0.6516203703703705 0.2015625 0.22259259259259245
0 0.5072916666666667 0.4888252314814815 0.09288194444444446 0.11302083333333339
0 0.5411458333333334 0.47879050925925937 0.10833333333333321 0.12156249999999993
0 0.5778645833333333 0.4863599537037038 0.10746527777777785 0.12443287037037046
0 0.627170138888889 0.4881134259259259 0.1303819444444443 0.14623842592592595
0 0.642361111111111 0.4095891203703704 0.08888888888888893 0.10182870370370374
0 0.6927083333333334 0.45409143518518513 0.1588541666666668 0.17949074074074076
0 0.7627604166666667 0.4607465277777778 0.1833333333333334 0.2151041666666666
0 0.81640625 0.44296875 0.15052083333333321 0.23686342592592596
0 0.8690104166666668 0.3417824074074074 0.06336805555555572 0.11574074074074074
0 0.8421875 0.3167881944444445 0.1288194444444443 0.1459837962962963
0 0.7667534722222223 0.35468171296296297 0.10954861111111107 0.12025462962962959
0 0.6981770833333334 0.2702314814814815 0.09427083333333322 0.10571759259259253