0 0.038310185185185176 0.27058449074074076 0.06666666666666668 0.08364583333333328
0 0.09123263888888888 0.2746238425925926 0.062152777777777765 0.07353009259259258
0 0.1359664351851852 0.2677893518518519 0.06510416666666666 0.08327546296296298
0 0.17526041666666664 0.2773206018518518 0.06105324074074074 0.07628472222222218
0 0.2130497685185185 0.2766550925925926 0.06307870370370372 0.07978009259259267
0 0.24710648148148148 0.2859201388888889 0.055208333333333394 0.06736111111111107
0 0.25144675925925924 0.32785879629629633 0.054340277777777765 0.07167824074074076
0 0.27838541666666666 0.31393518518518515 0.06105324074074074 0.07628472222222218
0 0.30665509259259255 0.32155671296296295 0.06174768518518512 0.08097222222222218
0 0.3389756944444444 0.30183449074074076 0.059259259259259255 0.07435185185185186
0 0.36168981481481477 0.3266030092592593 0.059953703703703634 0.07903935185185187
0 0.37971643518518516 0.3321296296296296 0.05949074074074075 0.07591435185185187
0 0.4038773148148148 0.3573090277777778 0.06105324074074083 0.07628472222222227
0 0.44464699074074077 0.3009085648148148 0.07563657407407405 0.09331018518518519
0 0.445775462962963 0.3390856481481482 0.05254629629629619 0.06974537037037046
0 0.483275462962963 0.30984375000000003 0.07048611111111107 0.08907407407407408
0 0.4567418981481481 0.3719155092592593 0.05567129629629619 0.07048611111111107
0 0.5010706018518519 0.35763888888888895 0.05590277777777786 0.07204861111111108
0 0.5278645833333334 0.3294270833333333 0.059259259259259164 0.07435185185185186
0 0.5304108796296296 0.37329861111111107 0.05949074074074083 0.07591435185185187
0 0.5611111111111111 0.3645138888888889 0.06869212962962976 0.08714120370370378
0 0.5969039351851851 0.3620601851851852 0.06782407407407405 0.09145833333333328
0 0.6165798611111111 0.3513657407407408 0.06869212962962976 0.08714120370370378
0 0.6547743055555555 0.3581423611111111 0.06261574074074083 0.07665509259259266
0 0.675954861111111 0.3779976851851852 0.06018518518518512 0.08060185185185187
0 0.7086226851851851 0.3762847222222222 0.06377314814814809 0.08446759259259258
0 0.7483506944444445 0.38797453703703705 0.06892361111111107 0.08870370370370359
0 0.8069155092592594 0.379369212962963 0.07048611111111107 0.08907407407407408
0 0.8392939814814815 0.41013888888888894 0.07563657407407405 0.09331018518518519