0 0.7893518518518519 0.5577256944444444 0.06452546296296298 0.10047453703703688
0 0.8670428240740741 0.694375 0.039120370370370236 0.06991898148148153
0 0.545138888888889 0.5438078703703704 0.05231481481481488 0.08142361111111107
0 0.4491608796296296 0.5258738425925926 0.05567129629629619 0.08508101851851854
0 0.35517939814814814 0.5343865740740741 0.048379629629629675 0.0699537037037036
0 0.2557291666666667 0.5206076388888888 0.04473379629629628 0.08321759259259273
0 0.014684606481481479 0.47515625000000006 0.029369212962962958 0.06915509259259274
0 0.09085648148148148 0.6531134259259259 0.06979166666666667 0.1090856481481481
0 0.0279224537037037 0.5949247685185185 0.03304398148148148 0.05037037037037031
0 0.012427662037037036 0.6094502314814815 0.02485532407407407 0.04019675925925927
0 0.005526620370370367 0.6379224537037037 0.011053240740740733 0.044884259259259277
0 0.16484375 0.6261631944444443 0.03761574074074074 0.04960648148148152
0 0.2767361111111111 0.6001331018518519 0.03964120370370372 0.05612268518518526
0 0.374363425925926 0.6064814814814815 0.04033564814814809 0.06549768518518526
0 0.45083912037037044 0.610017361111111 0.04369212962962976 0.06915509259259256
0 0.5399305555555556 0.6354803240740742 0.04068287037037042 0.07018518518518527
0 0.4302662037037036 0.6634722222222222 0.03964120370370381 0.05612268518518526
0 0.3629340277777778 0.6646585648148149 0.03553240740740744 0.06313657407407405
0 0.32549189814814816 0.6574884259259259 0.028240740740740743 0.04800925925925927
0 0.21675347222222224 0.6302604166666667 0.032175925925925955 0.05947916666666657
0 0.19994212962962962 0.6329340277777777 0.02714120370370372 0.05399305555555554
0 0.5385416666666666 0.6969502314814815 0.03964120370370381 0.05612268518518526
0 0.6341724537037037 0.6341319444444444 0.04884259259259256 0.07620370370370359
0 0.7251157407407407 0.6345949074074074 0.05266203703703702 0.08611111111111107
0 0.9293981481481481 0.7390162037037037 0.05254629629629619 0.08454861111111107
0 0.7885127314814815 0.7292534722222223 0.04178240740740726 0.06420138888888882
0 0.661082175925926 0.6980497685185185 0.03831018518518512 0.058981481481481524
0 0.6049479166666666 0.7082638888888889 0.034953703703703806 0.055324074074074046
0 0.8366319444444443 0.7952025462962963 0.041782407407407615 0.064201388888889
0 0.731712962962963 0.7591319444444444 0.04936342592592595 0.062407407407407335
0 0.64296875 0.7503414351851851 0.03831018518518512 0.058981481481481524
0 0.5976273148148149 0.7536921296296296 0.03761574074074083 0.04960648148148152
0 0.5467303240740741 0.767962962962963 0.03206018518518512 0.05791666666666675
0 0.5057002314814815 0.7451504629629631 0.03373842592592595 0.05974537037037031
0 0.4419849537037037 0.7509085648148147 0.022743055555555537 0.036273148148148235
0 0.37893518518518515 0.7156423611111111 0.029571759259259256 0.04515046296296301
0 0.33909143518518514 0.7088541666666666 0.025 0.04591435185185198
0 0.29140625 0.6904456018518519 0.02754629629629628 0.03863425925925927
0 0.2908854166666667 0.7188368055555555 0.022743055555555537 0.036273148148148235
0 0.33663194444444444 0.7313773148148148 0.027662037037037023 0.04019675925925927
0 0.2202835648148148 0.6894039351851852 0.03182870370370363 0.05479166666666657
0 0.20428240740740738 0.7025 0.021527777777777767 0.0406944444444445
0 0.15089699074074076 0.6862847222222223 0.026215277777777768 0.04149305555555553
0 0.11548032407407408 0.6944907407407408 0.022627314814814836 0.03471064814814824
0 0.12659143518518517 0.7153703703703703 0.024189814814814792 0.034976851851851974
0 0.1638888888888889 0.7351736111111111 0.024652777777777767 0.0412268518518518
0 0.14482060185185186 0.7469560185185186 0.022743055555555537 0.036273148148148235
0 0.1937210648148148 0.7489583333333334 0.022743055555555537 0.036273148148148235
0 0.1958622685185185 0.7841319444444445 0.022395833333333302 0.03158564814814824
0 0.21597222222222223 0.758287037037037 0.017708333333333392 0.030787037037037022
0 0.22491319444444446 0.7337037037037037 0.021180555555555536 0.0360069444444445
0 0.2655381944444445 0.740625 0.024537037037037024 0.0396643518518518
0 0.2671296296296296 0.7725405092592592 0.022395833333333302 0.03158564814814806
0 0.22618634259259257 0.7805960648148148 0.02384259259259256 0.030289351851851797
0 0.26773726851851853 0.7963773148148148 0.019618055555555534 0.03574074074074076
0 0.2581597222222222 0.8081944444444444 0.02071759259259256 0.0297569444444445
0 0.3049189814814815 0.7750231481481482 0.02106481481481488 0.0344444444444445
0 0.30092592592592593 0.8075694444444445 0.021064814814814793 0.0344444444444445
0 0.32271412037037034 0.8017881944444445 0.015798611111111072 0.025833333333333285
0 0.3509259259259259 0.7947280092592592 0.02262731481481479 0.03471064814814824
0 0.35078125 0.7646412037037036 0.023321759259259257 0.044085648148148235
0 0.3276331018518518 0.8208217592592593 0.013888888888888928 0.020879629629629904
0 0.320949074074074 0.8362962962962962 0.01915509259259256 0.029490740740740762
0 0.3296296296296296 0.8472685185185185 0.01892361111111107 0.026365740740740762
0 0.3502314814814815 0.825462962962963 0.018807870370370416 0.02480324074074076
0 0.3599537037037037 0.8437326388888889 0.017245370370370418 0.024537037037037024
0 0.3627604166666667 0.8592418981481481 0.013888888888888928 0.020879629629629547
0 0.39965277777777775 0.8845138888888888 0.017245370370370418 0.024537037037037024
0 0.3949074074074074 0.8631365740740741 0.017708333333333305 0.030787037037037022
0 0.39375 0.8360416666666666 0.01915509259259256 0.029490740740740762
0 0.39618055555555554 0.781869212962963 0.02418981481481488 0.034976851851851974
0 0.406712962962963 0.7464814814814815 0.02980324074074079 0.04827546296296283
0 0.43952546296296297 0.7947916666666666 0.024537037037037024 0.03966435185185198
0 0.42453703703703705 0.8048958333333334 0.019502314814814882 0.03417824074074076
0 0.4484085648148148 0.8137094907407407 0.02083333333333339 0.0313194444444445
0 0.44415509259259256 0.8390914351851851 0.020833333333333214 0.03131944444444414
0 0.4335069444444445 0.854681712962963 0.01892361111111107 0.026365740740740762
0 0.4262731481481481 0.8668981481481481 0.02071759259259274 0.0297569444444445
0 0.4544560185185185 0.8922685185185184 0.02262731481481488 0.03471064814814824
0 0.47112268518518513 0.8808680555555556 0.020833333333333214 0.0313194444444445
0 0.4911168981481481 0.8993055555555556 0.017592592592592736 0.029224537037037025
0 0.5136574074074074 0.9260879629629629 0.017592592592592736 0.029224537037037025
0 0.4979166666666666 0.7968287037037036 0.03171296296296298 0.05322916666666657
0 0.4992766203703704 0.8318692129629628 0.029224537037037025 0.040462962962963187
0 0.5435185185185185 0.8433622685185185 0.024305555555555535 0.03653935185185162
0 0.539236111111111 0.858454861111111 0.02262731481481488 0.03471064814814824
0 0.5331886574074074 0.8653356481481481 0.023958333333333214 0.03185185185185162
0 0.5300636574074075 0.8861631944444444 0.01892361111111107 0.026365740740740762
0 0.556857638888889 0.8875636574074074 0.019618055555555715 0.03574074074074076
0 0.5633391203703704 0.9068634259259258 0.02418981481481488 0.03497685185185162
0 0.5718460648148148 0.9415393518518519 0.015798611111111072 0.025833333333333285
0 0.5922453703703703 0.8477083333333333 0.027893518518518512 0.043321759259259095
0 0.5797164351851851 0.8780092592592592 0.028009259259259168 0.044884259259259096
0 0.6184895833333333 0.8885706018518519 0.021180555555555536 0.03600694444444415
0 0.6274305555555555 0.906707175925926 0.018576388888888927 0.021678240740740762
0 0.614988425925926 0.92515625 0.016030092592592738 0.028958333333333287
0 0.6024594907407408 0.9127372685185184 0.017708333333333392 0.030787037037037022
0 0.5987847222222221 0.930306712962963 0.019502314814814882 0.03417824074074076
0 0.6230902777777778 0.7944212962962963 0.03987268518518512 0.059247685185185264
0 0.6203703703703705 0.8311400462962963 0.029571759259259166 0.04515046296296284
0 0.6504918981481481 0.8623784722222222 0.02980324074074083 0.04827546296296283
0 0.6719618055555555 0.9142939814814814 0.02262731481481488 0.03471064814814824
0 0.6614583333333333 0.9172511574074074 0.021412037037037025 0.0391319444444445
0 0.6409143518518519 0.938275462962963 0.01603009259259256 0.028958333333333287
0 0.6697337962962963 0.9550520833333334 0.021180555555555536 0.0360069444444445
0 0.6875868055555555 0.8955960648148149 0.027893518518518512 0.043321759259259095
0 0.7097800925925926 0.8843460648148149 0.026215277777777858 0.04149305555555571
0 0.7049189814814815 0.8218113425925926 0.03287037037037042 0.06885416666666658
0 0.700491898148148 0.849537037037037 0.024537037037037024 0.03966435185185198
0 0.794212962962963 0.8338599537037037 0.034953703703703806 0.055324074074074046
0 0.8124131944444445 0.8765162037037036 0.02714120370370381 0.05399305555555571
0 0.8734375 0.8536863425925926 0.034953703703703806 0.055324074074074046
0 0.9394965277777778 0.8269675925925926 0.028414351851851906 0.07118055555555572
0 0.9399305555555555 0.8745081018518519 0.01967592592592595 0.057349537037037025
0 0.9041666666666666 0.9087615740740741 0.03831018518518512 0.058981481481481524
0 0.9160300925925926 0.9408449074074074 0.034490740740740836 0.04907407407407405
0 0.9357349537037039 0.9631886574074073 0.014641203703703809 0.05186342592592581
0 0.8941840277777778 0.9687673611111112 0.03414351851851834 0.04438657407407405
0 0.8538773148148149 0.946869212962963 0.025 0.04591435185185162
0 0.8434317129629629 0.9063252314814815 0.031481481481481666 0.050104166666666575
0 0.7658564814814814 0.8962731481481481 0.026446759259259166 0.044618055555555716
0 0.7315104166666666 0.9007060185185185 0.027662037037037023 0.0401967592592591
0 0.7055266203703704 0.931087962962963 0.020833333333333214 0.0313194444444445
0 0.6911458333333333 0.9436689814814816 0.02517361111111107 0.027430555555555715
0 0.729542824074074 0.9272685185185185 0.02517361111111107 0.027430555555555715
0 0.7276331018518519 0.9530497685185185 0.020833333333333214 0.0313194444444445
0 0.7445601851851851 0.9488136574074074 0.01892361111111107 0.026365740740740762
0 0.7440972222222222 0.9764236111111112 0.02071759259259256 0.0297569444444445
0 0.7622974537037037 0.9995572916666667 0.026099537037037025 0.000885416666666572
0 0.7675347222222222 0.9376967592592592 0.025868055555555537 0.036805555555555716
0 0.7914641203703704 0.9243692129629629 0.02910879629629619 0.03890046296296319
0 0.8024594907407406 0.9681712962962962 0.0234375 0.045648148148148236
0 0.7803530092592592 0.9675694444444446 0.022743055555555537 0.036273148148148235
0 0.8266493055555557 0.9620081018518519 0.027893518518518335 0.043321759259259095
0 0.8294849537037037 0.9946672453703703 0.024537037037037024 0.010665509259259309
0 0.8585358796296296 0.9800665509259259 0.026099537037037025 0.039866898148148165
0 0.907494212962963 0.9813194444444445 0.02262731481481488 0.03471064814814824