0 0.9642650462962962 0.21192129629629633 0.07146990740740762 0.09997685185185183
0 0.942789351851852 0.20465856481481484 0.06715277777777758 0.0846759259259259
0 0.8697627314814815 0.24357060185185184 0.06855324074074076 0.08336805555555556
0 0.8603993055555555 0.29117476851851853 0.090486111111111 0.10230324074074079
0 0.8188773148148147 0.2661631944444444 0.04990740740740742 0.06650462962962962
0 0.7850752314814814 0.3002719907407408 0.061979166666666786 0.07922453703703702
0 0.7640277777777778 0.2735127314814815 0.038425925925925954 0.04466435185185187
0 0.7424652777777778 0.3413773148148148 0.07701388888888872 0.09089120370370374
0 0.7034722222222223 0.30244791666666665 0.05222222222222221 0.05920138888888893
0 0.699681712962963 0.33484375 0.05427083333333336 0.06414351851851859
0 0.6680034722222222 0.3511284722222222 0.05599537037037035 0.06596064814814814
0 0.6421122685185185 0.3466087962962963 0.038425925925925954 0.04466435185185187
0 0.59828125 0.35295717592592596 0.03546296296296312 0.04571759259259256
0 0.5988831018518519 0.3894039351851852 0.04236111111111107 0.05298611111111118
0 0.43640625 0.5080381944444444 0.08439814814814817 0.10284722222222217
0 0.37843171296296296 0.5158969907407407 0.05550925925925929 0.061273148148148236
0 0.36604745370370373 0.549693287037037 0.07356481481481483 0.08725694444444443
0 0.3462326388888889 0.6037673611111112 0.09350694444444443 0.11662037037037046
0 0.31117476851851855 0.5721412037037037 0.047372685185185226 0.05687500000000014
0 0.2769907407407407 0.5872453703703704 0.07027777777777774 0.08518518518518511
0 0.25916666666666666 0.6298726851851851 0.07200231481481482 0.08700231481481495
0 0.2181886574074074 0.6254282407407408 0.06962962962962962 0.07893518518518512