0 0.09416666666666666 0.9298900462962962 0.18833333333333332 0.1402199074074076
0 0.04916956018518518 0.8436342592592592 0.09833912037037036 0.14259259259259247
0 0.050416666666666665 0.7519097222222222 0.05817129629629629 0.07123842592592596
0 0.1406597222222222 0.796238425925926 0.0865162037037037 0.10758101851851834
0 0.17964699074074073 0.7552083333333333 0.04559027777777778 0.06875
0 0.13398726851851853 0.728298611111111 0.02866898148148147 0.04259259259259274
0 0.29020833333333335 0.7555555555555555 0.06334490740740736 0.0809606481481481
0 0.35315972222222225 0.9092881944444444 0.13792824074074073 0.18142361111111108
0 0.3882407407407408 0.7706597222222222 0.0758217592592593 0.1114583333333334
0 0.47624999999999995 0.7975694444444444 0.059976851851851976 0.07604166666666679
0 0.5388715277777777 0.799855324074074 0.09101851851851847 0.134375
0 0.45155092592592594 0.7596643518518519 0.03672453703703695 0.04785879629629619
0 0.41277199074074067 0.6454282407407408 0.025138888888889 0.03454861111111107
0 0.5767824074074074 0.7493344907407409 0.040740740740740834 0.06527777777777785
0 0.6316319444444444 0.7502604166666667 0.04214120370370367 0.062268518518518515
0 0.6113078703703703 0.7338541666666667 0.028750000000000143 0.04415509259259256
0 0.6886631944444443 0.7544849537037037 0.03737268518518526 0.06035879629629637
0 0.7513194444444444 0.8014756944444444 0.09250000000000007 0.13292824074074083
0 0.8108506944444445 0.742361111111111 0.03532407407407412 0.050868055555555715
0 0.8390046296296296 0.728761574074074 0.0372106481481481 0.05723379629629619
0 0.9024189814814815 0.7460069444444445 0.03648148148148138 0.043171296296296194
0 0.9151909722222221 0.7265625 0.03179398148148138 0.04282407407407405
0 0.9517592592592592 0.7473090277777777 0.02907407407407412 0.05040509259259256