0 0.1625 0.17890625 0.125 0.2171875
0 0.190625 0.075 0.06796875 0.1
0 0.25 0.07109375 0.05 0.07734375
0 0.34921875 0.0421875 0.03828125 0.0546875
0 0.38515625 0.0953125 0.05703125 0.1
0 0.4375 0.0609375 0.0515625 0.0828125
0 0.4125 0.0234375 0.03203125 0.0421875
0 0.48984375 0.03984375 0.0296875 0.06484375
0 0.5359375 0.20234375 0.13515625 0.2796875
0 0.58984375 0.0359375 0.04296875 0.0671875
0 0.5359375 0.07734375 0.06171875 0.08984375
0 0.640625 0.05390625 0.03828125 0.0921875
0 0.88046875 0.3765625 0.23515625 0.49765625