0 0.09921875 0.55859375 0.071875 0.10703125
0 0.15390625 0.55390625 0.05703125 0.0984375
0 0.13671875 0.49609375 0.04375 0.0671875
0 0.1546875 0.45546875 0.0296875 0.05
0 0.090625 0.48671875 0.04453125 0.05390625
0 0.06171875 0.46015625 0.0359375 0.0625
0 0.06796875 0.43203125 0.0296875 0.04140625
0 0.1953125 0.46875 0.0375 0.06953125
0 0.22265625 0.4671875 0.02734375 0.05390625
0 0.20859375 0.428125 0.0296875 0.04609375
0 0.278125 0.50859375 0.04921875 0.09453125
0 0.303125 0.5015625 0.0375 0.07578125
0 0.26875 0.4328125 0.0265625 0.05
0 0.3390625 0.4734375 0.0328125 0.0546875
0 0.33984375 0.43046875 0.02890625 0.03984375
0 0.4046875 0.46484375 0.0953125 0.1796875
0 0.40078125 0.7953125 0.11640625 0.2171875
0 0.55703125 0.315625 0.09453125 0.17734375
0 0.68515625 0.43046875 0.02734375 0.05078125
0 0.48203125 0.50546875 0.0390625 0.07578125
0 0.51796875 0.5125 0.028125 0.06953125
0 0.5078125 0.46328125 0.03671875 0.05859375
0 0.53203125 0.428125 0.021875 0.0484375
0 0.47578125 0.4265625 0.02421875 0.05234375