0 0.14063078703703705 0.7405381944444445 0.25605324074074076 0.2698263888888889
0 0.03289351851851853 0.6061805555555555 0.06578703703703706 0.12875000000000014
0 0.011637731481481483 0.5661631944444444 0.023275462962962967 0.0921180555555555
0 0.0035821759259259344 0.5143576388888889 0.007164351851851869 0.048402777777777926
0 0.010998263888888892 0.5334027777777778 0.021996527777777785 0.040173611111111104
0 0.020086805555555566 0.5380034722222222 0.038414351851851845 0.04194444444444443
0 0.035769675925925934 0.5347569444444444 0.04410879629629629 0.046840277777777925
0 0.053171296296296314 0.5528819444444444 0.0665509259259259 0.06486111111111122
0 0.038796296296296315 0.5096527777777778 0.04790509259259259 0.050104166666666575
0 0.02406828703703705 0.5011111111111111 0.038414351851851866 0.04194444444444443
0 0.08120949074074076 0.5068055555555555 0.04656250000000002 0.04385416666666675
0 0.11054398148148148 0.5428124999999999 0.07671296296296298 0.07614583333333336
0 0.14771990740740742 0.5239583333333334 0.06565972222222224 0.06791666666666671
0 0.24242476851851852 0.5163368055555555 0.0856481481481481 0.088923611111111
0 0.47577546296296297 0.5645659722222222 0.15890046296296295 0.16336805555555572
0 0.34914930555555557 0.46744791666666663 0.06018518518518512 0.05684027777777771
0 0.29941550925925925 0.38321180555555556 0.030150462962962976 0.0322916666666667
0 0.20840856481481485 0.4690798611111111 0.04064814814814814 0.04513888888888893
0 0.1809548611111111 0.4647048611111111 0.03774305555555557 0.03881944444444443
0 0.23692708333333332 0.4648263888888889 0.03171296296296298 0.032361111111111104
0 0.27872685185185186 0.4611631944444444 0.04946759259259261 0.05017361111111107
0 0.3311921296296297 0.44456597222222227 0.033946759259259274 0.03555555555555543
0 0.32510416666666664 0.45454861111111117 0.03293981481481474 0.03086805555555543
0 0.30027199074074074 0.4526562500000001 0.03651620370370372 0.04031249999999993
0 0.375775462962963 0.4536458333333334 0.055497685185185205 0.05663194444444457
0 0.3825405092592593 0.4294965277777778 0.03774305555555557 0.03881944444444443
0 0.4057002314814815 0.42815972222222226 0.04444444444444447 0.04840277777777775
0 0.4324826388888889 0.43565972222222216 0.06342592592592596 0.06472222222222221
0 0.42440393518518515 0.41085069444444444 0.040532407407407336 0.03739583333333325
0 0.4621585648148148 0.45906250000000004 0.07168981481481485 0.07437500000000004
0 0.4612268518518519 0.4266840277777778 0.04120370370370381 0.04052083333333343
0 0.4885185185185185 0.42079861111111116 0.059965277777777715 0.06302083333333326
0 0.5259143518518519 0.40826388888888887 0.04444444444444447 0.04840277777777775
0 0.5044560185185185 0.46409722222222227 0.056053240740740765 0.052013888888888894
0 0.5716145833333334 0.4158159722222222 0.06275462962962948 0.06159722222222221
0 0.5478530092592593 0.3942534722222223 0.038414351851851866 0.04194444444444443
0 0.5062210648148149 0.39713541666666663 0.048240740740740765 0.05166666666666666
0 0.5966319444444445 0.3838020833333333 0.04209490740740733 0.03746527777777775
0 0.6011284722222222 0.4289583333333334 0.07280092592592595 0.06513888888888886
0 0.6266550925925926 0.3835590277777778 0.048240740740740765 0.05166666666666666
0 0.6735763888888888 0.4037847222222222 0.07224537037037031 0.06975694444444454
0 0.6616435185185185 0.38590277777777776 0.045671296296296404 0.04690972222222225
0 0.7252719907407407 0.36506944444444445 0.04946759259259252 0.05017361111111107
0 0.7522453703703704 0.43409722222222225 0.0751504629629629 0.07607638888888886
0 0.8029282407407408 0.41111111111111115 0.09915509259259245 0.09416666666666665
0 0.7830266203703704 0.37157986111111113 0.07380787037037032 0.06982638888888885
0 0.7475983796296297 0.35659722222222223 0.04600694444444446 0.04847222222222225
0 0.8660821759259261 0.4438888888888889 0.1221643518518519 0.1292361111111111
0 0.8782928240740742 0.35767361111111107 0.05136574074074076 0.05180555555555557