0 0.025873842592592594 0.40440972222222216 0.05174768518518519 0.2056944444444444
0 0.09126736111111111 0.3898321759259259 0.1239236111111111 0.15532407407407406
0 0.08206597222222221 0.3388831018518519 0.09722222222222221 0.11300925925925931
0 0.19388310185185187 0.3743287037037037 0.07241898148148147 0.09063657407407408
0 0.22580439814814818 0.4493576388888889 0.10144675925925925 0.1290046296296296
0 0.2722048611111111 0.4107754629629629 0.07028935185185184 0.07813657407407408
0 0.29826388888888894 0.4486516203703704 0.07763888888888885 0.09487268518518518
0 0.37392939814814813 0.46252314814814816 0.06327546296296296 0.08097222222222236
0 0.4366608796296296 0.3757928240740741 0.0752777777777777 0.08981481481481488
0 0.6045891203703704 0.57328125 0.06354166666666661 0.08253472222222236
0 0.5751331018518518 0.6841550925925926 0.15215277777777772 0.18900462962962977
0 0.558125 0.8177083333333333 0.4726157407407408 0.3645833333333335
0 0.625011574074074 0.6203877314814814 0.08053240740740737 0.1030555555555555
0 0.6884780092592593 0.6199884259259258 0.05988425925925931 0.07866898148148138
0 0.7020023148148148 0.6646469907407407 0.07920138888888886 0.0952430555555555
0 0.782511574074074 0.5260474537037038 0.07817129629629634 0.09799768518518519
0 0.7561689814814815 0.7140625 0.0941319444444444 0.12127314814814802
0 0.8432118055555555 0.7899652777777778 0.10666666666666665 0.1332407407407409
0 0.9170023148148149 0.5619907407407407 0.06962962962962962 0.10946759259259267