0 0.5906655092592592 0.35534722222222226 0.11684027777777786 0.13895833333333335
0 0.523894675925926 0.44453125 0.08488425925925931 0.09729166666666664
0 0.5087731481481482 0.4990104166666667 0.0671180555555555 0.07822916666666657
0 0.4981365740740741 0.5376736111111111 0.0651851851851852 0.07628472222222235
0 0.4856076388888889 0.5812152777777777 0.04972222222222218 0.0607291666666665
0 0.4601678240740741 0.6264409722222222 0.03709490740740744 0.03850694444444436
0 0.46353587962962967 0.64328125 0.03709490740740744 0.03850694444444436
0 0.8387615740740741 0.25569444444444445 0.13506944444444438 0.20965277777777783
0 0.7506076388888889 0.35746527777777776 0.11766203703703688 0.1362152777777778
0 0.6692013888888889 0.4369791666666667 0.09097222222222215 0.1105555555555556
0 0.6364409722222223 0.4913541666666667 0.0799074074074074 0.08871527777777785
0 0.5733159722222222 0.5465277777777777 0.0659259259259258 0.07940972222222217
0 0.5394097222222223 0.5746875 0.05753472222222218 0.06263888888888883
0 0.5777662037037038 0.5991666666666667 0.05017361111111107 0.05642361111111107
0 0.6140567129629629 0.5733680555555555 0.06436342592592599 0.07902777777777778
0 0.6657465277777778 0.5415972222222223 0.0732870370370371 0.08562499999999992
0 0.7078761574074074 0.5128993055555555 0.078263888888889 0.09420138888888889
0 0.777644675925926 0.4421180555555556 0.09245370370370373 0.1168055555555556
0 0.5576736111111111 0.6342534722222222 0.04207175925925917 0.047083333333333324
0 0.5253414351851852 0.60609375 0.03820601851851855 0.043194444444444355
0 0.0984375 0.2740104166666667 0.16709490740740743 0.1895138888888889
0 0.023237847222222226 0.29918402777777775 0.04647569444444445 0.13975694444444448
0 0.0230931712962963 0.38862847222222224 0.0461863425925926 0.1050694444444444
0 0.017187500000000005 0.428125 0.03437500000000001 0.0781944444444445
0 0.09598958333333335 0.38059027777777776 0.11766203703703704 0.1362152777777778
0 0.1990104166666667 0.36203124999999997 0.12041666666666666 0.1354166666666666
0 0.2639178240740741 0.43595486111111115 0.09409722222222223 0.11131944444444439
0 0.2751099537037037 0.49430555555555555 0.06444444444444439 0.07315972222222218
0 0.3088599537037037 0.5257986111111111 0.05552083333333328 0.06656250000000004
0 0.32061342592592595 0.5538368055555555 0.04741898148148147 0.057222222222222285
0 0.32439236111111114 0.572048611111111 0.04124999999999997 0.04982638888888893
0 0.32944444444444443 0.5973090277777778 0.03931712962962965 0.04788194444444436
0 0.3474305555555556 0.6083680555555555 0.03314814814814815 0.04048611111111118
0 0.3553645833333333 0.6152604166666666 0.03314814814814815 0.040486111111111
0 0.30139467592592595 0.6380208333333334 0.029733796296296335 0.03229166666666679
0 0.3047106481481482 0.6085069444444444 0.03195601851851855 0.04166666666666678
0 0.29453703703703704 0.5955381944444444 0.04124999999999997 0.04982638888888893
0 0.27955439814814814 0.5749131944444444 0.04355324074074076 0.05333333333333332
0 0.26424189814814814 0.5587847222222223 0.045937500000000055 0.05097222222222229
0 0.23943287037037037 0.5361458333333333 0.04943287037037036 0.053298611111111074
0 0.21522569444444445 0.4861284722222223 0.05901620370370368 0.068888888888889
0 0.16311921296296297 0.4451388888888889 0.0803587962962963 0.08440972222222207
0 0.09264467592592593 0.4505902777777778 0.07246527777777775 0.08836805555555553
0 0.07923032407407407 0.5009722222222223 0.0637037037037037 0.07003472222222236
0 0.11705439814814815 0.5152777777777777 0.06288194444444443 0.07277777777777779
0 0.1508564814814815 0.49376736111111114 0.06057870370370368 0.06927083333333339
0 0.17609375 0.5332291666666666 0.05091435185185182 0.05954861111111107
0 0.15119212962962963 0.5606597222222222 0.05091435185185187 0.05954861111111107
0 0.19822916666666668 0.5609375 0.054780092592592575 0.06343750000000004
0 0.2073726851851852 0.5844618055555555 0.04437499999999996 0.05059027777777771
0 0.23442708333333334 0.5852083333333333 0.04741898148148147 0.057222222222222285
0 0.23234375 0.6188368055555555 0.03709490740740744 0.03850694444444436
0 0.25502314814814814 0.60078125 0.03820601851851855 0.043194444444444355
0 0.13800347222222223 0.6131944444444445 0.03121527777777775 0.038541666666666786
0 0.11288194444444447 0.6105034722222222 0.04050925925925926 0.04670138888888893
0 0.0924652777777778 0.6221180555555555 0.03627314814814815 0.04124999999999997
0 0.0800289351851852 0.6155902777777778 0.030925925925925912 0.031111111111111
0 0.0790451388888889 0.6011111111111112 0.034050925925925915 0.031874999999999966
0 0.09814814814814816 0.5795138888888889 0.03314814814814815 0.040486111111111
0 0.06875 0.5793402777777777 0.03545138888888888 0.04399305555555557
0 0.0596238425925926 0.5712673611111111 0.04585648148148149 0.05684027777777771
0 0.02004629629629632 0.5860937500000001 0.034791666666666665 0.03500000000000014
0 0.023894675925925934 0.5667534722222223 0.045196759259259256 0.047847222222222284
0 0.021307870370370387 0.5497222222222222 0.04050925925925926 0.04670138888888893
0 0.006461226851851853 0.5638194444444444 0.012922453703703707 0.05059027777777771
0 0.005254629629629637 0.5123263888888889 0.010509259259259274 0.07006944444444443