0 0.046875 0.721875 0.09296875 0.1640625
0 0.03359375 0.5921875 0.0640625 0.07734375
0 0.03203125 0.55234375 0.04609375 0.06484375
0 0.09921875 0.6640625 0.07421875 0.13359375
0 0.146875 0.5546875 0.0515625 0.10234375
0 0.11953125 0.5296875 0.04765625 0.08515625
0 0.1828125 0.58828125 0.06171875 0.10625
0 0.22265625 0.6640625 0.084375 0.13125
0 0.28515625 0.5265625 0.05 0.07265625
0 0.33359375 0.5484375 0.0515625 0.09609375
0 0.3828125 0.6453125 0.06796875 0.1015625
0 0.4015625 0.59765625 0.0609375 0.08984375
0 0.39921875 0.51875 0.04296875 0.0703125
0 0.4359375 0.51796875 0.03671875 0.06875
0 0.37734375 0.77734375 0.1 0.1625
0 0.53046875 0.39453125 0.08984375 0.1515625
0 0.60234375 0.4890625 0.0421875 0.07265625
0 0.62265625 0.4875 0.0265625 0.06015625
0 0.65625 0.5296875 0.040625 0.08359375
0 0.6875 0.5 0.03828125 0.06015625
0 0.71171875 0.575 0.05390625 0.11484375
0 0.740625 0.5484375 0.06015625 0.09765625
0 0.79921875 0.484375 0.03984375 0.0609375
0 0.85078125 0.44140625 0.040625 0.0625
0 0.89296875 0.5546875 0.0609375 0.11015625
0 0.90078125 0.50859375 0.05 0.0671875
0 0.9125 0.4734375 0.03515625 0.0625
0 0.9515625 0.55234375 0.0578125 0.0921875
0 0.93046875 0.7546875 0.12734375 0.22734375
0 0.946875 0.6484375 0.09765625 0.1296875