0 0.03439236111111112 0.2359375 0.043333333333333335 0.0375
0 0.005607638888888889 0.34921875 0.011215277777777777 0.0390625
0 0.020234375 0.35859375 0.04046875 0.0421875
0 0.06378472222222223 0.3734375 0.05899305555555556 0.0578125
0 0.031024305555555555 0.378125 0.034791666666666665 0.0328125
0 0.14600694444444445 0.296875 0.03010416666666669 0.0328125
0 0.18368055555555554 0.30078125 0.02468750000000002 0.028125
0 0.23149305555555558 0.31484375 0.028298611111111073 0.03125
0 0.2538368055555556 0.321875 0.028298611111111073 0.03125
0 0.2972222222222222 0.32421875 0.030590277777777786 0.0359375
0 0.14385416666666667 0.5015625 0.10871527777777779 0.10625
0 0.12633680555555554 0.4484375 0.08899305555555558 0.1
0 0.11046874999999998 0.3796875 0.05069444444444445 0.0546875
0 0.10456597222222222 0.35234375 0.03552083333333335 0.0375
0 0.1459375 0.37265625 0.04961805555555556 0.0578125
0 0.173125 0.35859375 0.03395833333333331 0.0375
0 0.18463541666666666 0.41015625 0.0609375 0.0703125
0 0.22430555555555554 0.40625 0.05743055555555558 0.0578125
0 0.2240625 0.37265625 0.04718749999999998 0.0421875
0 0.2502430555555556 0.38515625 0.03576388888888893 0.0390625
0 0.2755034722222222 0.3734375 0.031909722222222214 0.034375
0 0.2717013888888889 0.41796875 0.05118055555555552 0.0578125
0 0.31678819444444445 0.409375 0.047083333333333324 0.0515625
0 0.3515625 0.38671875 0.03420138888888893 0.0390625
0 0.3309027777777778 0.5546875 0.20750000000000002 0.2390625
0 0.39406250000000004 0.45 0.07670138888888892 0.08125
0 0.4023784722222222 0.4015625 0.04322916666666661 0.046875
0 0.4584548611111111 0.39765625 0.03527777777777778 0.0359375
0 0.4744097222222223 0.45078125 0.05586805555555543 0.0578125
0 0.5198784722222222 0.46484375 0.06996527777777786 0.078125
0 0.5081770833333333 0.41953125 0.0375694444444445 0.040625
0 0.47756944444444444 0.3953125 0.028784722222222215 0.034375
0 0.5626041666666667 0.43125 0.040451388888888926 0.0390625
0 0.6223090277777779 0.44921875 0.03937500000000007 0.0421875
0 0.6080902777777778 0.43515625 0.03166666666666664 0.0328125
0 0.6367534722222222 0.471875 0.04010416666666679 0.046875
0 0.6717534722222223 0.49296875 0.07586805555555554 0.0859375
0 0.5515277777777777 0.54765625 0.09826388888888893 0.109375
0 0.6419444444444444 0.634375 0.15534722222222222 0.175
0 0.7239930555555556 0.5890625 0.1136805555555556 0.128125
0 0.8327256944444444 0.54296875 0.09583333333333321 0.09375
0 0.76890625 0.50625 0.07006944444444443 0.06875
0 0.7156423611111111 0.48203125 0.051180555555555604 0.0578125
0 0.7080555555555555 0.45546875 0.033958333333333354 0.0375
0 0.6663715277777778 0.4421875 0.03215277777777779 0.0359375
0 0.7926041666666667 0.459375 0.04093750000000007 0.0421875
0 0.7765277777777777 0.4421875 0.03093749999999993 0.028125
0 0.8124479166666667 0.4875 0.046354166666666516 0.046875
0 0.8313368055555556 0.6875 0.12204861111111107 0.171875
0 0.9082465277777778 0.51953125 0.029409722222222 0.0484375
0 0.8927256944444444 0.49375 0.043229166666666784 0.046875
0 0.8600868055555555 0.49765625 0.04527777777777757 0.05
0 0.8569097222222222 0.4578125 0.028298611111111073 0.03125
0 0.879670138888889 0.4671875 0.030104166666666644 0.0328125
0 0.9187847222222223 0.471875 0.019999999999999928 0.028125