0 0.07840277777777778 0.7218344907407408 0.0520486111111111 0.07861111111111115
0 0.17530671296296296 0.7423263888888889 0.03947916666666669 0.06608796296296297
0 0.24937499999999999 0.7813310185185186 0.03172453703703706 0.07193287037037024
0 0.297806712962963 0.7943113425925926 0.03641203703703706 0.07311342592592603
0 0.326724537037037 0.6943634259259259 0.04106481481481481 0.06960648148148145
0 0.12328703703703706 0.5797280092592592 0.04107638888888889 0.07116898148148146
0 0.19211805555555556 0.5861053240740741 0.03944444444444448 0.061400462962962976
0 0.23077546296296295 0.5449652777777778 0.03163194444444439 0.059432870370370414
0 0.25160300925925927 0.5862152777777778 0.03634259259259256 0.06373842592592602
0 0.29520833333333335 0.6167650462962964 0.037951388888888896 0.0703819444444445
0 0.36255208333333333 0.6125925925925927 0.04252314814814815 0.05593749999999993
0 0.36998842592592596 0.6653414351851852 0.03630787037037031 0.05905092592592602
0 0.4216145833333334 0.6697337962962964 0.039467592592592735 0.06452546296296298
0 0.4258506944444445 0.6261863425925926 0.03311342592592581 0.04888888888888889
0 0.5061921296296297 0.557974537037037 0.03951388888888889 0.07077546296296297
0 0.503894675925926 0.6567997685185185 0.03637731481481481 0.06842592592592603
0 0.5624826388888888 0.672337962962963 0.034756944444444396 0.06021990740740737
0 0.5977083333333333 0.6718171296296297 0.03478009259259274 0.06334490740740736
0 0.6577662037037036 0.7002488425925926 0.03951388888888889 0.07077546296296297
0 0.6589525462962962 0.6457581018518519 0.04255787037037031 0.06062499999999993
0 0.7266724537037037 0.6964699074074074 0.04266203703703706 0.07468749999999993
0 0.7488020833333333 0.6676041666666667 0.03953703703703706 0.07390046296296297
0 0.39135416666666667 0.8452662037037036 0.042708333333333307 0.08093750000000029
0 0.4299363425925926 0.8142824074074074 0.04266203703703706 0.07468749999999993
0 0.47945023148148147 0.7868344907407407 0.03793981481481481 0.06881944444444432
0 0.5180092592592593 0.7589756944444445 0.03170138888888889 0.06880787037037042
0 0.5600694444444445 0.7867881944444445 0.041157407407407476 0.08210648148148145
0 0.6387789351851852 0.8332233796296297 0.04106481481481481 0.06960648148148145
0 0.7198784722222222 0.8739988425925926 0.04263888888888889 0.07156249999999993
0 0.7963946759259259 0.8995312500000001 0.037986111111111144 0.07506944444444415
0 0.8281770833333333 0.8355266203703703 0.036412037037037236 0.07311342592592576
0 0.9060532407407408 0.8887962962962963 0.05528935185185198 0.09502314814814809
0 0.9499305555555555 0.8826273148148148 0.047372685185185046 0.07899305555555536