0 0.8414930555555555 0.48300925925925925 0.07800925925925917 0.08707175925925928
0 0.4955439814814815 0.4923263888888889 0.06614583333333339 0.07392361111111115
0 0.47051504629629626 0.4806423611111111 0.06302083333333339 0.0737384259259258
0 0.44658564814814816 0.475300925925926 0.07164351851851851 0.08513888888888879
0 0.4025752314814815 0.5291898148148148 0.0543981481481481 0.06233796296296283
0 0.3741898148148148 0.4992592592592592 0.06660879629629637 0.08017361111111114
0 0.3775752314814815 0.5488946759259259 0.046238425925925954 0.05718750000000004
0 0.3589699074074074 0.556423611111111 0.049710648148148184 0.06206018518518519
0 0.3397569444444445 0.5615625 0.04612268518518512 0.055624999999999855
0 0.2970775462962963 0.5127372685185185 0.07511574074074075 0.09001157407407412
0 0.2739872685185185 0.5278472222222221 0.0838541666666667 0.1029745370370371
0 0.23938078703703702 0.5713078703703703 0.06840277777777777 0.08339120370370363
0 0.19050925925925927 0.5848900462962963 0.08003472222222223 0.09341435185185176
0 0.1241898148148148 0.6115625 0.1116898148148148 0.121736111111111
0 0.06820023148148148 0.6788657407407408 0.09299768518518518 0.10040509259259274
0 0.029325810185185187 0.6714872685185185 0.058651620370370375 0.11934027777777771
0 0.08498263888888888 0.7277256944444443 0.04745370370370372 0.052592592592592524
0 0.06261574074074074 0.7648495370370371 0.05248842592592593 0.05755787037037034
0 0.03599537037037036 0.764056712962963 0.04947916666666667 0.05893518518518519
0 0.144849537037037 0.7140104166666668 0.047685185185185205 0.05571759259259253
0 0.14059606481481482 0.6760937499999999 0.04936342592592591 0.05737268518518519
0 0.18075810185185184 0.6423784722222222 0.06099537037037037 0.06739583333333332
0 0.20144675925925926 0.6279108796296297 0.04936342592592595 0.05737268518518519
0 0.24328703703703702 0.6350983796296296 0.05092592592592595 0.05746527777777786
0 0.2570023148148148 0.6194328703703704 0.0627893518518519 0.07061342592592598
0 0.27853009259259254 0.6042303240740741 0.04947916666666661 0.05893518518518519
0 0.3028645833333333 0.5829166666666666 0.056076388888888926 0.0639930555555555
0 0.31851851851851853 0.5728587962962963 0.049942129629629586 0.0651851851851852