0 0.9634548611111111 0.7180787037037037 0.07309027777777785 0.15887731481481476
0 0.9931423611111111 0.5387326388888889 0.013715277777777857 0.053310185185185155
0 0.9830729166666667 0.5662962962962963 0.03385416666666643 0.06163194444444446
0 0.9653211805555555 0.5437962962962963 0.06935763888888893 0.07384259259259274
0 0.94609375 0.5385474537037037 0.05815972222222214 0.06150462962962955
0 0.9165798611111111 0.5131134259259259 0.05451388888888893 0.05200231481481481
0 0.88671875 0.5362268518518519 0.058854166666666784 0.06462962962962955
0 0.8424479166666667 0.5302893518518518 0.07152777777777786 0.07333333333333343
0 0.8660590277777779 0.5005266203703703 0.03888888888888857 0.03692129629629619
0 0.8412326388888889 0.48902777777777773 0.03836805555555571 0.04148148148148145
0 0.8293402777777779 0.5106770833333333 0.052777777777777854 0.05799768518518515
0 0.8003472222222221 0.5162210648148149 0.06006944444444438 0.06319444444444447
0 0.7629340277777777 0.48745370370370367 0.052430555555555536 0.05643518518518533
0 0.7407118055555555 0.5019907407407407 0.06545138888888893 0.06670138888888885
0 0.6969618055555555 0.52703125 0.09479166666666679 0.095173611111111
0 0.6754340277777777 0.48742476851851857 0.059375 0.06006944444444447
0 0.6295138888888889 0.46332754629629636 0.05920138888888893 0.06619212962962955
0 0.5866319444444444 0.4350057870370371 0.0484375 0.04537037037037024
0 0.5414930555555555 0.4108449074074074 0.047222222222222145 0.0468055555555555
0 0.5891493055555556 0.5214988425925926 0.09184027777777785 0.08879629629629626
0 0.5080729166666667 0.4573148148148148 0.08628472222222214 0.09141203703703696
0 0.46319444444444446 0.40927083333333336 0.060416666666666785 0.06475694444444446
0 0.4236979166666667 0.4641898148148148 0.10017361111111107 0.09868055555555558
0 0.42560763888888886 0.42983217592592593 0.06944444444444446 0.06395833333333338
0 0.3897569444444445 0.37946180555555553 0.05138888888888893 0.051747685185185154
0 0.33368055555555554 0.42777777777777776 0.10069444444444446 0.10792824074074084
0 0.31024305555555554 0.3867361111111111 0.07465277777777786 0.07358796296296291
0 0.2782118055555555 0.3678703703703704 0.061979166666666606 0.0648842592592592
0 0.23402777777777778 0.41601273148148155 0.10520833333333338 0.10062499999999996
0 0.13133680555555555 0.3583622685185185 0.08871527777777777 0.0885416666666666