0 0.89296875 0.6238541666666666 0.05625 0.10666666666666665
0 0.859375 0.5622106481481481 0.0625 0.09959490740740744
0 0.74296875 0.5806944444444444 0.0703125 0.11770833333333339
0 0.6421875 0.5785763888888888 0.05625 0.09885416666666665
0 0.5421875 0.5630844907407407 0.0546875 0.08929398148148149
0 0.446875 0.573599537037037 0.053125 0.09223379629629633
0 0.4140625 0.5665509259259259 0.0390625 0.07494212962962976
0 0.328125 0.5493923611111111 0.046875 0.07118055555555572
0 0.25546875 0.5525347222222222 0.0453125 0.07724537037037038
0 0.2203125 0.5504513888888889 0.028125 0.05177083333333332
0 0.19765625 0.558605324074074 0.0484375 0.0932407407407407
0 0.12421875 0.5759027777777778 0.0359375 0.07457175925925927
0 0.090625 0.5783217592592592 0.0546875 0.1033564814814815
0 0.065625 0.5695659722222223 0.0515625 0.092048611111111