0 0.13741898148148146 0.26833333333333337 0.05175925925925924 0.06958333333333329
0 0.1726099537037037 0.30678819444444444 0.06163194444444442 0.09468750000000004
0 0.2405034722222222 0.2973090277777778 0.05871527777777778 0.08062500000000003
0 0.3112094907407407 0.37265625 0.08011574074074072 0.10131944444444443
0 0.3655324074074074 0.4021180555555556 0.10168981481481483 0.14534722222222224
0 0.34485532407407404 0.3239583333333333 0.05499999999999998 0.08520833333333329
0 0.4141493055555555 0.3152951388888889 0.04701388888888895 0.061701388888888875
0 0.4570949074074074 0.36177083333333326 0.0723032407407409 0.10114583333333335
0 0.5309664351851853 0.4105034722222222 0.08453703703703716 0.10763888888888892
0 0.5312673611111111 0.34850694444444447 0.0561805555555555 0.07590277777777779
0 0.5491319444444445 0.55375 0.15920138888888893 0.1901736111111111
0 0.7016608796296296 0.5108333333333334 0.1200231481481481 0.17375000000000007
0 0.677505787037037 0.4380902777777777 0.09057870370370366 0.12177083333333338
0 0.6448321759259259 0.37614583333333335 0.05844907407407405 0.08684027777777778
0 0.637175925925926 0.33359375 0.04259259259259256 0.05538194444444446
0 0.5911863425925926 0.3396354166666667 0.045509259259259235 0.06944444444444446
0 0.6964930555555556 0.3427604166666667 0.061134259259259235 0.06979166666666661
0 0.7320949074074073 0.36788194444444444 0.0530555555555555 0.07583333333333328
0 0.7673495370370371 0.44008680555555557 0.06944444444444446 0.0948611111111111
0 0.8013194444444445 0.3898263888888889 0.06378472222222235 0.09006944444444454
0 0.8761863425925925 0.3883506944444445 0.059837962962962975 0.06354166666666669