0 0.8498321759259259 0.9306423611111111 0.0910648148148148 0.13871527777777787
0 0.789224537037037 0.9525202546296295 0.06334490740740754 0.0949594907407409
0 0.7359259259259259 0.8812905092592592 0.0813194444444445 0.129224537037037
0 0.7147974537037036 0.7174189814814815 0.15417824074074069 0.23443287037037025
0 0.5985011574074074 0.8722974537037036 0.051851851851851906 0.07620370370370395
0 0.48185763888888894 0.8062326388888887 0.050428240740740905 0.08046296296296296
0 0.41856481481481483 0.422355324074074 0.17040509259259262 0.2590277777777778
0 0.36463541666666666 0.7206365740740741 0.061550925925925884 0.08971064814814814
0 0.29359375 0.6244502314814815 0.06490740740740737 0.09837962962962958
0 0.2617071759259259 0.646707175925926 0.05814814814814815 0.07947916666666668
0 0.1942939814814815 0.5422164351851851 0.08600694444444446 0.13050925925925938
0 0.18029513888888887 0.6189699074074074 0.05019675925925924 0.07265046296296304
0 0.12027199074074076 0.5808217592592593 0.04863425925925925 0.07222222222222215
0 0.04988425925925925 0.5328587962962963 0.04380787037037037 0.06625000000000014