0 0.09322916666666667 0.21404513888888888 0.13645833333333335 0.24378472222222225
0 0.14291666666666666 0.3119618055555556 0.16749999999999998 0.18545138888888885
0 0.16442708333333333 0.4073611111111111 0.14968749999999997 0.14777777777777779
0 0.18796875000000002 0.4720659722222223 0.12770833333333337 0.11777777777777772
0 0.5722395833333334 0.6812152777777778 0.11885416666666657 0.12534722222222214
0 0.3627604166666667 0.38487847222222216 0.15416666666666662 0.15875000000000003
0 0.4336458333333333 0.3589409722222222 0.16218749999999998 0.1713541666666666
0 0.4854166666666667 0.3114236111111111 0.2125 0.21440972222222224
0 0.5193229166666666 0.21164930555555556 0.253125 0.2386111111111111
0 0.55125 0.08213541666666666 0.2775 0.1642708333333333
0 0.640625 0.3040451388888889 0.14885416666666665 0.1446527777777778
0 0.7692708333333333 0.3090451388888889 0.15583333333333335 0.16500000000000004
0 0.8384895833333333 0.25328125 0.20427083333333335 0.21267361111111108
0 0.92421875 0.30953125 0.15093749999999986 0.1524652777777778
0 0.9616666666666667 0.24434027777777775 0.07666666666666658 0.14600694444444445