0 0.25821180555555556 0.6639409722222223 0.07811342592592592 0.09802083333333336
0 0.2856886574074074 0.60359375 0.08265046296296301 0.09190972222222218
0 0.4057465277777778 0.6229340277777778 0.0931828703703704 0.107673611111111
0 0.5079513888888889 0.6230208333333334 0.07640046296296302 0.09177083333333336
0 0.6078645833333333 0.6090104166666667 0.07226851851851848 0.08236111111111111
0 0.70625 0.6209722222222223 0.07156249999999993 0.08545138888888885
0 0.7393402777777778 0.6155208333333333 0.055208333333333214 0.07111111111111104
0 0.8245486111111111 0.5994791666666666 0.06130787037037031 0.06503472222222229
0 0.8981365740740742 0.6041319444444444 0.06145833333333357 0.07125000000000004
0 0.9338599537037038 0.6025520833333333 0.03784722222222214 0.04743055555555564
0 0.9580902777777778 0.6106597222222222 0.06730324074074083 0.08690972222222229