0 0.9589756944444445 0.40844907407407405 0.08204861111111086 0.10578703703703703
0 0.9294965277777777 0.42745949074074074 0.06457175925925895 0.07702546296296298
0 0.9043113425925926 0.41681134259259256 0.08312500000000007 0.09710648148148149
0 0.8769039351851852 0.44042245370370364 0.05386574074074062 0.0674768518518519
0 0.8487268518518519 0.43113425925925924 0.07268518518518548 0.08912037037037042
0 0.8169444444444445 0.4337962962962963 0.05413194444444436 0.06903935185185191
0 0.7825983796296295 0.41195023148148147 0.07973379629629633 0.09496527777777782
0 0.7652488425925925 0.44256365740740744 0.06380787037037053 0.08142361111111107
0 0.7221122685185184 0.4400752314814815 0.060381944444444356 0.07019675925925917
0 0.6866550925925926 0.43535879629629626 0.05725694444444436 0.06961805555555553
0 0.7193518518518518 0.324537037037037 0.1377893518518519 0.1692708333333334
0 0.6463078703703704 0.41140046296296295 0.09935185185185187 0.12129629629629624
0 0.5424594907407407 0.37421875 0.09359953703703709 0.11417824074074065
0 0.601712962962963 0.43819444444444444 0.04887731481481481 0.05596064814814809
0 0.5639641203703704 0.4484085648148149 0.04262731481481481 0.05480324074074083
0 0.5221701388888889 0.42068865740740746 0.061712962962963046 0.07800925925925921
0 0.4572569444444444 0.3045717592592593 0.14749999999999996 0.19074074074074074
0 0.38820023148148153 0.37699652777777776 0.10197916666666665 0.1278356481481481
0 0.4148148148148148 0.38657407407407407 0.05988425925925931 0.07615740740740744
0 0.4265740740740741 0.43194444444444446 0.05150462962962958 0.0625
0 0.4685300925925926 0.43223379629629627 0.05622685185185183 0.07245370370370363
0 0.48289351851851847 0.4408564814814815 0.04106481481481481 0.05451388888888893
0 0.49453125 0.4524016203703704 0.027465277777777786 0.03686342592592595
0 0.5368692129629629 0.4502025462962963 0.030856481481481523 0.039004629629629584
0 0.39402777777777775 0.4395833333333333 0.04392361111111116 0.05353009259259256
0 0.35028935185185184 0.4146412037037036 0.04262731481481481 0.05480324074074079
0 0.36096643518518523 0.4489293981481481 0.04236111111111107 0.05324074074074083
0 0.3391724537037037 0.43926504629629626 0.038703703703703685 0.049537037037037025
0 0.3355844907407407 0.45604745370370364 0.03451388888888882 0.042708333333333216
0 0.2857233796296296 0.3951678240740741 0.08049768518518512 0.09056712962962968
0 0.25610532407407405 0.41999421296296297 0.05988425925925931 0.07615740740740744
0 0.2245891203703704 0.42421875 0.05832175925925929 0.07586805555555554
0 0.18435185185185182 0.3583333333333333 0.09622685185185187 0.12071759259259256
0 0.16000578703703705 0.3999131944444444 0.06693287037037035 0.08200231481481479
0 0.1684085648148148 0.4539641203703704 0.038703703703703685 0.049537037037037025