0 0.9473437499999999 0.4354571759259259 0.10531250000000014 0.18033564814814812
0 0.989982638888889 0.6006944444444444 0.020034722222222003 0.099861111111111
0 0.9722395833333334 0.6463425925925925 0.05552083333333328 0.07622685185185177
0 0.9063194444444445 0.6249479166666667 0.06461805555555529 0.08069444444444436
0 0.88984375 0.5365567129629629 0.10548611111111121 0.13062500000000005
0 0.7549479166666666 0.5746990740740741 0.07861111111111115 0.09942129629629619
0 0.8782986111111111 0.6644212962962962 0.05090277777777778 0.06353009259259253
0 0.8192013888888889 0.6576273148148148 0.052465277777777784 0.06374999999999993
0 0.8223784722222224 0.6969212962962963 0.04979166666666677 0.05728009259259252
0 0.75171875 0.6679340277777778 0.05090277777777778 0.06353009259259253
0 0.7215277777777778 0.6994849537037038 0.041423611111111036 0.0530555555555555
0 0.6942534722222222 0.6788888888888889 0.04354166666666668 0.0564004629629629
0 0.6644618055555556 0.6998321759259258 0.033506944444444464 0.04280092592592588
0 0.6002951388888889 0.7844907407407408 0.051006944444444355 0.0726851851851853
0 0.5463541666666666 0.6481712962962962 0.058819444444444355 0.07378472222222214
0 0.6329166666666667 0.6466435185185185 0.06423611111111108 0.06997685185185176
0 0.6918576388888888 0.6054282407407408 0.06930555555555565 0.08135416666666657
0 0.7360243055555555 0.4768229166666667 0.11670138888888885 0.13372685185185187
0 0.7101215277777777 0.2797048611111111 0.18656250000000013 0.21820601851851854
0 0.5459027777777777 0.44854166666666667 0.12197916666666657 0.16341435185185188
0 0.5987673611111111 0.5702372685185185 0.08468750000000007 0.1078935185185184
0 0.5663194444444445 0.5976620370370369 0.06611111111111115 0.09766203703703695
0 0.5826736111111112 0.6639467592592593 0.04677083333333343 0.06599537037037032
0 0.4450347222222223 0.5752604166666666 0.0682986111111111 0.08425925925925917
0 0.4852951388888888 0.5146585648148149 0.09187499999999993 0.12261574074074062
0 0.29418402777777775 0.39940393518518513 0.1479861111111111 0.16402777777777774
0 0.3313888888888889 0.1502314814814815 0.20638888888888882 0.2011921296296296
0 0.3248784722222222 0.5035069444444444 0.09527777777777775 0.12461805555555543
0 0.2872395833333333 0.531724537037037 0.07263888888888888 0.10010416666666658
0 0.2909201388888889 0.6038425925925927 0.06885416666666666 0.08738425925925916
0 0.3059895833333333 0.637193287037037 0.05263888888888886 0.056157407407407336
0 0.3009201388888889 0.6600925925925927 0.04555555555555557 0.05059027777777771
0 0.43081597222222223 0.6281018518518519 0.05034722222222232 0.060405092592592524
0 0.46532986111111113 0.6679976851851851 0.0438194444444445 0.057962962962962904
0 0.4055729166666667 0.6489236111111112 0.047222222222222186 0.059965277777777715
0 0.3840798611111111 0.6565624999999999 0.041423611111111126 0.0530555555555555
0 0.43428819444444444 0.8190162037037038 0.046666666666666676 0.05684027777777771