0 0.0671875 0.52421875 0.09375 0.12890625
0 0.21328125 0.44921875 0.04609375 0.08125
0 0.43671875 0.33046875 0.02578125 0.05390625
0 0.5359375 0.40703125 0.0359375 0.06875
0 0.56015625 0.453125 0.05234375 0.084375
0 0.61796875 0.52734375 0.06796875 0.1171875
0 0.6296875 0.44140625 0.0359375 0.06640625
0 0.68125 0.459375 0.04609375 0.078125
0 0.7171875 0.43828125 0.03828125 0.071875
0 0.765625 0.46875 0.06015625 0.084375
0 0.790625 0.61875 0.121875 0.221875
0 0.92734375 0.58984375 0.09375 0.14140625
0 0.87265625 0.48828125 0.0578125 0.09296875
0 0.85234375 0.44609375 0.04375 0.06875
0 0.88515625 0.41328125 0.03828125 0.075
0 0.965625 0.45625 0.03984375 0.071875
0 0.9796875 0.48046875 0.0359375 0.084375