0 0.876707175925926 0.5587500000000001 0.20769675925925918 0.37682870370370375
0 0.13961226851851852 0.5401215277777778 0.14372685185185183 0.16478009259259246
0 0.3276041666666667 0.4754224537037037 0.13416666666666668 0.16116898148148148
0 0.4730266203703704 0.4414293981481482 0.10262731481481477 0.12837962962962965
0 0.5747048611111112 0.3918460648148148 0.08442129629629633 0.11030092592592596
0 0.6774305555555555 0.3642592592592593 0.059687500000000074 0.08721064814814819
0 0.7589236111111111 0.33792245370370366 0.06253472222222226 0.08268518518518526
0 0.8544849537037038 0.29899305555555555 0.059409722222222426 0.0825231481481481
0 0.8952488425925926 0.29875578703703703 0.040740740740740834 0.056631944444444395
0 0.8035937500000001 0.23209490740740737 0.04570601851851848 0.061562499999999964
0 0.747199074074074 0.24484374999999997 0.042581018518518476 0.061400462962962976
0 0.6825173611111112 0.18585069444444446 0.03862268518518519 0.0471759259259259
0 0.6146990740740741 0.25913194444444443 0.047824074074074116 0.07101851851851855
0 0.6323784722222221 0.18560185185185185 0.040740740740740834 0.056631944444444485
0 0.6153530092592593 0.1290798611111111 0.0439583333333335 0.05835648148148147
0 0.5501331018518518 0.14528935185185185 0.04570601851851848 0.061562500000000006
0 0.5415567129629629 0.10487847222222221 0.030532407407407546 0.04208333333333334
0 0.5192708333333333 0.2032465277777778 0.042581018518518476 0.061400462962962976
0 0.56828125 0.26221064814814815 0.05554398148148145 0.06986111111111111
0 0.4721759259259259 0.2838715277777778 0.06253472222222226 0.08268518518518517
0 0.4603993055555556 0.20489583333333333 0.047824074074074116 0.07101851851851855
0 0.45192708333333337 0.1362789351851852 0.040000000000000036 0.04413194444444444
0 0.48985532407407406 0.1045486111111111 0.03733796296296301 0.0517824074074074
0 0.41629050925925926 0.07644097222222222 0.03549768518518519 0.04701388888888889
0 0.38359953703703703 0.1123611111111111 0.03365740740740737 0.04224537037037037
0 0.3908506944444444 0.13546296296296295 0.03862268518518519 0.04717592592592594
0 0.34556134259259264 0.07982638888888889 0.03549768518518519 0.04701388888888891
0 0.32505787037037037 0.0952199074074074 0.04368055555555559 0.05366898148148149
0 0.3140046296296296 0.14950231481481482 0.04524305555555559 0.053750000000000006
0 0.3780034722222222 0.19357060185185185 0.058668981481481454 0.07002314814814818
0 0.38214699074074077 0.282337962962963 0.06787037037037039 0.09386574074074075
0 0.25093171296296296 0.30139467592592595 0.08046296296296296 0.09607638888888888
0 0.2932060185185185 0.20954861111111112 0.06575231481481483 0.08440972222222225
0 0.09714699074074074 0.33103587962962966 0.10179398148148149 0.11431712962962966
0 0.08345486111111111 0.2182638888888889 0.07917824074074073 0.10068287037037038
0 0.13219907407407408 0.14947916666666666 0.0520486111111111 0.06344907407407407
0 0.0941261574074074 0.09108217592592593 0.04736111111111112 0.06320601851851851
0 0.1549421296296296 0.056620370370370376 0.051585648148148165 0.055636574074074074
0 0.18157407407407405 0.2155150462962963 0.0557291666666667 0.07298611111111111
0 0.2352372685185185 0.14306712962962964 0.052326388888888964 0.06813657407407407
0 0.2567650462962963 0.09716435185185186 0.040740740740740744 0.056631944444444436
0 0.2793865740740741 0.07247685185185185 0.04046296296296301 0.05194444444444444
0 0.20994791666666668 0.06730902777777778 0.04368055555555552 0.05366898148148147
0 0.1806597222222222 0.09870370370370371 0.06188657407407407 0.07174768518518519