0 0.178125 0.82265625 0.1359375 0.20390625
0 0.10078125 0.55703125 0.0703125 0.10546875
0 0.1828125 0.36171875 0.0421875 0.06328125
0 0.23125 0.37265625 0.03828125 0.05390625
0 0.246875 0.32890625 0.034375 0.0390625
0 0.30234375 0.3421875 0.028125 0.0484375
0 0.35 0.3390625 0.028125 0.05390625
0 0.371875 0.39375 0.03203125 0.06640625
0 0.4109375 0.465625 0.0703125 0.1140625
0 0.428125 0.39453125 0.06015625 0.075
0 0.4140625 0.3375 0.0359375 0.05703125
0 0.4421875 0.2609375 0.02421875 0.0421875
0 0.490625 0.3390625 0.034375 0.071875
0 0.56328125 0.32578125 0.04609375 0.06328125
0 0.57578125 0.378125 0.05234375 0.08984375
0 0.62578125 0.346875 0.04765625 0.08671875
0 0.628125 0.29609375 0.0359375 0.05703125
0 0.72578125 0.3140625 0.0359375 0.05703125
0 0.57265625 0.58125 0.10625 0.159375
0 0.74609375 0.41015625 0.05234375 0.1109375
0 0.778125 0.36015625 0.05625 0.084375
0 0.88984375 0.4515625 0.08828125 0.14140625
0 0.95 0.37265625 0.0640625 0.1078125
0 0.8 0.5796875 0.12421875 0.18046875