0 0.0796875 0.39609375 0.1203125 0.16171875
0 0.096875 0.31484375 0.06640625 0.0796875
0 0.01875 0.30078125 0.0375 0.08828125
0 0.02421875 0.2546875 0.0375 0.06015625
0 0.0453125 0.23515625 0.02890625 0.05
0 0.065625 0.24453125 0.02890625 0.05859375
0 0.06796875 0.2140625 0.028125 0.03828125
0 0.10234375 0.2734375 0.0359375 0.06015625
0 0.14140625 0.27265625 0.03359375 0.0546875
0 0.13046875 0.24453125 0.0234375 0.03515625
0 0.153125 0.2375 0.03125 0.0484375
0 0.1765625 0.2421875 0.021875 0.04140625
0 0.19609375 0.246875 0.028125 0.03984375
0 0.2296875 0.2625 0.0296875 0.04140625
0 0.228125 0.36796875 0.06875 0.11640625
0 0.31796875 0.34921875 0.05859375 0.1046875
0 0.2625 0.2921875 0.02890625 0.0515625
0 0.284375 0.27578125 0.021875 0.03515625
0 0.25625 0.24296875 0.02109375 0.03671875
0 0.2703125 0.23984375 0.0140625 0.0296875
0 0.2859375 0.2421875 0.01328125 0.025
0 0.29296875 0.259375 0.0140625 0.028125
0 0.30703125 0.2765625 0.0203125 0.03359375
0 0.33515625 0.25859375 0.01640625 0.0265625
0 0.3203125 0.2484375 0.01875 0.03359375
0 0.33984375 0.309375 0.03125 0.0453125
0 0.35625 0.28671875 0.02109375 0.04296875
0 0.3703125 0.25390625 0.0140625 0.025
0 0.38359375 0.26171875 0.015625 0.03359375
0 0.39765625 0.2703125 0.01796875 0.0296875
0 0.384375 0.29765625 0.021875 0.03828125
0 0.4125 0.2953125 0.0265625 0.05703125
0 0.4234375 0.3265625 0.01796875 0.03359375
0 0.428125 0.27265625 0.01328125 0.028125
0 0.43984375 0.27265625 0.0109375 0.025
0 0.45546875 0.28203125 0.0203125 0.03671875
0 0.46640625 0.2796875 0.015625 0.03359375
0 0.5 0.31953125 0.03125 0.0546875
0 0.54140625 0.3234375 0.02890625 0.046875
0 0.5234375 0.29296875 0.021875 0.04296875
0 0.53828125 0.278125 0.01640625 0.0234375
0 0.5046875 0.2828125 0.0140625 0.03203125
0 0.4921875 0.28046875 0.01328125 0.025
0 0.4796875 0.2671875 0.0078125 0.021875
0 0.66796875 0.23515625 0.02109375 0.03984375