0 0.04453125 0.478125 0.08203125 0.109375
0 0.08984375 0.40625 0.05546875 0.09765625
0 0.1546875 0.33671875 0.04140625 0.06796875
0 0.18515625 0.31875 0.02890625 0.05078125
0 0.22734375 0.353125 0.0453125 0.07265625
0 0.23046875 0.2890625 0.02578125 0.04140625
0 0.26796875 0.29609375 0.03125 0.0546875
0 0.29375 0.26796875 0.03203125 0.0453125
0 0.44609375 0.12734375 0.10078125 0.20703125
0 0.49296875 0.26171875 0.03671875 0.07265625
0 0.51640625 0.31328125 0.05234375 0.08203125
0 0.5375 0.4109375 0.084375 0.14609375
0 0.51953125 0.2328125 0.02734375 0.053125
0 0.5703125 0.28671875 0.04296875 0.0703125
0 0.58125 0.23359375 0.03125 0.04453125
0 0.6109375 0.26953125 0.028125 0.05703125
0 0.6390625 0.27890625 0.03359375 0.0703125
0 0.671875 0.2796875 0.0453125 0.09765625
0 0.7234375 0.37109375 0.078125 0.13203125
0 0.71640625 0.696875 0.128125 0.26171875
0 0.75625 0.2328125 0.03203125 0.0375
0 0.815625 0.21875 0.02421875 0.04296875
0 0.83515625 0.25 0.028125 0.06015625
0 0.87421875 0.21875 0.02890625 0.0546875
0 0.95390625 0.2421875 0.04453125 0.07578125
0 0.9890625 0.20390625 0.01875 0.04296875