0 0.14108217592592592 0.36009837962962965 0.2066087962962963 0.42019675925925926
0 0.4178356481481482 0.8049768518518519 0.06341435185185187 0.07858796296296297
0 0.444513888888889 0.7675636574074074 0.07752314814814802 0.10474537037037024
0 0.5124884259259259 0.7806423611111111 0.07281249999999986 0.09201388888888892
0 0.5672164351851852 0.708275462962963 0.09902777777777771 0.11846064814814809
0 0.6146122685185185 0.6814525462962963 0.1272337962962963 0.16475694444444447
0 0.6085127314814816 0.7587673611111112 0.068912037037037 0.09444444444444447
0 0.6770717592592593 0.7711805555555555 0.05832175925925931 0.0703125
0 0.7101793981481481 0.7264467592592594 0.08886574074074076 0.11394675925925916
0 0.7731597222222222 0.6808738425925925 0.10372685185185197 0.12517361111111108
0 0.7844097222222223 0.7434606481481482 0.06967592592592595 0.08553240740740745
0 0.7658564814814814 0.5383969907407409 0.1925578703703703 0.22106481481481488
0 0.9207928240740741 0.5891782407407408 0.15033564814814823 0.19675925925925936
0 0.9101909722222222 0.6605613425925926 0.11351851851851862 0.14016203703703703
0 0.8892187500000001 0.720630787037037 0.07438657407407412 0.09826388888888893
0 0.8887152777777778 0.763425925925926 0.05362268518518505 0.06359953703703702
0 0.8437905092592594 0.7552662037037037 0.059120370370370524 0.07945601851851851
0 0.9449363425925927 0.756712962962963 0.07474537037037052 0.08177083333333339
0 0.9709403935185186 0.7332465277777778 0.05811921296296276 0.08483796296296298
0 0.9768171296296296 0.662818287037037 0.046365740740740694 0.10746527777777785
0 0.9991290509259259 0.7148726851851852 0.0017418981481483798 0.10208333333333339