0 0.1546875 0.8171875 0.11015625 0.15546875
0 0.34140625 0.58984375 0.0703125 0.1125
0 0.3578125 0.49140625 0.0484375 0.0703125
0 0.365625 0.43359375 0.04140625 0.06015625
0 0.2796875 0.4671875 0.05 0.06796875
0 0.25390625 0.50859375 0.0546875 0.08046875
0 0.20703125 0.4546875 0.0703125 0.1078125
0 0.10703125 0.5203125 0.0765625 0.1125
0 0.0828125 0.44765625 0.06796875 0.07734375
0 0.25390625 0.41953125 0.03828125 0.05234375
0 0.26953125 0.38125 0.03515625 0.05546875
0 0.3421875 0.37734375 0.028125 0.0578125
0 0.43203125 0.40078125 0.03671875 0.05546875
0 0.409375 0.38828125 0.025 0.05
0 0.603125 0.40234375 0.03359375 0.04765625
0 0.6375 0.41015625 0.03515625 0.0625
0 0.65859375 0.44765625 0.046875 0.06796875
0 0.65234375 0.378125 0.03203125 0.05546875
0 0.68984375 0.40234375 0.03671875 0.0625
0 0.728125 0.42265625 0.04296875 0.0625
0 0.73203125 0.37734375 0.03359375 0.05234375
0 0.7546875 0.4 0.03671875 0.0625
0 0.72265625 0.5109375 0.06484375 0.10546875
0 0.78515625 0.609375 0.06640625 0.11015625
0 0.8078125 0.48515625 0.06484375 0.0875
0 0.81171875 0.40859375 0.06015625 0.08984375
0 0.896875 0.47734375 0.06328125 0.09296875
0 0.96171875 0.5765625 0.0734375 0.115625
0 0.9515625 0.82421875 0.08984375 0.1703125
0 0.521875 0.209375 0.03984375 0.0625