0 0.8526215277777778 0.4427199074074074 0.07131944444444435 0.07554398148148156
0 0.8195833333333333 0.4709027777777777 0.06211805555555552 0.06663194444444435
0 0.7739756944444445 0.4796990740740741 0.07399305555555565 0.08201388888888879
0 0.743125 0.4865682870370371 0.05871527777777778 0.06462962962962955
0 0.7302604166666666 0.5183912037037037 0.054201388888888855 0.056377314814814915
0 0.6941145833333333 0.532523148148148 0.060000000000000143 0.06328703703703695
0 0.6549826388888889 0.5093981481481482 0.06340277777777778 0.06528935185185177
0 0.7054513888888889 0.4732581018518518 0.060277777777777784 0.06484953703703696
0 0.6793402777777778 0.40391782407407406 0.07131944444444435 0.07554398148148142
0 0.6066666666666667 0.5154108796296295 0.05815972222222214 0.06150462962962955
0 0.5818923611111112 0.5511631944444444 0.0516319444444445 0.05906249999999993
0 0.5441493055555556 0.5202256944444444 0.06746527777777764 0.07957175925925916
0 0.5630902777777778 0.4091782407407408 0.06340277777777778 0.0652893518518518
0 0.5110069444444444 0.5580034722222222 0.05871527777777778 0.06462962962962955
0 0.4931423611111111 0.5098437499999999 0.053750000000000145 0.062407407407407335
0 0.46638888888888885 0.43961226851851853 0.0636805555555556 0.06685185185185176
0 0.45562500000000006 0.554212962962963 0.06552083333333343 0.06863425925925917
0 0.42614583333333333 0.5308449074074074 0.05871527777777778 0.06462962962962955
0 0.3705208333333333 0.5374305555555555 0.06083333333333343 0.06797453703703696
0 0.3521006944444444 0.4563599537037037 0.07895833333333328 0.084236111111111
0 0.3536284722222222 0.5919097222222222 0.05899305555555552 0.06619212962962955
0 0.3012326388888889 0.6253761574074075 0.06211805555555561 0.06663194444444435
0 0.31135416666666665 0.5459201388888889 0.06211805555555561 0.06663194444444435
0 0.24934027777777779 0.4803356481481481 0.0703125 0.07844907407407398
0 0.2501909722222222 0.5701446759259259 0.05843749999999996 0.06306712962962954
0 0.23333333333333334 0.5974016203703704 0.060833333333333336 0.06797453703703696
0 0.189375 0.5743981481481482 0.07131944444444445 0.07554398148148138
0 0.15567708333333333 0.6153009259259259 0.060555555555555515 0.06641203703703695
0 0.1423611111111111 0.5685821759259259 0.060277777777777784 0.06484953703703696
0 0.15680555555555556 0.48733217592592587 0.06847222222222223 0.07666666666666658
0 0.08222222222222222 0.5825405092592593 0.06579861111111111 0.07019675925925917
0 0.11081597222222221 0.6153935185185185 0.062118055555555565 0.06663194444444435
0 0.056753472222222226 0.6221990740740742 0.062118055555555565 0.06663194444444435
0 0.02513020833333333 0.5855729166666667 0.05026041666666666 0.06685185185185176
0 0.015885416666666662 0.628894675925926 0.031770833333333325 0.06172453703703695
0 0.0025868055555555492 0.6191377314814815 0.0051736111111110985 0.06863425925925917
0 0.01702256944444444 0.5120949074074075 0.03404513888888888 0.08201388888888879