0 0.08515625 0.3125 0.04609375 0.0953125
0 0.12578125 0.37421875 0.05390625 0.0875
0 0.240625 0.3578125 0.059375 0.10390625
0 0.3421875 0.3609375 0.04765625 0.0875
0 0.44453125 0.378125 0.04609375 0.07890625
0 0.53984375 0.36875 0.04453125 0.08203125
0 0.5734375 0.37578125 0.0328125 0.06796875
0 0.66171875 0.39453125 0.040625 0.0625
0 0.734375 0.3921875 0.0390625 0.06796875
0 0.7703125 0.39453125 0.02265625 0.04609375
0 0.7921875 0.38671875 0.0390625 0.084375
0 0.8640625 0.3703125 0.0296875 0.06796875
0 0.89765625 0.36875 0.04453125 0.09296875
0 0.92421875 0.37734375 0.04296875 0.08203125