0 0.9085300925925927 0.6007870370370371 0.18293981481481475 0.27541666666666664
0 0.8496527777777778 0.38467013888888885 0.3006944444444444 0.3410648148148148
0 0.9426765046296296 0.7521412037037037 0.11464699074074076 0.1764814814814814
0 0.9770283564814815 0.8843576388888887 0.045943287037037095 0.11781250000000014
0 0.9678559027777778 0.9047222222222221 0.06428819444444436 0.10506944444444458
0 0.8449189814814815 0.8104861111111111 0.09990740740740733 0.11156250000000015
0 0.8035069444444444 0.7699710648148148 0.07653935185185183 0.08890046296296283
0 0.8217534722222222 0.7008391203703704 0.13315972222222214 0.13915509259259268
0 0.728425925925926 0.70859375 0.09496527777777786 0.10909722222222218
0 0.7236689814814815 0.6236805555555556 0.16270833333333315 0.18116898148148158
0 0.638900462962963 0.6421643518518518 0.10975694444444457 0.12556712962962954
0 0.5967650462962963 0.6204282407407408 0.1027430555555556 0.11967592592592595
0 0.5818402777777778 0.4684780092592592 0.2140625 0.2455439814814815
0 0.5590277777777778 0.6071064814814815 0.07937499999999993 0.097013888888889
0 0.601712962962963 0.6554340277777777 0.08097222222222236 0.08824074074074062
0 0.4994328703703704 0.5850347222222222 0.11728009259259267 0.13458333333333333
0 0.44688657407407406 0.5597800925925925 0.1006712962962963 0.11625000000000014
0 0.4459143518518518 0.609537037037037 0.07839120370370374 0.08168981481481481
0 0.38987268518518514 0.5442592592592593 0.08224537037037036 0.09605324074074062
0 0.3892013888888889 0.44726851851851845 0.1372685185185185 0.15508101851851852
0 0.3361689814814815 0.44689236111111114 0.10637731481481474 0.12340277777777775
0 0.28395833333333337 0.4701331018518518 0.10743055555555561 0.12057870370370374
0 0.5636111111111111 0.8395486111111111 0.05240740740740737 0.061550925925925884
0 0.4712442129629629 0.32383101851851853 0.2708680555555556 0.31550925925925927
0 0.3210821759259259 0.3032349537037037 0.21479166666666671 0.2593055555555555
0 0.19833912037037038 0.20013888888888892 0.22107638888888886 0.25143518518518515
0 0.2731307870370371 0.3711863425925926 0.12327546296296302 0.1342245370370371
0 0.20403935185185187 0.3790682870370371 0.11728009259259257 0.13458333333333333