0 0.5643344907407407 0.6896006944444444 0.11065972222222235 0.13740740740740734
0 0.42090856481481487 0.5958275462962963 0.08076388888888886 0.11876157407407409
0 0.47136574074074067 0.5711458333333332 0.06178240740740755 0.07740740740740755
0 0.42765624999999996 0.5035706018518519 0.03949074074074073 0.046226851851851866
0 0.38528356481481485 0.5073784722222222 0.04262731481481481 0.058981481481481524
0 0.3631944444444445 0.4838831018518518 0.038124999999999964 0.047534722222222214
0 0.30363425925925924 0.4848900462962963 0.04476851851851853 0.05167824074074083
0 0.28484375 0.5422800925925926 0.06745370370370374 0.08598379629629634
0 0.2050173611111111 0.48565393518518524 0.061979166666666696 0.07896990740740754
0 0.17451967592592593 0.45007523148148143 0.042037037037037005 0.054293981481481526
0 0.14110532407407408 0.42779513888888887 0.03695601851851853 0.05040509259259256
0 0.5098090277777778 0.5422106481481481 0.04262731481481481 0.058981481481481524
0 0.5078298611111112 0.5143402777777778 0.03440972222222225 0.042337962962962904
0 0.5326388888888889 0.522974537037037 0.03636574074074091 0.04571759259259256
0 0.5993865740740741 0.5851215277777777 0.045358796296296335 0.056365740740740834
0 0.6065856481481482 0.5572164351851852 0.03460648148148149 0.043900462962962905
0 0.5795312499999999 0.5489814814814815 0.03440972222222207 0.042337962962962904
0 0.6876446759259259 0.5750173611111111 0.03988425925925938 0.04935185185185187
0 0.6507291666666667 0.5674710648148148 0.022881944444444358 0.0358680555555555
0 0.7077835648148149 0.6012557870370371 0.042037037037037095 0.054293981481481526
0 0.7391608796296296 0.6377430555555555 0.055335648148148134 0.07482638888888893
0 0.806892361111111 0.7077025462962963 0.0778240740740741 0.10756944444444443
0 0.8330208333333333 0.6660474537037038 0.05884259259259252 0.06621527777777772
0 0.8480208333333333 0.627170138888889 0.03753472222222243 0.04284722222222222
0 0.8085474537037036 0.5993113425925926 0.03695601851851862 0.05040509259259256
0 0.7739988425925926 0.6166377314814815 0.03891203703703709 0.05378472222222221
0 0.7583969907407407 0.5352777777777777 0.02268518518518512 0.0343055555555555
0 0.8877546296296295 0.620636574074074 0.033240740740740904 0.04520833333333325
0 0.9064120370370372 0.6290335648148149 0.03695601851851862 0.05040509259259256
0 0.9352488425925927 0.6635763888888888 0.05043981481481481 0.060254629629629616
0 0.9132291666666668 0.7135532407407407 0.06687499999999993 0.0935416666666665
0 0.9818865740740741 0.7171469907407407 0.036226851851851906 0.07947916666666668
0 0.9805989583333332 0.6674363425925925 0.03880208333333357 0.05741898148148152
0 0.9963425925925925 0.603761574074074 0.007314814814814952 0.037650462962962906