0 0.0328125 0.5125 0.065625 0.14296875
0 0.021875 0.35390625 0.03984375 0.06640625
0 0.065625 0.378125 0.04765625 0.0828125
0 0.103125 0.35703125 0.02578125 0.05390625
0 0.12734375 0.3796875 0.05 0.07265625
0 0.165625 0.43828125 0.07578125 0.1140625
0 0.24921875 0.4125 0.06171875 0.1140625
0 0.31875 0.40625 0.05 0.0890625
0 0.39375 0.37109375 0.04375 0.0765625
0 0.42265625 0.36171875 0.0421875 0.0828125
0 0.50390625 0.35546875 0.03203125 0.05078125
0 0.77109375 0.26484375 0.065625 0.1171875
0 0.28125 0.34609375 0.0296875 0.04453125
0 0.31015625 0.35234375 0.028125 0.04453125
0 0.234375 0.33515625 0.02421875 0.04765625
0 0.20625 0.34921875 0.028125 0.04453125