0 0.27212962962962967 0.48313078703703705 0.10291666666666668 0.11290509259259256
0 0.2629282407407407 0.5708043981481481 0.052430555555555536 0.0543981481481481
0 0.19009259259259262 0.5655092592592593 0.0438194444444445 0.04386574074074083
0 0.2126041666666667 0.5957465277777778 0.049687500000000016 0.04942129629629619
0 0.1621064814814815 0.5312789351851852 0.06730324074074075 0.07204861111111108
0 0.32458333333333333 0.5494502314814815 0.07393518518518523 0.06880787037037042
0 0.33384837962962965 0.5951099537037037 0.04422453703703706 0.05138888888888893
0 0.36703703703703705 0.5938078703703704 0.06299768518518514 0.06678240740740726
0 0.41235532407407405 0.6051793981481481 0.04266203703703706 0.05109953703703703
0 0.42696180555555563 0.5862847222222223 0.03873842592592602 0.04143518518518512
0 0.45492476851851854 0.60859375 0.037557870370370415 0.03674768518518512
0 0.4798611111111112 0.5804398148148149 0.05516203703703706 0.05341435185185191
0 0.49398726851851854 0.6158275462962963 0.0453819444444445 0.04415509259259256
0 0.5310648148148148 0.6063078703703704 0.03561342592592602 0.04085648148148131
0 0.5503819444444444 0.6002025462962963 0.05947916666666657 0.06464120370370381
0 0.5931597222222222 0.6103587962962963 0.050104166666666575 0.06290509259259255
0 0.6345833333333333 0.6269675925925926 0.049687499999999926 0.04942129629629619
0 0.615943287037037 0.5795717592592593 0.06690972222222236 0.07048611111111107
0 0.5170833333333333 0.4443287037037037 0.12519675925925924 0.12447916666666661
0 0.40610532407407407 0.5034722222222222 0.08803240740740743 0.08929398148148149
0 0.6651099537037037 0.46131365740740743 0.10486111111111107 0.1087962962962962
0 0.6850520833333333 0.5759837962962963 0.06965277777777779 0.07546296296296298
0 0.6802314814814816 0.6071180555555555 0.04656249999999993 0.048842592592592736
0 0.7265162037037037 0.613454861111111 0.04734953703703706 0.05196759259259274
0 0.8091145833333332 0.619068287037037 0.061828703703703615 0.06805555555555572
0 0.7886631944444444 0.5437789351851852 0.08804398148148156 0.09525462962962958
0 0.8887905092592593 0.6278645833333334 0.05712962962962962 0.06122685185185191
0 0.9299363425925925 0.6019675925925926 0.08141203703703681 0.09849537037037023
0 0.970486111111111 0.5949652777777777 0.05902777777777786 0.08171296296296297
0 0.9794068287037037 0.6233217592592593 0.041186342592592594 0.06180555555555554