0 0.7925520833333334 0.6116030092592593 0.21531249999999993 0.2772337962962963
0 0.7996875 0.15376157407407404 0.10104166666666661 0.12747685185185187
0 0.7827604166666666 0.21221643518518518 0.05687499999999997 0.07116898148148146
0 0.9743229166666666 0.511417824074074 0.05135416666666685 0.42341435185185183
0 0.31453125000000004 0.263443287037037 0.08583333333333325 0.10324074074074074
0 0.20692708333333334 0.29137731481481477 0.09385416666666666 0.11692129629629626
0 0.13057291666666665 0.3114409722222222 0.0671875 0.0825115740740741
0 0.1275 0.39058449074074075 0.04093749999999998 0.04966435185185185
0 0.20161458333333332 0.4027662037037037 0.048125000000000015 0.06021990740740737
0 0.24390625 0.37377314814814816 0.04500000000000002 0.059432870370370414
0 0.2903645833333333 0.34789930555555554 0.05052083333333339 0.06373842592592593
0 0.36010416666666667 0.35618055555555556 0.04656250000000002 0.059826388888888894
0 0.38625 0.3354224537037037 0.06281250000000008 0.07703703703703706
0 0.4270833333333333 0.37599537037037034 0.03343749999999997 0.04340277777777777
0 0.5071875 0.30746527777777777 0.041770833333333354 0.05278935185185185
0 0.25921875 0.4624594907407407 0.028645833333333304 0.036365740740740726
0 0.17692708333333335 0.4790162037037037 0.03302083333333332 0.04184027777777786
0 0.15260416666666665 0.4534606481481481 0.038124999999999964 0.04458333333333329
0 0.14156249999999998 0.4245601851851852 0.0380208333333333 0.03872685185185176