0 0.121875 0.50703125 0.0375 0.0640625
0 0.1171875 0.43984375 0.028125 0.05
0 0.1671875 0.4625 0.03046875 0.06328125
0 0.175 0.5390625 0.0359375 0.06015625
0 0.24765625 0.5078125 0.034375 0.05546875
0 0.21875 0.43359375 0.034375 0.05546875
0 0.25625 0.4140625 0.0328125 0.05625
0 0.28515625 0.4171875 0.02734375 0.04375
0 0.30390625 0.44296875 0.028125 0.05
0 0.28125 0.46328125 0.0328125 0.05390625
0 0.30390625 0.5140625 0.0328125 0.0625
0 0.3640625 0.5140625 0.0375 0.06875
0 0.33515625 0.434375 0.02734375 0.0546875
0 0.3203125 0.4078125 0.028125 0.053125
0 0.37734375 0.4 0.025 0.04609375
0 0.3875 0.446875 0.028125 0.05546875
0 0.421875 0.50859375 0.03203125 0.05859375
0 0.48125 0.51328125 0.0328125 0.065625
0 0.440625 0.4375 0.0234375 0.05546875
0 0.4125 0.41796875 0.028125 0.05390625
0 0.47578125 0.425 0.025 0.053125
0 0.50078125 0.4046875 0.02421875 0.04375
0 0.5234375 0.4265625 0.02734375 0.0453125
0 0.52109375 0.47421875 0.034375 0.0640625
0 0.57890625 0.525 0.03359375 0.05859375
0 0.56796875 0.43984375 0.02578125 0.0484375
0 0.5921875 0.4078125 0.02890625 0.040625
0 0.6109375 0.4296875 0.0265625 0.05078125
0 0.6171875 0.5078125 0.03359375 0.07265625
0 0.6453125 0.43359375 0.028125 0.05234375
0 0.665625 0.43046875 0.02734375 0.0484375
0 0.68671875 0.41640625 0.02734375 0.05390625
0 0.66953125 0.50078125 0.03203125 0.06015625
0 0.70234375 0.48671875 0.03046875 0.05390625
0 0.72734375 0.5046875 0.03203125 0.06875
0 0.75546875 0.421875 0.0328125 0.0515625
0 0.7796875 0.5109375 0.02734375 0.06015625
0 0.80390625 0.52734375 0.03125 0.0671875
0 0.84609375 0.50390625 0.03046875 0.0640625
0 0.87890625 0.5203125 0.03125 0.05703125
0 0.92265625 0.51875 0.03671875 0.0671875