0 0.7918229166666666 0.15450810185185188 0.07760416666666678 0.08907407407407408
0 0.7078125 0.2285763888888889 0.09083333333333332 0.10804398148148149
0 0.6429166666666667 0.21087384259259262 0.07468749999999993 0.0901273148148148
0 0.5809375 0.27447337962962964 0.08395833333333336 0.10233796296296305
0 0.49380208333333336 0.29173032407407407 0.062291666666666676 0.07740740740740737
0 0.4427083333333333 0.32527777777777783 0.061875000000000034 0.07428240740740737
0 0.49859375000000006 0.3704340277777778 0.1142708333333335 0.13479166666666664
0 0.3242708333333334 0.445462962962963 0.15447916666666667 0.1841435185185185
0 0.38156249999999997 0.32530671296296293 0.05989583333333339 0.07090277777777772
0 0.35901041666666667 0.3167534722222222 0.05458333333333334 0.06545138888888893
0 0.32666666666666666 0.35870949074074077 0.059687499999999984 0.0693402777777778
0 0.17822916666666666 0.3141145833333333 0.06500000000000003 0.07479166666666667
0 0.22203125000000004 0.46135995370370375 0.07229166666666667 0.08362268518518512
0 0.13666666666666666 0.4997280092592593 0.12260416666666667 0.15143518518518526
0 0.10744791666666667 0.4609259259259259 0.07937499999999997 0.09089120370370374
0 0.020859375000000003 0.5292592592592593 0.041718750000000006 0.13664351851851855