0 0.5611979166666666 0.6952893518518518 0.11203703703703702 0.13560185185185175
0 0.4221354166666667 0.4646585648148148 0.1033564814814815 0.1249305555555555
0 0.43139467592592595 0.5344444444444445 0.0796875 0.0963657407407407
0 0.3943576388888889 0.5746527777777778 0.06672453703703703 0.08628472222222232
0 0.36571180555555555 0.6138599537037037 0.05451388888888893 0.07340277777777775
0 0.32942708333333337 0.6369097222222222 0.05133101851851851 0.06682870370370378
0 0.346556712962963 0.659230324074074 0.04496527777777777 0.05368055555555564
0 0.31811342592592595 0.6776967592592593 0.045775462962962976 0.056805555555555644
0 0.3085648148148148 0.577662037037037 0.06516203703703702 0.08596064814814816
0 0.2569444444444445 0.49448495370370366 0.11359953703703703 0.13592592592592592
0 0.2635416666666667 0.5973495370370371 0.08761574074074074 0.10983796296296297
0 0.26394675925925926 0.6556655092592593 0.04930555555555553 0.0590162037037036
0 0.28478009259259257 0.6779571759259259 0.04021990740740744 0.046782407407407335
0 0.25135995370370373 0.7070659722222222 0.046527777777777765 0.05400462962962962
0 0.13556134259259262 0.7288657407407408 0.03668981481481479 0.04457175925925938
0 0.10648148148148148 0.7326793981481481 0.039872685185185205 0.051145833333333356
0 0.062239583333333334 0.7122858796296296 0.05092592592592593 0.06526620370370377
0 0.039814814814814824 0.69328125 0.07378472222222221 0.09070601851851859
0 0.06565393518518518 0.7618460648148149 0.03396990740740739 0.045486111111111074
0 0.013990162037037046 0.7596990740740741 0.02798032407407409 0.06435185185185191
0 0.759982638888889 0.39902199074074074 0.10607638888888893 0.12401620370370373
0 0.7997974537037037 0.43364004629629627 0.08206018518518529 0.09981481481481484
0 0.7751157407407407 0.48607060185185186 0.05914351851851851 0.06844907407407419
0 0.7532407407407408 0.5105671296296297 0.0528356481481481 0.06122685185185191
0 0.6998842592592592 0.5253298611111111 0.04733796296296298 0.05712962962962962
0 0.6770833333333334 0.465005787037037 0.075 0.0953935185185184
0 0.6250868055555555 0.5401041666666666 0.056770833333333215 0.06499999999999986
0 0.6472800925925926 0.5428935185185185 0.052025462962962975 0.058101851851851904