0 0.9903298611111111 0.18689814814814815 0.019340277777777713 0.1468287037037037
0 0.9867968749999999 0.34369791666666666 0.02640625000000014 0.07891203703703704
0 0.9739525462962962 0.39123263888888893 0.04282407407407405 0.06560185185185183
0 0.9009548611111111 0.359056712962963 0.05260416666666643 0.08359953703703696
0 0.9056828703703704 0.4030439814814815 0.04711805555555557 0.063900462962963
0 0.9030324074074073 0.16943287037037036 0.11497685185185205 0.1731712962962963
0 0.7841087962962963 0.3393865740740741 0.06648148148148145 0.09833333333333334
0 0.8156076388888888 0.38984375 0.0488888888888888 0.07796296296296301
0 0.7061979166666668 0.3841377314814815 0.052604166666666785 0.08359953703703704
0 0.6037731481481481 0.32439814814814816 0.0809606481481481 0.12978009259259257
0 0.5412557870370371 0.4334201388888889 0.06649305555555571 0.11035879629629623
0 0.2766030092592593 0.5089293981481482 0.09327546296296294 0.1440393518518519
0 0.18452546296296296 0.6601851851851851 0.1685648148148148 0.2645833333333332