0 0.071875 0.75234375 0.06640625 0.1
0 0.08984375 0.86875 0.08359375 0.10234375
0 0.18359375 0.815625 0.0734375 0.1109375
0 0.17265625 0.73359375 0.06484375 0.084375
0 0.27421875 0.79765625 0.06484375 0.0796875
0 0.259375 0.77421875 0.06171875 0.09140625
0 0.31953125 0.89921875 0.128125 0.153125
0 0.4203125 0.85234375 0.08359375 0.10859375
0 0.36328125 0.77890625 0.053125 0.1
0 0.55859375 0.87578125 0.06328125 0.0890625
0 0.61015625 0.85078125 0.0703125 0.10703125
0 0.646875 0.8 0.053125 0.0796875
0 0.67734375 0.77578125 0.0453125 0.0625
0 0.71171875 0.84453125 0.08671875 0.1203125
0 0.74296875 0.77890625 0.05703125 0.078125
0 0.79921875 0.8390625 0.071875 0.10859375
0 0.85078125 0.83984375 0.06484375 0.10703125
0 0.85703125 0.76875 0.05703125 0.0796875
0 0.90546875 0.80234375 0.0515625 0.0796875
0 0.71953125 0.578125 0.0484375 0.0796875