0 0.24291666666666667 0.7072337962962962 0.054756944444444414 0.05648148148148149
0 0.2353472222222222 0.6820023148148149 0.04840277777777775 0.04675925925925917
0 0.32133680555555555 0.588917824074074 0.0761111111111111 0.08119212962962977
0 0.8709027777777777 0.5795138888888889 0.054305555555555426 0.06261574074074083
0 0.9087847222222223 0.558420138888889 0.04298611111111086 0.050983796296296194
0 0.9302604166666667 0.5708043981481482 0.060104166666666715 0.06921296296296298
0 0.9646874999999999 0.5432870370370371 0.05263888888888886 0.05324074074074083
0 0.9784288194444445 0.5925347222222223 0.04314236111111107 0.05648148148148149
0 0.9929861111111112 0.5006076388888889 0.014027777777777573 0.039467592592592735
0 0.9892361111111111 0.4881944444444445 0.021527777777777857 0.029629629629629582
0 0.9776041666666666 0.5118634259259259 0.03083333333333336 0.034664351851851904
0 0.9652604166666666 0.4901331018518519 0.02631944444444443 0.02662037037037024
0 0.9380381944444445 0.510474537037037 0.03690972222222229 0.04282407407407405
0 0.9327777777777779 0.528587962962963 0.030555555555555714 0.0331018518518519
0 0.9141840277777777 0.5063946759259259 0.027152777777777713 0.031307870370370236
0 0.91375 0.525636574074074 0.034236111111111 0.03645833333333322
0 0.8977083333333333 0.5221354166666666 0.028715277777777715 0.03142361111111107
0 0.8914409722222223 0.5085648148148149 0.02631944444444443 0.02662037037037024
0 0.842013888888889 0.48640046296296297 0.020798611111111143 0.021585648148148097
0 0.8306770833333333 0.5657407407407408 0.03930555555555557 0.04762731481481488
0 0.8074999999999999 0.5524594907407407 0.03423611111111109 0.03645833333333339
0 0.7891145833333333 0.5487847222222222 0.028715277777777715 0.03142361111111107
0 0.7715625 0.5497974537037037 0.02475694444444443 0.026504629629629583
0 0.7526215277777778 0.5776909722222222 0.03322916666666664 0.03946759259259256
0 0.7934375 0.586111111111111 0.04527777777777775 0.046527777777777855
0 0.8304513888888888 0.5341145833333334 0.01923611111111114 0.021469907407407264
0 0.7282291666666667 0.58359375 0.03847222222222228 0.04293981481481488
0 0.7029861111111112 0.606394675925926 0.047673611111111215 0.05133101851851851
0 0.6746874999999999 0.612008101851852 0.04499999999999993 0.044965277777777854
0 0.6752951388888888 0.5850694444444444 0.036076388888889 0.038136574074074045
0 0.6534722222222222 0.5880787037037037 0.028715277777777715 0.03142361111111107
0 0.6404687499999999 0.5886574074074075 0.028715277777777715 0.03142361111111107
0 0.6210243055555555 0.5833622685185185 0.022916666666666786 0.02482638888888893
0 0.6213715277777778 0.602662037037037 0.036354166666666646 0.039699074074074046
0 0.6040972222222223 0.6052372685185186 0.031388888888889 0.03778935185185191
0 0.39137152777777773 0.6272569444444445 0.013437500000000036 0.014872685185185119
0 0.38364583333333335 0.622829861111111 0.013993055555555588 0.01799768518518512
0 0.4095659722222223 0.6255208333333334 0.013715277777777857 0.01643518518518512
0 0.4190798611111111 0.6269965277777778 0.0155555555555555 0.018113425925925953
0 0.42439236111111106 0.6135127314814814 0.017951388888888788 0.022916666666666606
0 0.4329513888888889 0.6226273148148149 0.013437500000000036 0.014872685185185119
0 0.4402256944444445 0.6331886574074075 0.017395833333333322 0.019791666666666784
0 0.4440277777777778 0.62421875 0.020798611111111143 0.021585648148148097
0 0.4533506944444444 0.6202835648148148 0.013437500000000036 0.014872685185185119
0 0.4646527777777778 0.6188078703703704 0.017395833333333322 0.019791666666666784
0 0.47411458333333334 0.6156539351851851 0.021076388888888964 0.023148148148148095
0 0.47076388888888887 0.6184895833333334 0.017395833333333322 0.019791666666666784
0 0.4854166666666666 0.6141782407407408 0.023194444444444427 0.026388888888888927
0 0.49883680555555554 0.615943287037037 0.02347222222222225 0.02795138888888893
0 0.51375 0.6000868055555555 0.022916666666666606 0.02482638888888893
0 0.5073784722222222 0.6119502314814815 0.01822916666666661 0.024479166666666607
0 0.5296527777777778 0.602806712962963 0.019513888888888786 0.02303240740740744
0 0.5439930555555555 0.6054108796296296 0.02163194444444443 0.026273148148148094
0 0.5480729166666667 0.5980034722222223 0.023194444444444427 0.026388888888888927
0 0.5569618055555555 0.6133101851851852 0.027708333333333356 0.03443287037037042
0 0.5745659722222223 0.6169270833333333 0.03295138888888882 0.03790509259259274
0 0.5973958333333333 0.5762152777777778 0.012152777777777856 0.016319444444444463