0 0.21328125 0.29375 0.08203125 0.2078125
0 0.34296875 0.49453125 0.03828125 0.08203125
0 0.3859375 0.48359375 0.04375 0.11171875
0 0.41875 0.52421875 0.04609375 0.11171875
0 0.471875 0.56328125 0.06796875 0.1375
0 0.5578125 0.61875 0.1078125 0.2046875
0 0.509375 0.40703125 0.034375 0.08515625
0 0.54375 0.44609375 0.04375 0.11171875
0 0.55625 0.37734375 0.02421875 0.05546875
0 0.584375 0.390625 0.03203125 0.08203125
0 0.62421875 0.37578125 0.0359375 0.08203125
0 0.659375 0.3625 0.02578125 0.0484375
0 0.715625 0.325 0.02421875 0.06328125
0 0.7453125 0.3515625 0.034375 0.078125
0 0.74921875 0.4921875 0.0703125 0.1453125
0 0.775 0.4109375 0.05 0.09296875
0 0.840625 0.50546875 0.078125 0.178125
0 0.8546875 0.3921875 0.0578125 0.1078125
0 0.82890625 0.3328125 0.034375 0.08515625
0 0.84609375 0.30078125 0.03203125 0.0671875
0 0.9203125 0.321875 0.0359375 0.078125
0 0.9640625 0.390625 0.06015625 0.1484375
0 0.9640625 0.29375 0.03203125 0.07421875
0 0.94609375 0.61875 0.09609375 0.21171875