0 0.6162731481481482 0.9368489583333333 0.22883101851851856 0.12630208333333356
0 0.4834837962962963 0.904542824074074 0.24689814814814817 0.1909143518518519
0 0.383912037037037 0.9639612268518519 0.19667824074074075 0.07207754629629619
0 0.29030671296296295 0.9832465277777779 0.18188657407407408 0.033506944444444284
0 0.15259259259259259 0.9653935185185185 0.19395833333333337 0.06921296296296298
0 0.29421875000000003 0.879933449074074 0.23949074074074073 0.2401331018518519
0 0.12760416666666666 0.7861689814814815 0.23394675925925928 0.25515046296296295
0 0.212974537037037 0.4685763888888889 0.33023148148148146 0.3628472222222222
0 0.04755787037037037 0.7161458333333333 0.09511574074074074 0.2586805555555555
0 0.004291087962962958 0.8577835648148149 0.008582175925925917 0.1825231481481481
0 0.008278356481481475 0.9325810185185185 0.01655671296296295 0.10306712962962976