0 0.04635416666666666 0.39298032407407407 0.0898263888888889 0.1305902777777778
0 0.15145833333333333 0.2975636574074074 0.08840277777777779 0.13182870370370364
0 0.1819965277777778 0.3594791666666667 0.056909722222222216 0.1053587962962963
0 0.25164930555555554 0.3005555555555556 0.11895833333333335 0.19951388888888885
0 0.24513888888888888 0.10520833333333332 0.18260416666666668 0.21041666666666664
0 0.5032986111111111 0.07539930555555555 0.16840277777777785 0.1507986111111111
0 0.5328645833333333 0.12183449074074074 0.08427083333333343 0.13710648148148147
0 0.4528645833333334 0.2971643518518518 0.06951388888888879 0.12637731481481485
0 0.42243055555555553 0.3203472222222222 0.0421875 0.07776620370370368
0 0.5337847222222223 0.2581423611111111 0.0781944444444445 0.12050925925925923
0 0.5171527777777778 0.32447337962962963 0.059513888888889 0.08289351851851849
0 0.6113715277777778 0.25662037037037033 0.0610069444444445 0.11694444444444443
0 0.6340625 0.1997685185185185 0.06923611111111114 0.12325231481481484
0 0.6700694444444444 0.22604166666666664 0.048958333333333215 0.10217592592592598
0 0.7149652777777777 0.2213310185185185 0.042881944444444466 0.08557870370370368
0 0.7094444444444445 0.06407986111111111 0.1257638888888888 0.12815972222222222
0 0.7965798611111111 0.10548032407407407 0.093611111111111 0.15591435185185185
0 0.8159722222222221 0.1375 0.0781944444444445 0.12050925925925923
0 0.7932986111111111 0.2027835648148148 0.051979166666666646 0.08439814814814817
0 0.34677083333333336 0.3605787037037037 0.05934027777777775 0.09819444444444443
0 0.3124826388888889 0.30634259259259256 0.06500000000000003 0.11010416666666671