0 0.035416666666666666 0.5810763888888889 0.07083333333333333 0.17534722222222215
0 0.10989583333333335 0.5537152777777778 0.08256944444444445 0.11851851851851851
0 0.2270138888888889 0.6318576388888889 0.05440972222222218 0.07628472222222235
0 0.33850694444444446 0.4539178240740741 0.05652777777777782 0.08915509259259266
0 0.36109375 0.4501099537037037 0.04184027777777777 0.07175925925925916
0 0.4210069444444445 0.4413194444444445 0.10583333333333336 0.15495370370370373
0 0.5956250000000001 0.4780034722222222 0.1156944444444445 0.16811342592592596
0 0.4731770833333334 0.3632465277777778 0.052986111111111 0.07903935185185187
0 0.7051909722222222 0.291244212962963 0.04468749999999986 0.06624999999999996
0 0.7671701388888889 0.2533622685185185 0.04930555555555553 0.06579861111111107
0 0.7592013888888889 0.2761226851851852 0.03802083333333321 0.05539351851851855
0 0.8644791666666667 0.20324074074074075 0.0483680555555555 0.07949074074074074
0 0.9521180555555556 0.1445891203703704 0.04468749999999986 0.06625