0 0.15859375 0.4640625 0.10234375 0.221875
0 0.22421875 0.403125 0.05546875 0.13125
0 0.26796875 0.41484375 0.04921875 0.12265625
0 0.28984375 0.39296875 0.04453125 0.11875
0 0.32109375 0.4125 0.0359375 0.103125
0 0.34921875 0.4109375 0.03359375 0.09140625
0 0.38515625 0.40859375 0.02421875 0.07109375
0 0.403125 0.4046875 0.02421875 0.07109375
0 0.43203125 0.40859375 0.03359375 0.07109375
0 0.453125 0.3890625 0.0265625 0.06328125
0 0.48671875 0.41484375 0.03984375 0.07578125
0 0.53359375 0.40859375 0.03125 0.07109375
0 0.53046875 0.3390625 0.03359375 0.059375
0 0.60078125 0.34921875 0.0359375 0.0796875
0 0.70546875 0.32109375 0.03125 0.06328125
0 0.72734375 0.35546875 0.0359375 0.07578125
0 0.83046875 0.08515625 0.08515625 0.1390625
0 0.05 0.3515625 0.06015625 0.11484375
0 0.04140625 0.26796875 0.02890625 0.059375
0 0.03359375 0.11484375 0.0359375 0.07109375
0 0.21015625 0.28984375 0.0265625 0.03984375
0 0.32109375 0.3078125 0.03125 0.0671875
0 0.4015625 0.3234375 0.03125 0.059375