0 0.2548900462962963 0.47745949074074073 0.15104166666666669 0.2574074074074074
0 0.32989004629629626 0.5219907407407407 0.08396990740740744 0.15040509259259255
0 0.3717592592592593 0.49887152777777777 0.07627314814814819 0.14074074074074067
0 0.39704861111111117 0.5152777777777777 0.07071759259259255 0.1346643518518519
0 0.4256076388888889 0.48703703703703705 0.05844907407407405 0.11626157407407404
0 0.4541666666666666 0.4810474537037036 0.05457175925925917 0.10329861111111108
0 0.4908275462962964 0.47430555555555554 0.03987268518518512 0.07974537037037041
0 0.5096643518518519 0.4736689814814815 0.03987268518518512 0.07974537037037024
0 0.5379918981481481 0.4619791666666666 0.04924768518518512 0.0825231481481481
0 0.5620659722222222 0.4762731481481481 0.039988425925925955 0.07239583333333321
0 0.5918113425925926 0.441087962962963 0.056365740740740834 0.0890625
0 0.6401331018518519 0.43501157407407404 0.04768518518518512 0.08206018518518512
0 0.6475405092592593 0.5061631944444445 0.047222222222222145 0.07158564814814809
0 0.71640625 0.4775173611111111 0.05410879629629619 0.09282407407407404
0 0.826244212962963 0.47876157407407405 0.04467592592592595 0.07378472222222214
0 0.8426793981481481 0.4384548611111111 0.05324074074074048 0.08813657407407405
0 0.9642939814814815 0.6841145833333333 0.07141203703703702 0.16903935185185173
0 0.1625 0.619386574074074 0.08576388888888893 0.1361689814814815
0 0.16611689814814817 0.7056712962962963 0.04253472222222223 0.07019675925925917
0 0.18119212962962963 0.8627314814814815 0.05237268518518521 0.08344907407407405
0 0.33275462962962965 0.6398148148148148 0.035648148148148186 0.048958333333333395
0 0.441869212962963 0.592650462962963 0.04554398148148149 0.07847222222222214
0 0.5198784722222223 0.5555266203703704 0.04409722222222232 0.07065972222222214