0 0.18359375 0.70390625 0.14453125 0.265625
0 0.078125 0.5265625 0.0453125 0.05625
0 0.02109375 0.51875 0.0375 0.04609375
0 0.19453125 0.46328125 0.0328125 0.04140625
0 0.20390625 0.48515625 0.025 0.0375
0 0.2703125 0.5 0.03125 0.0453125
0 0.21171875 0.5703125 0.0671875 0.10546875
0 0.32890625 0.4859375 0.03046875 0.04375
0 0.29375 0.46875 0.02265625 0.0328125
0 0.37109375 0.4671875 0.02421875 0.0390625
0 0.39765625 0.53515625 0.05390625 0.08125
0 0.4328125 0.60390625 0.0890625 0.14140625
0 0.44609375 0.4625 0.02578125 0.0421875
0 0.5328125 0.4734375 0.0453125 0.078125
0 0.61171875 0.5375 0.0671875 0.09921875
0 0.603125 0.47734375 0.03125 0.0453125
0 0.6046875 0.846875 0.18828125 0.28125
0 0.77109375 0.65 0.08828125 0.15078125
0 0.76171875 0.53125 0.05234375 0.06953125