0 0.7222511574074074 0.09651041666666667 0.08350694444444447 0.08116898148148147
0 0.7124710648148149 0.1401099537037037 0.0831018518518519 0.0796064814814815
0 0.6417534722222222 0.1278761574074074 0.07523148148148148 0.07275462962962961
0 0.6447337962962963 0.1633912037037037 0.06932870370370381 0.06761574074074073
0 0.5780381944444445 0.20028356481481482 0.08431712962962959 0.08429398148148151
0 0.5440393518518519 0.22564814814814813 0.07876157407407405 0.07461805555555559
0 0.47123842592592596 0.24789351851851854 0.07129629629629619 0.06932870370370363
0 0.4533564814814815 0.2816087962962963 0.06620370370370363 0.06731481481481474
0 0.37410300925925927 0.22296875 0.1059606481481481 0.10313657407407409
0 0.31889467592592596 0.22142939814814816 0.10995370370370364 0.11266203703703699
0 0.30257523148148147 0.25499421296296293 0.09380787037037042 0.09739583333333339
0 0.3906539351851852 0.3089756944444445 0.07407407407407404 0.07416666666666671
0 0.40787037037037044 0.3042708333333334 0.062268518518518515 0.06388888888888893
0 0.40167824074074077 0.2576388888888889 0.062268518518518515 0.06388888888888893
0 0.340306712962963 0.3503877314814815 0.06857638888888892 0.07059027777777774
0 0.2482928240740741 0.3615335648148148 0.0729166666666667 0.07557870370370372
0 0.23822337962962964 0.29166087962962967 0.09299768518518521 0.09427083333333339
0 0.194994212962963 0.2821122685185185 0.1114583333333333 0.10671296296296298
0 0.1708912037037037 0.33394675925925926 0.11932870370370367 0.11356481481481477
0 0.21255787037037038 0.3847800925925926 0.0729166666666667 0.07557870370370372
0 0.24016203703703703 0.41640046296296296 0.051620370370370414 0.05219907407407405
0 0.20020254629629627 0.43243634259259256 0.05833333333333337 0.06046296296296312
0 0.16455439814814815 0.4465335648148148 0.05162037037037037 0.05219907407407405
0 0.11773726851851851 0.40381365740740743 0.0913773148148148 0.0880208333333334