0 0.7148668981481482 0.6063368055555556 0.2053472222222222 0.3152777777777779
0 0.6063368055555556 0.6112847222222222 0.14395833333333333 0.21984953703703702
0 0.3672106481481482 0.5033275462962964 0.14067129629629632 0.21736111111111112
0 0.4749189814814815 0.7533275462962963 0.2569675925925926 0.34571759259259255
0 0.545318287037037 0.49021990740740745 0.09350694444444443 0.12766203703703702
0 0.5528530092592593 0.4606481481481482 0.07281249999999986 0.1033564814814815
0 0.6006655092592592 0.45436921296296295 0.06165509259259263 0.08339120370370381
0 0.6247164351851853 0.4380208333333334 0.03799768518518505 0.05972222222222214
0 0.6657291666666667 0.49030671296296297 0.0627893518518519 0.0943287037037038
0 0.63796875 0.5366030092592593 0.0725462962962963 0.1153935185185185
0 0.8147800925925927 0.5109953703703705 0.05023148148148131 0.07546296296296298
0 0.8371412037037036 0.522164351851852 0.04818287037037052 0.0703125
0 0.9673206018518519 0.5872395833333334 0.062141203703703594 0.08807870370370381