0 0.9479166666666666 0.44204861111111116 0.047974537037037024 0.08261574074074077
0 0.923582175925926 0.48722222222222217 0.027835648148148096 0.04067129629629633
0 0.880005787037037 0.48100115740740745 0.028125 0.04848379629629633
0 0.8594618055555555 0.3944502314814815 0.07297453703703702 0.1303587962962963
0 0.8005787037037037 0.48564236111111114 0.034953703703703806 0.06559027777777775
0 0.7572048611111111 0.44233217592592594 0.07633101851851869 0.1373495370370371
0 0.6644097222222223 0.5116145833333333 0.029745370370370415 0.050416666666666644
0 0.6575810185185185 0.45491319444444445 0.04959490740740744 0.08454861111111107
0 0.520630787037037 0.4810706018518518 0.05133101851851851 0.08960648148148138
0 0.5463252314814815 0.600289351851852 0.023263888888888928 0.04268518518518505
0 0.5393229166666667 0.5176215277777778 0.03269675925925917 0.04646990740740744
0 0.5491030092592593 0.5476157407407408 0.021585648148148097 0.03918981481481474
0 0.47106481481481477 0.5259201388888888 0.03165509259259256 0.06016203703703695
0 0.4405960648148149 0.5331423611111111 0.01973379629629619 0.031006944444444427
0 0.1669849537037037 0.4230381944444444 0.08466435185185187 0.15326388888888895
0 0.1906539351851852 0.5301273148148148 0.04513888888888888 0.08968749999999996
0 0.11802662037037037 0.5906886574074074 0.028530092592592603 0.05942129629629633
0 0.09913194444444444 0.5912268518518518 0.03657407407407409 0.06752314814814823
0 0.062210648148148154 0.5519039351851852 0.05324074074074074 0.09935185185185187
0 0.9925491898148149 0.41874421296296294 0.014901620370370239 0.08902777777777775