0 0.9297858796296297 0.6499421296296297 0.07212962962962947 0.11851851851851851
0 0.8905555555555555 0.7652777777777778 0.05505787037037031 0.0831018518518519
0 0.9288483796296297 0.8015335648148149 0.04589120370370381 0.06672453703703703
0 0.845133101851852 0.7863715277777779 0.045590277777778 0.06359953703703702
0 0.8266898148148147 0.7359085648148149 0.05893518518518519 0.09184027777777785
0 0.7580555555555556 0.7477141203703704 0.04559027777777782 0.06359953703703702
0 0.7249479166666667 0.6993344907407408 0.05863425925925938 0.08871527777777785
0 0.6536631944444444 0.7553530092592593 0.04589120370370381 0.06672453703703703
0 0.5887268518518518 0.7537905092592593 0.04820601851851851 0.075
0 0.6715219907407407 0.7951967592592593 0.030173611111111144 0.045370370370370415
0 0.5135763888888889 0.733130787037037 0.029571759259259166 0.039120370370370236
0 0.49485532407407407 0.735619212962963 0.028611111111111143 0.04490740740740744
0 0.47769675925925925 0.7385706018518519 0.02488425925925917 0.03773148148148131
0 0.523263888888889 0.7576967592592593 0.029872685185185332 0.04224537037037042
0 0.5667129629629629 0.7737847222222223 0.031134259259259167 0.039583333333333394
0 0.4493576388888889 0.7574942129629629 0.03747685185185183 0.05815972222222214
0 0.5208101851851852 0.5745659722222223 0.07585648148148146 0.12569444444444447
0 0.45187499999999997 0.5894965277777778 0.05782407407407408 0.09606481481481488
0 0.3870543981481481 0.6201099537037037 0.0547569444444445 0.07997685185185191
0 0.340306712962963 0.5548321759259259 0.06392361111111118 0.09635416666666678
0 0.3731365740740741 0.6561631944444445 0.04685185185185183 0.0609375
0 0.34759259259259256 0.67109375 0.04060185185185183 0.059085648148148096
0 0.32948495370370373 0.6922453703703704 0.026446759259259343 0.03819444444444429
0 0.2933101851851852 0.6590277777777779 0.03390046296296294 0.05254629629629619
0 0.2815798611111111 0.630642361111111 0.04060185185185183 0.059085648148148096
0 0.2778935185185185 0.6689236111111112 0.025486111111111143 0.04398148148148149
0 0.2920138888888889 0.6891782407407407 0.026446759259259257 0.03819444444444446
0 0.2560821759259259 0.6367476851851852 0.04090277777777773 0.0622106481481481
0 0.238130787037037 0.614554398148148 0.042465277777777824 0.06267361111111107
0 0.2329224537037037 0.576851851851852 0.04559027777777782 0.06359953703703702
0 0.2092534722222222 0.5055555555555555 0.06236111111111109 0.09589120370370381
0 0.13268518518518518 0.5246527777777779 0.06236111111111109 0.09589120370370381
0 0.1667824074074074 0.5877893518518519 0.040902777777777774 0.0622106481481481
0 0.18998842592592594 0.6388599537037037 0.034351851851851876 0.057233796296296366
0 0.14748842592592593 0.6045717592592592 0.03278935185185183 0.056770833333333395
0 0.13372106481481483 0.6390625 0.028310185185185154 0.04178240740740744
0 0.11365162037037038 0.6138310185185185 0.0251851851851852 0.04085648148148149
0 0.08446180555555556 0.5915219907407407 0.03546296296296299 0.053009259259259346
0 0.07711805555555555 0.567650462962963 0.04276620370370372 0.06579861111111107
0 0.02011574074074074 0.4971354166666666 0.04023148148148148 0.09230324074074084
0 0.04137152777777778 0.25622106481481477 0.08274305555555556 0.16979166666666662
0 0.2341840277777778 0.36348379629629635 0.0853240740740741 0.14519675925925926