0 0.49765625 0.36953125 0.028125 0.05390625
0 0.7828125 0.78046875 0.13828125 0.1984375
0 0.85 0.7015625 0.07578125 0.146875
0 0.95390625 0.66953125 0.071875 0.1203125
0 0.97109375 0.60078125 0.0421875 0.06015625
0 0.975 0.5484375 0.03828125 0.06328125
0 0.925 0.54921875 0.0421875 0.06015625
0 0.8546875 0.60625 0.05390625 0.08984375
0 0.83515625 0.540625 0.05 0.06640625
0 0.765625 0.5390625 0.04765625 0.06328125
0 0.65390625 0.55546875 0.04765625 0.071875
0 0.696875 0.6109375 0.05390625 0.06875
0 0.61171875 0.63828125 0.06796875 0.09921875
0 0.578125 0.56171875 0.04765625 0.06640625
0 0.59296875 0.52890625 0.03828125 0.05390625
0 0.6796875 0.5328125 0.03203125 0.0453125
0 0.4578125 0.7703125 0.115625 0.16484375
0 0.421875 0.66953125 0.071875 0.08984375
0 0.19375 0.63203125 0.071875 0.09921875
0 0.11171875 0.61875 0.08828125 0.1078125
0 0.0578125 0.89375 0.11171875 0.20703125
0 0.0609375 0.52578125 0.034375 0.0484375
0 0.11328125 0.52578125 0.034375 0.0359375
0 0.11015625 0.55234375 0.04375 0.0421875
0 0.16015625 0.56484375 0.03984375 0.05390625
0 0.14296875 0.51171875 0.0296875 0.05703125
0 0.1796875 0.5328125 0.02421875 0.0453125
0 0.22109375 0.51953125 0.02578125 0.0421875
0 0.24609375 0.52734375 0.02421875 0.0453125
0 0.284375 0.55390625 0.03984375 0.05703125
0 0.3046875 0.51953125 0.0296875 0.0484375
0 0.278125 0.51484375 0.02421875 0.0390625
0 0.37578125 0.5390625 0.03203125 0.05703125
0 0.43828125 0.52578125 0.0359375 0.05390625
0 0.4796875 0.621875 0.06015625 0.09609375
0 0.50234375 0.58984375 0.05234375 0.06875
0 0.34375 0.653125 0.0640625 0.146875