0 0.8964988425925926 0.5708333333333333 0.1447916666666668 0.21684027777777767
0 0.8604166666666668 0.4882233796296296 0.07523148148148166 0.10532407407407404
0 0.7877314814814815 0.5235243055555555 0.07175925925925916 0.09982638888888892
0 0.7414351851851853 0.5035590277777777 0.05978009259259256 0.08292824074074065
0 0.6969907407407407 0.6090856481481481 0.12297453703703702 0.19126157407407404
0 0.6663194444444445 0.5286747685185185 0.09496527777777786 0.14415509259259257
0 0.6000578703703704 0.5632523148148147 0.07390046296296297 0.10804398148148149
0 0.582667824074074 0.5077835648148149 0.05138888888888893 0.07309027777777785
0 0.549855324074074 0.5422743055555556 0.10144675925925917 0.14890046296296297
0 0.45 0.525144675925926 0.06504629629629637 0.09195601851851869
0 0.4095775462962963 0.5871238425925925 0.08778935185185191 0.13003472222222215
0 0.39453125 0.5322627314814815 0.055208333333333394 0.08327546296296298
0 0.3425636574074074 0.5458622685185185 0.07175925925925926 0.09982638888888892
0 0.29866898148148147 0.5472222222222223 0.056192129629629585 0.07586805555555554
0 0.28408564814814813 0.4216145833333333 0.04299768518518521 0.06325231481481489
0 0.3088541666666667 0.8315248842592592 0.305324074074074 0.33695023148148157
0 0.17080439814814813 0.6932291666666666 0.15167824074074074 0.20636574074074082
0 0.13778935185185187 0.6122106481481481 0.10613425925925926 0.15011574074074083
0 0.0896412037037037 0.5527488425925926 0.06863425925925926 0.09901620370370381