0 0.12947916666666667 0.30353009259259256 0.12587962962962962 0.16400462962962958
0 0.20266782407407408 0.250462962962963 0.11259259259259258 0.1409143518518519
0 0.14057291666666666 0.21105324074074075 0.057349537037037025 0.07592592592592595
0 0.28303819444444445 0.3075810185185185 0.1380208333333334 0.1734953703703704
0 0.33483217592592596 0.2592013888888889 0.07105324074074079 0.08587962962962967
0 0.31210069444444444 0.20978009259259256 0.061736111111111124 0.07575231481481486
0 0.353287037037037 0.16206597222222222 0.0347453703703704 0.04270833333333335
0 0.2675810185185185 0.15442708333333333 0.035648148148148186 0.047395833333333345
0 0.42322916666666666 0.21649305555555554 0.05398148148148145 0.06608796296296297
0 0.3836805555555555 0.20839120370370368 0.04153935185185187 0.055034722222222235
0 0.40125578703703707 0.19244791666666666 0.03937500000000003 0.051446759259259255
0 0.36146990740740736 0.19597800925925926 0.035949074074074085 0.048958333333333305
0 0.3464467592592593 0.20373263888888887 0.03967592592592588 0.053009259259259256
0 0.2790162037037037 0.2138020833333333 0.039432870370370396 0.04409722222222223
0 0.4993865740740741 0.2517361111111111 0.067326388888889 0.08182870370370372
0 0.44847222222222227 0.21892361111111108 0.035949074074074085 0.04895833333333337
0 0.4471643518518518 0.1606770833333333 0.0366087962962963 0.04473379629629628
0 0.477181712962963 0.14930555555555552 0.030960648148148095 0.04600694444444446
0 0.4765914351851851 0.18912037037037036 0.03318287037037031 0.04224537037037037
0 0.5085358796296297 0.19204282407407405 0.039733796296296295 0.045659722222222233
0 0.5506655092592593 0.187818287037037 0.03258101851851851 0.039120370370370416
0 0.5337789351851852 0.19447337962962963 0.024467592592592523 0.035243055555555534
0 0.5695891203703705 0.15743634259259257 0.0281944444444445 0.039293981481481485
0 0.7816666666666666 0.3109664351851852 0.12876157407407404 0.1560185185185185
0 0.9223466435185184 0.4655960648148148 0.1553067129629632 0.3737847222222223
0 0.9470515046296295 0.3047743055555555 0.10589699074074091 0.13807870370370373
0 0.8826157407407408 0.23480902777777776 0.0645023148148148 0.08246527777777783
0 0.8360995370370372 0.24198495370370368 0.0732754629629631 0.08211805555555554
0 0.8295081018518518 0.20347222222222222 0.046828703703703664 0.059548611111111094
0 0.8348437499999999 0.15399305555555554 0.041238425925926234 0.053472222222222233
0 0.8626215277777778 0.19531249999999997 0.03348379629629648 0.04380787037037037
0 0.8558275462962964 0.18576388888888887 0.022662037037036953 0.02586805555555558
0 0.890167824074074 0.15824652777777776 0.04063657407407391 0.05034722222222219
0 0.9215277777777778 0.22245370370370368 0.05488425925925924 0.07077546296296297
0 0.9548784722222223 0.20266203703703703 0.03997685185185205 0.05457175925925932
0 0.9890827546296297 0.21108217592592587 0.02183449074074062 0.04895833333333337
0 0.9743489583333332 0.26828703703703705 0.05130208333333357 0.09803240740740744
0 0.7797743055555555 0.20251736111111107 0.03570601851851851 0.04004629629629628
0 0.7545659722222222 0.21741898148148148 0.05211805555555564 0.06406250000000002
0 0.7082696759259259 0.26004050925925926 0.08349537037037039 0.09693287037037042
0 0.6864756944444445 0.2326388888888889 0.06239583333333343 0.07152777777777777
0 0.6755324074074074 0.21440972222222218 0.04466435185185187 0.05596064814814818
0 0.6666319444444444 0.19392361111111112 0.039733796296296295 0.045659722222222233
0 0.6480613425925925 0.19612268518518516 0.02482638888888893 0.029456018518518513
0 0.6400983796296297 0.19765625 0.023263888888888928 0.028993055555555536
0 0.7233680555555555 0.19693287037037033 0.04370370370370367 0.05862268518518521
0 0.7093344907407408 0.19696180555555554 0.03318287037037031 0.04224537037037042
0 0.7904687499999999 0.18943865740740737 0.028553240740740903 0.03350694444444442
0 0.8047106481481482 0.1819155092592592 0.027291666666666714 0.03460648148148149
0 0.7681712962962963 0.18943865740740737 0.029155092592592524 0.03663194444444442