0 0.08752893518518519 0.3354166666666667 0.04756944444444442 0.07100694444444447
0 0.13347800925925926 0.3290798611111111 0.04583333333333335 0.06597222222222224
0 0.15882523148148148 0.27230902777777777 0.038136574074074045 0.06736111111111107
0 0.18810763888888887 0.3394097222222222 0.04467592592592595 0.0765625
0 0.21866319444444446 0.2466145833333333 0.04126157407407407 0.06805555555555554
0 0.24933449074074074 0.2971354166666667 0.04438657407407405 0.06875
0 0.27598379629629627 0.24704861111111112 0.03975694444444446 0.06927083333333331
0 0.06394675925925926 0.5537326388888889 0.0542824074074074 0.08489583333333321
0 0.18723958333333332 0.4046875 0.04131944444444442 0.06961805555555553
0 0.16435185185185186 0.5414930555555555 0.051273148148148186 0.08732638888888893
0 0.24620949074074075 0.5488715277777778 0.046817129629629584 0.09253472222222214
0 0.2857349537037037 0.548611111111111 0.0465856481481481 0.08628472222222214
0 0.26689814814814816 0.3877604166666667 0.049537037037037025 0.08229166666666661
0 0.303125 0.30920138888888893 0.03651620370370372 0.06545138888888893
0 0.32879050925925923 0.2647569444444445 0.03483796296296297 0.061979166666666606
0 0.35300925925925924 0.3012152777777778 0.03478009259259256 0.060416666666666605
0 0.3710069444444445 0.33828125 0.04618055555555554 0.07534722222222223
0 0.320775462962963 0.3765625 0.03987268518518512 0.0723958333333334
0 0.36973379629629627 0.2471354166666667 0.039583333333333394 0.0645833333333334
0 0.40020254629629626 0.21944444444444447 0.037962962962962976 0.0626736111111111
0 0.4532407407407407 0.3355034722222222 0.04947916666666661 0.0807291666666666
0 0.46223958333333337 0.2598958333333333 0.04768518518518512 0.07413194444444446
0 0.4844039351851852 0.16354166666666664 0.046238425925925954 0.07690972222222223
0 0.40457175925925926 0.4989583333333333 0.04473379629629637 0.078125
0 0.4367766203703704 0.48715277777777777 0.05005787037037024 0.0963541666666666
0 0.5172453703703704 0.23914930555555552 0.03802083333333321 0.06423611111111108
0 0.5473090277777778 0.18055555555555558 0.039699074074074046 0.0677083333333333
0 0.5675636574074074 0.19852430555555559 0.04120370370370381 0.06649305555555554
0 0.544675925925926 0.48177083333333337 0.05138888888888893 0.09045138888888893
0 0.5961516203703704 0.3471354166666667 0.04803240740740726 0.08350694444444447
0 0.6230613425925926 0.22725694444444447 0.043171296296296194 0.07777777777777777
0 0.6311342592592593 0.15572916666666667 0.039699074074074046 0.06770833333333334
0 0.6751736111111111 0.18003472222222222 0.03975694444444429 0.06927083333333339
0 0.6849826388888889 0.22899305555555557 0.04311342592592595 0.07621527777777777
0 0.6129629629629629 0.43715277777777783 0.05324074074074083 0.09861111111111112
0 0.7138888888888889 0.4317708333333334 0.05931712962962976 0.0953125
0 0.7493923611111111 0.20538194444444446 0.03975694444444429 0.06927083333333331
0 0.7358796296296296 0.15182291666666667 0.03645833333333322 0.06388888888888888
0 0.7614004629629629 0.153125 0.03501157407407405 0.0666666666666667
0 0.7847511574074074 0.15026041666666667 0.030208333333333216 0.0625
0 0.771701388888889 0.2515625 0.0465856481481481 0.08628472222222214
0 0.7945023148148149 0.43090277777777775 0.051446759259259164 0.09201388888888892
0 0.855931712962963 0.40407986111111116 0.05642361111111107 0.10086805555555553
0 0.8230613425925926 0.20373263888888893 0.05109953703703703 0.0826388888888889