0 0.10625 0.42109375 0.04765625 0.07265625
0 0.15390625 0.39453125 0.03203125 0.04453125
0 0.23203125 0.41015625 0.0359375 0.05703125
0 0.27265625 0.40234375 0.0296875 0.04765625
0 0.3859375 0.45546875 0.04765625 0.07890625
0 0.40625 0.40546875 0.028125 0.04765625
0 0.546875 0.43203125 0.03828125 0.06328125
0 0.52734375 0.42578125 0.01796875 0.0375
0 0.515625 0.40703125 0.0203125 0.0375
0 0.59296875 0.41015625 0.021875 0.0375
0 0.64296875 0.42734375 0.01796875 0.034375
0 0.675 0.42421875 0.01796875 0.028125
0 0.72578125 0.45546875 0.03203125 0.04765625
0 0.72578125 0.5328125 0.06015625 0.11328125
0 0.87890625 0.5140625 0.0578125 0.11328125
0 0.86796875 0.43671875 0.0203125 0.034375
0 0.91875 0.4609375 0.021875 0.04453125