0 0.0453125 0.48329861111111116 0.090625 0.1302083333333332
0 0.03065972222222223 0.6635011574074074 0.06131944444444446 0.13489583333333338
0 0.08328125 0.6380150462962962 0.09041666666666666 0.1253703703703703
0 0.1367361111111111 0.5659722222222221 0.09506944444444444 0.13247685185185176
0 0.20347222222222222 0.5725925925925927 0.09857638888888884 0.13489583333333321
0 0.12416666666666668 0.6992361111111112 0.07489583333333334 0.10362268518518522
0 0.10475694444444446 0.7547685185185186 0.06444444444444444 0.08472222222222214
0 0.1543576388888889 0.7666956018518518 0.060972222222222205 0.07648148148148141
0 0.15791666666666665 0.7009837962962963 0.08309027777777778 0.10732638888888886
0 0.22515625 0.6919039351851852 0.07916666666666669 0.1091666666666665
0 0.23362847222222222 0.7459085648148148 0.06798611111111112 0.0813194444444445
0 0.24156249999999999 0.7714236111111111 0.05975694444444448 0.08343750000000014
0 0.2803125 0.759537037037037 0.07645833333333334 0.10405092592592595
0 0.26447916666666665 0.6776736111111111 0.08968749999999996 0.11642361111111121
0 0.27234375 0.5397858796296295 0.09468750000000004 0.13091435185185177
0 0.32505208333333335 0.7742997685185186 0.08232638888888885 0.10420138888888886
0 0.3620486111111111 0.8002777777777779 0.07607638888888886 0.10248842592592596
0 0.39249999999999996 0.8052893518518518 0.06479166666666672 0.0921064814814816
0 0.42767361111111113 0.8182638888888889 0.06951388888888896 0.0875694444444445
0 0.43901041666666674 0.7480150462962963 0.07565972222222221 0.10674768518518522
0 0.41487847222222224 0.6830497685185185 0.0749305555555555 0.09780092592592596
0 0.4252083333333333 0.6066898148148148 0.08847222222222229 0.12337962962962959
0 0.36713541666666666 0.5782696759259259 0.0807291666666667 0.1095949074074074
0 0.4686284722222222 0.6677719907407408 0.09201388888888892 0.11997685185185177
0 0.48767361111111107 0.7296759259259259 0.08152777777777764 0.10689814814814813
0 0.47079861111111115 0.7850694444444444 0.0563194444444445 0.06937499999999996
0 0.5183159722222221 0.7714178240740741 0.07062500000000008 0.09807870370370378
0 0.5418923611111112 0.7670428240740741 0.07527777777777764 0.10518518518518505
0 0.5686284722222222 0.8077141203703704 0.06597222222222214 0.09097222222222215
0 0.5959722222222222 0.7401851851851852 0.08225694444444435 0.11584490740740741
0 0.6210416666666667 0.7603935185185184 0.08072916666666678 0.1095949074074074
0 0.630625 0.8030324074074073 0.06715277777777792 0.08983796296296295
0 0.6877083333333334 0.7161458333333334 0.09006944444444435 0.11798611111111121
0 0.6998958333333334 0.7720023148148147 0.08309027777777782 0.10732638888888886
0 0.7714062500000001 0.7215798611111112 0.09319444444444436 0.11884259259259267
0 0.5716319444444444 0.5226157407407407 0.08458333333333332 0.11939814814814813
0 0.61828125 0.5295659722222222 0.07836805555555557 0.11186342592592595
0 0.6952083333333332 0.5831597222222222 0.08965277777777772 0.12224537037037049