0 0.07734375 0.45625 0.0578125 0.08125
0 0.15546875 0.434375 0.05 0.065625
0 0.1953125 0.51796875 0.08671875 0.1
0 0.22578125 0.4140625 0.04453125 0.0609375
0 0.28125 0.4078125 0.04140625 0.06171875
0 0.30078125 0.51640625 0.0765625 0.1078125
0 0.36953125 0.425 0.05390625 0.075
0 0.39296875 0.4140625 0.0453125 0.06171875
0 0.45390625 0.40234375 0.0359375 0.046875
0 0.4625 0.30703125 0.02421875 0.0328125
0 0.50234375 0.42109375 0.0453125 0.05546875
0 0.49375 0.4609375 0.0578125 0.07734375
0 0.51640625 0.384375 0.03046875 0.04453125
0 0.53671875 0.375 0.02890625 0.04296875
0 0.4328125 0.671875 0.1453125 0.240625
0 0.5859375 0.55078125 0.0875 0.13046875
0 0.58984375 0.45625 0.053125 0.065625
0 0.609375 0.37890625 0.0375 0.04296875
0 0.69296875 0.3875 0.0390625 0.065625
0 0.6953125 0.44453125 0.05390625 0.075
0 0.7546875 0.475 0.06328125 0.0890625
0 0.90859375 0.78984375 0.165625 0.25859375
0 0.87265625 0.39765625 0.03671875 0.05078125
0 0.8921875 0.37109375 0.0375 0.04296875
0 0.91484375 0.4109375 0.04453125 0.053125
0 0.94609375 0.3921875 0.0359375 0.05234375
0 0.978125 0.4109375 0.0421875 0.065625