0 0.0578125 0.6546875 0.078125 0.221875
0 0.03359375 0.7640625 0.06640625 0.31328125
0 0.115625 0.515625 0.03828125 0.1109375
0 0.03671875 0.46796875 0.03984375 0.103125
0 0.07421875 0.4859375 0.03203125 0.08359375
0 0.34921875 0.4546875 0.03828125 0.09140625
0 0.36796875 0.471875 0.0296875 0.103125
0 0.38828125 0.5 0.03359375 0.0796875
0 0.4234375 0.51953125 0.046875 0.11875
0 0.465625 0.5453125 0.0546875 0.12265625
0 0.45546875 0.45078125 0.03203125 0.07578125
0 0.5296875 0.2796875 0.0296875 0.08359375
0 0.50859375 0.48984375 0.03359375 0.09140625
0 0.5734375 0.56171875 0.05703125 0.146875
0 0.52734375 0.596875 0.0453125 0.13125
0 0.60859375 0.53984375 0.04296875 0.103125
0 0.5546875 0.478125 0.0265625 0.08359375
0 0.6078125 0.48046875 0.03515625 0.06328125
0 0.62421875 0.45234375 0.025 0.0796875
0 0.696875 0.565625 0.05703125 0.1546875
0 0.65546875 0.51015625 0.028125 0.09921875
0 0.73671875 0.54140625 0.04296875 0.1390625
0 0.77890625 0.53984375 0.04140625 0.11875
0 0.78671875 0.74375 0.1203125 0.2421875
0 0.7578125 0.6828125 0.071875 0.1828125
0 0.8453125 0.603125 0.053125 0.15859375
0 0.8515625 0.45625 0.03671875 0.103125
0 0.9234375 0.48828125 0.03359375 0.0875
0 0.9046875 0.50390625 0.0265625 0.0875
0 0.96953125 0.63125 0.0546875 0.13515625
0 0.95546875 0.52578125 0.0484375 0.11484375