0 0.6570370370370371 0.8125520833333333 0.34625000000000006 0.37489583333333343
0 0.8177314814814816 0.7514872685185185 0.17138888888888887 0.34304398148148146
0 0.7673900462962964 0.5180208333333333 0.09311342592592595 0.10212962962962954
0 0.7854282407407407 0.43133101851851857 0.05913194444444443 0.06598379629629636
0 0.7198668981481482 0.4832523148148148 0.08293981481481474 0.10673611111111114
0 0.6419907407407408 0.5147453703703704 0.11924768518518522 0.14758101851851854
0 0.6470717592592592 0.44516782407407407 0.08791666666666664 0.09896990740740748
0 0.5588483796296296 0.5305555555555556 0.1252083333333333 0.15542824074074063
0 0.5605555555555556 0.42888310185185186 0.07465277777777786 0.09418981481481481
0 0.47530671296296295 0.4384201388888889 0.06403935185185183 0.0769444444444444
0 0.4070891203703704 0.5114409722222222 0.14901620370370378 0.19618055555555572
0 0.3279456018518519 0.5171122685185185 0.10311342592592591 0.14434027777777772
0 0.33077546296296295 0.4373495370370371 0.06560185185185183 0.07695601851851852
0 0.3476967592592593 0.4007118055555555 0.05731481481481478 0.06440972222222219
0 0.27944444444444444 0.4643460648148148 0.07414351851851855 0.0910648148148148
0 0.28383101851851855 0.4182291666666667 0.07494212962962958 0.08638888888888889
0 0.1954050925925926 0.4136631944444445 0.06712962962962962 0.08633101851851847
0 0.14975115740740744 0.3914236111111111 0.06505787037037036 0.08319444444444439
0 0.1456828703703704 0.4883854166666667 0.11204861111111111 0.12255787037037039
0 0.043125000000000004 0.45785879629629633 0.08625000000000001 0.11309027777777772
0 0.013258101851851856 0.42851851851851847 0.026516203703703712 0.10832175925925927
0 0.0013136574074074092 0.39558449074074076 0.0026273148148148184 0.07535879629629631