0 0.06015625 0.66640625 0.08828125 0.1203125
0 0.06015625 0.8140625 0.1 0.1625
0 0.16796875 0.65 0.06015625 0.08671875
0 0.23828125 0.71171875 0.08828125 0.12578125
0 0.26171875 0.86640625 0.17578125 0.2609375
0 0.3640625 0.79140625 0.1078125 0.2015625
0 0.434375 0.71171875 0.07578125 0.1203125
0 0.44375 0.63984375 0.03984375 0.071875
0 0.403125 0.646875 0.04609375 0.08125
0 0.3546875 0.66796875 0.06171875 0.08671875
0 0.29296875 0.63359375 0.05 0.071875
0 0.26171875 0.6171875 0.03984375 0.06328125
0 0.32734375 0.63359375 0.0421875 0.06015625
0 0.515625 0.66328125 0.05625 0.084375
0 0.525 0.63359375 0.05390625 0.078125
0 0.58203125 0.646875 0.04765625 0.06328125
0 0.421875 0.46875 0.0359375 0.06640625
0 0.8359375 0.63515625 0.05625 0.08125
0 0.87734375 0.63671875 0.0421875 0.071875
0 0.93828125 0.71171875 0.071875 0.10234375
0 0.975 0.6125 0.04609375 0.078125