0 0.027445023148148152 0.4546875 0.054890046296296305 0.08527777777777779
0 0.04516782407407408 0.4696701388888889 0.0748263888888889 0.07590277777777779
0 0.06267361111111111 0.4941319444444444 0.07679398148148149 0.07774305555555543
0 0.34152199074074074 0.32979166666666665 0.22019675925925936 0.22843750000000007
0 0.2339699074074074 0.42269097222222224 0.152025462962963 0.15520833333333325
0 0.26168981481481485 0.4796180555555556 0.1145833333333333 0.11427083333333332
0 0.16791087962962964 0.4992708333333334 0.0822916666666667 0.08170138888888889
0 0.3347800925925926 0.5627604166666667 0.06892361111111116 0.0703819444444445
0 0.3792824074074074 0.5377083333333333 0.09496527777777777 0.10184027777777782
0 0.4168981481481482 0.5392187500000001 0.10196759259259255 0.10010416666666658
0 0.4375868055555555 0.49678819444444444 0.09612268518518516 0.10055555555555565
0 0.4795138888888889 0.4960416666666667 0.11979166666666678 0.12861111111111115
0 0.5311631944444445 0.47791666666666666 0.15324074074074084 0.15989583333333326
0 0.6169560185185186 0.33671875 0.2862268518518519 0.2819097222222222
0 0.646267361111111 0.4105034722222222 0.21030092592592595 0.21326388888888897