0 0.08359375 0.6578125 0.08046875 0.1109375
0 0.08125 0.51796875 0.03515625 0.04296875
0 0.15390625 0.50234375 0.03046875 0.03828125
0 0.17578125 0.478125 0.02265625 0.03671875
0 0.25859375 0.50234375 0.025 0.03828125
0 0.29453125 0.48828125 0.02265625 0.03125
0 0.2328125 0.5890625 0.059375 0.07734375
0 0.3875 0.49296875 0.02265625 0.03828125
0 0.41953125 0.4828125 0.028125 0.0296875
0 0.40234375 0.54140625 0.0375 0.0578125
0 0.446875 0.52734375 0.02734375 0.04609375
0 0.52109375 0.4828125 0.021875 0.03125
0 0.50625 0.5 0.0328125 0.03984375
0 0.83828125 0.421875 0.07421875 0.09375