0 0.8365914351851853 0.46409722222222227 0.03623842592592581 0.058541666666666714
0 0.7626967592592593 0.4679166666666667 0.03043981481481488 0.03968750000000014
0 0.7056134259259259 0.4526041666666667 0.03228009259259253 0.04440972222222221
0 0.6566261574074075 0.4554166666666667 0.0343055555555555 0.05225694444444429
0 0.5987268518518519 0.4658333333333333 0.035960648148148165 0.05385416666666672
0 0.5430787037037037 0.4747395833333333 0.03246527777777786 0.047534722222222214
0 0.4957465277777778 0.47914930555555557 0.032187500000000036 0.04284722222222222
0 0.4490104166666667 0.4804513888888889 0.03623842592592581 0.058541666666666714
0 0.4013541666666667 0.47939236111111116 0.03402777777777768 0.04756944444444446
0 0.3515856481481482 0.48218750000000005 0.03402777777777786 0.04756944444444429
0 0.2937326388888889 0.49338541666666663 0.0405555555555555 0.05239583333333329
0 0.25214699074074076 0.5026041666666666 0.0358680555555555 0.052291666666666715
0 0.1983275462962963 0.4897048611111111 0.03384259259259261 0.04444444444444447