0 0.15703125 0.3765625 0.065625 0.1203125
0 0.178125 0.228125 0.04375 0.08359375
0 0.1296875 0.1234375 0.03203125 0.06640625
0 0.0171875 0.1265625 0.034375 0.0734375
0 0.2453125 0.125 0.034375 0.0765625
0 0.3109375 0.203125 0.0421875 0.0734375
0 0.3390625 0.11796875 0.03828125 0.0703125
0 0.34765625 0.36640625 0.04375 0.09296875
0 0.50625 0.36328125 0.04765625 0.08671875
0 0.425 0.21796875 0.02578125 0.06328125
0 0.4390625 0.13828125 0.0296875 0.0765625
0 0.53125 0.146875 0.034375 0.06640625
0 0.5609375 0.11484375 0.02578125 0.05703125
0 0.54296875 0.21796875 0.034375 0.0703125
0 0.62421875 0.13828125 0.03203125 0.06328125
0 0.67265625 0.33828125 0.05 0.08984375
0 0.4671875 0.58515625 0.15 0.296875
0 0.78125 0.228125 0.03828125 0.08359375
0 0.8359375 0.13671875 0.0359375 0.06640625
0 0.92109375 0.23984375 0.0421875 0.0796875
0 0.9328125 0.14296875 0.034375 0.06015625
0 0.8421875 0.3796875 0.05234375 0.10703125