0 0.07890625 0.46484375 0.07890625 0.11328125
0 0.13046875 0.4234375 0.053125 0.07890625
0 0.24453125 0.35546875 0.04140625 0.0609375
0 0.32734375 0.3671875 0.02578125 0.03984375
0 0.28671875 0.54765625 0.10625 0.15390625
0 0.4 0.503125 0.075 0.13515625
0 0.29140625 0.45625 0.0640625 0.08125
0 0.4328125 0.4015625 0.03515625 0.06484375
0 0.49140625 0.38828125 0.034375 0.05390625
0 0.553125 0.42734375 0.04453125 0.06796875
0 0.57578125 0.38671875 0.02890625 0.053125
0 0.62734375 0.41640625 0.0390625 0.05703125
0 0.72890625 0.45546875 0.0546875 0.06953125
0 0.83046875 0.43203125 0.046875 0.071875
0 0.88671875 0.4453125 0.03515625 0.0578125
0 0.8890625 0.421875 0.03671875 0.0578125