0 0.1265625 0.275 0.0234375 0.0546875
0 0.15 0.32265625 0.02578125 0.0625
0 0.17109375 0.3640625 0.03359375 0.0734375
0 0.190625 0.40859375 0.03984375 0.08203125
0 0.2421875 0.46328125 0.05703125 0.109375
0 0.3046875 0.5828125 0.05546875 0.13046875
0 0.3625 0.69453125 0.05390625 0.10390625
0 0.4859375 0.6359375 0.06484375 0.11171875
0 0.3765625 0.5421875 0.04296875 0.0984375
0 0.334375 0.43046875 0.05078125 0.10390625
0 0.2921875 0.39921875 0.03671875 0.084375
0 0.2609375 0.3515625 0.03203125 0.07109375
0 0.221875 0.31640625 0.03671875 0.065625
0 0.190625 0.26328125 0.03359375 0.05703125
0 0.23359375 0.25625 0.01875 0.04921875
0 0.25625 0.278125 0.0234375 0.04921875
0 0.29140625 0.23671875 0.0234375 0.04921875
0 0.32890625 0.26171875 0.025 0.0546875
0 0.3125 0.31171875 0.02734375 0.0734375
0 0.353125 0.340625 0.03203125 0.06015625
0 0.375 0.27890625 0.02890625 0.05703125
0 0.384375 0.40078125 0.03359375 0.0765625
0 0.4265625 0.42265625 0.03828125 0.0875
0 0.4140625 0.3390625 0.025 0.0625
0 0.4640625 0.3515625 0.03203125 0.07109375
0 0.51328125 0.41171875 0.03515625 0.07109375
0 0.51953125 0.5296875 0.04140625 0.10078125
0 0.58515625 0.4765625 0.03828125 0.0875
0 0.409375 0.19765625 0.025 0.05703125
0 0.4609375 0.2359375 0.02578125 0.0515625
0 0.51328125 0.20859375 0.0203125 0.040625
0 0.51953125 0.2421875 0.0234375 0.04375
0 0.50859375 0.278125 0.02578125 0.04921875
0 0.5609375 0.30390625 0.0234375 0.06796875
0 0.5625 0.25859375 0.0203125 0.04375
0 0.5578125 0.2109375 0.0234375 0.04609375
0 0.603125 0.23671875 0.025 0.04921875
0 0.61015625 0.26953125 0.0203125 0.04375
0 0.60546875 0.32265625 0.02890625 0.0625
0 0.6609375 0.30546875 0.02578125 0.0546875
0 0.65703125 0.27421875 0.01875 0.040625
0 0.65234375 0.24375 0.01875 0.040625
0 0.69609375 0.275 0.0234375 0.0546875
0 0.72265625 0.31171875 0.03203125 0.06796875
0 0.76484375 0.296875 0.025 0.0546875
0 0.75078125 0.36640625 0.025 0.0625
0 0.79140625 0.35546875 0.0234375 0.05703125
0 0.840625 0.3171875 0.02578125 0.0734375
0 0.6984375 0.371875 0.03046875 0.06796875
0 0.76171875 0.43203125 0.03671875 0.084375
0 0.8234375 0.4046875 0.03984375 0.08984375
0 0.88203125 0.38828125 0.02890625 0.084375
0 0.91328125 0.371875 0.0234375 0.06796875
0 0.8859375 0.48515625 0.04921875 0.109375
0 0.93046875 0.45078125 0.03671875 0.08984375
0 0.98359375 0.446875 0.02890625 0.08203125
0 0.64765625 0.6046875 0.04921875 0.125
0 0.68984375 0.56015625 0.04453125 0.12265625