0 0.9423379629629629 0.48567708333333337 0.11532407407407419 0.16260416666666658
0 0.9617708333333332 0.2683854166666667 0.05175925925925924 0.06864583333333334
0 0.9078645833333333 0.2827604166666667 0.061134259259259235 0.07114583333333338
0 0.8975810185185186 0.3701041666666667 0.08343750000000014 0.10229166666666671
0 0.8465914351851851 0.28020833333333334 0.044664351851852045 0.054895833333333324
0 0.7890451388888888 0.2799479166666667 0.04743055555555546 0.061562499999999964
0 0.7459490740740741 0.37604166666666666 0.05674768518518505 0.07145833333333326
0 0.7685416666666667 0.4677604166666667 0.10814814814814824 0.14593749999999997
0 0.7093055555555556 0.33078125 0.05115740740740744 0.06552083333333333
0 0.6725752314814815 0.2978645833333333 0.04616898148148145 0.06270833333333332
0 0.6359895833333333 0.3552604166666667 0.05896990740740726 0.06760416666666665
0 0.6346527777777778 0.41229166666666667 0.057048611111111217 0.07302083333333335
0 0.5479050925925926 0.32864583333333336 0.040578703703703665 0.056770833333333305
0 0.5238541666666666 0.3999479166666667 0.06318287037037038 0.08947916666666673
0 0.4622800925925926 0.3958333333333333 0.05638888888888882 0.07729166666666672
0 0.4601736111111111 0.49578124999999995 0.09666666666666668 0.13249999999999992
0 0.3483159722222222 0.4566145833333334 0.08554398148148153 0.11322916666666671
0 0.23367476851851848 0.45843749999999994 0.0747222222222222 0.0955208333333335