0 0.9544791666666667 0.7237326388888888 0.09104166666666665 0.13034722222222223
0 0.8661111111111112 0.5549479166666667 0.035381944444444355 0.0483680555555555
0 0.8417708333333334 0.5473263888888888 0.043333333333333356 0.055312499999999966
0 0.8708680555555557 0.5234027777777778 0.046527777777777855 0.05871527777777778
0 0.8334722222222222 0.48967013888888894 0.0530555555555555 0.07177083333333342
0 0.7684722222222222 0.476875 0.06743055555555558 0.08708333333333336
0 0.725 0.4854861111111111 0.05635416666666675 0.07986111111111108
0 0.701579861111111 0.4841840277777777 0.04184027777777786 0.05829861111111114
0 0.6951041666666666 0.43838541666666664 0.06440972222222215 0.09149305555555554
0 0.6379340277777777 0.46215277777777775 0.04503472222222218 0.061701388888888965
0 0.6097569444444444 0.4573090277777778 0.041874999999999926 0.05986111111111114
0 0.5786111111111112 0.38904513888888886 0.064201388888889 0.08211805555555554
0 0.5290972222222223 0.4064756944444444 0.052986111111111 0.06864583333333325
0 0.4729340277777778 0.33520833333333333 0.09486111111111128 0.1285069444444445
0 0.42401041666666667 0.3792013888888889 0.05472222222222225 0.07659722222222225
0 0.37574652777777773 0.20727430555555557 0.1078125 0.1499305555555555
0 0.323125 0.2602951388888889 0.08204861111111103 0.11333333333333329
0 0.15958333333333335 0.19897569444444443 0.0917013888888889 0.12666666666666665
0 0.11434027777777778 0.19807291666666665 0.06291666666666669 0.09447916666666667
0 0.46590277777777783 0.3696701388888889 0.061145833333333496 0.08496527777777771