0 0.1390625 0.8375 0.08125 0.12578125
0 0.2578125 0.5984375 0.0546875 0.09296875
0 0.28046875 0.53828125 0.04140625 0.075
0 0.4046875 0.65078125 0.05703125 0.0890625
0 0.02109375 0.53984375 0.0421875 0.0578125
0 0.0796875 0.421875 0.03046875 0.0484375
0 0.071875 0.38515625 0.0265625 0.040625
0 0.115625 0.45625 0.03984375 0.0609375
0 0.01171875 0.41796875 0.02265625 0.053125
0 0.11171875 0.36015625 0.0296875 0.046875
0 0.13828125 0.37421875 0.03203125 0.04296875
0 0.1640625 0.41796875 0.03203125 0.04453125
0 0.21171875 0.38359375 0.03046875 0.040625
0 0.23828125 0.36484375 0.025 0.04453125
0 0.20234375 0.3375 0.02265625 0.03828125
0 0.1796875 0.3546875 0.02265625 0.028125
0 0.175 0.32421875 0.02421875 0.0328125
0 0.15078125 0.34140625 0.02109375 0.034375
0 0.23515625 0.32734375 0.0203125 0.03828125
0 0.2578125 0.34453125 0.02265625 0.03671875
0 0.25859375 0.31953125 0.01875 0.03046875
0 0.24296875 0.2984375 0.02109375 0.0328125
0 0.284375 0.32421875 0.01875 0.0328125
0 0.303125 0.31328125 0.0203125 0.03046875
0 0.33359375 0.4859375 0.04296875 0.05859375
0 0.3734375 0.4125 0.034375 0.05078125
0 0.3875 0.39453125 0.03046875 0.04296875
0 0.40078125 0.3515625 0.0203125 0.034375
0 0.415625 0.3375 0.0171875 0.03046875
0 0.4109375 0.32578125 0.01328125 0.02265625
0 0.421875 0.31015625 0.0171875 0.028125
0 0.44921875 0.29375 0.02421875 0.028125
0 0.49609375 0.29140625 0.01875 0.034375
0 0.4359375 0.46953125 0.0375 0.05859375
0 0.4640625 0.39765625 0.0265625 0.03671875
0 0.4703125 0.371875 0.02421875 0.03046875
0 0.45703125 0.36328125 0.015625 0.02421875
0 0.46953125 0.3515625 0.015625 0.0265625
0 0.478125 0.3265625 0.0203125 0.03671875
0 0.475 0.30390625 0.01484375 0.02421875
0 0.5140625 0.31015625 0.0203125 0.02421875
0 0.5125 0.3296875 0.0203125 0.02265625
0 0.515625 0.35625 0.02421875 0.034375
0 0.53359375 0.340625 0.01875 0.0328125
0 0.53046875 0.39765625 0.0265625 0.040625
0 0.546875 0.415625 0.0375 0.0609375
0 0.5171875 0.46328125 0.03984375 0.05859375
0 0.525 0.5265625 0.03984375 0.0546875
0 0.54609375 0.66328125 0.0546875 0.0890625
0 0.53125 0.75625 0.07890625 0.1015625
0 0.90703125 0.615625 0.05625 0.07890625
0 0.84765625 0.55078125 0.04765625 0.07109375
0 0.775 0.44609375 0.03359375 0.053125
0 0.76171875 0.42421875 0.0265625 0.053125
0 0.83828125 0.42265625 0.034375 0.05859375
0 0.90078125 0.47265625 0.03828125 0.0609375
0 0.95625 0.5296875 0.04765625 0.08125
0 0.9796875 0.4625 0.0375 0.06484375
0 0.7734375 0.346875 0.02109375 0.03671875
0 0.76640625 0.3265625 0.02109375 0.040625
0 0.7203125 0.35 0.02421875 0.03828125
0 0.728125 0.31328125 0.02109375 0.03046875
0 0.70625 0.31953125 0.0203125 0.03046875
0 0.66953125 0.34375 0.02109375 0.034375
0 0.68515625 0.31171875 0.01875 0.0265625
0 0.65234375 0.3203125 0.015625 0.0328125
0 0.640625 0.31328125 0.0203125 0.03046875