0 0.027965856481481487 0.685931712962963 0.055931712962962975 0.10150462962962958
0 0.04808449074074075 0.7196469907407408 0.074375 0.09979166666666668
0 0.10048032407407408 0.6297743055555556 0.09927083333333334 0.11984953703703702
0 0.061828703703703705 0.44689814814814816 0.12365740740740741 0.2197916666666666
0 0.1340451388888889 0.696880787037037 0.08699074074074077 0.11060185185185194
0 0.14942129629629633 0.7523842592592592 0.07079861111111115 0.08998842592592596
0 0.20832175925925928 0.7131018518518518 0.06565972222222224 0.0797569444444445
0 0.22946180555555556 0.7379224537037038 0.05717592592592595 0.07449074074074069
0 0.18377314814814816 0.5847685185185185 0.11245370370370375 0.14699074074074084
0 0.2153935185185185 0.6339699074074074 0.0926851851851852 0.11657407407407412
0 0.3205613425925926 0.5949594907407407 0.10496527777777782 0.12582175925925937
0 0.2890972222222222 0.6798148148148149 0.0726967592592592 0.09197916666666668
0 0.2974421296296296 0.7333912037037036 0.05929398148148142 0.07065972222222214
0 0.3376793981481482 0.7386284722222223 0.05081018518518521 0.06539351851851852
0 0.3501967592592593 0.7073148148148147 0.06354166666666669 0.08358796296296304
0 0.3943576388888889 0.6788831018518519 0.0764930555555555 0.09596064814814813
0 0.3789236111111111 0.7391782407407408 0.04924768518518512 0.06496527777777779
0 0.39197916666666666 0.7477199074074073 0.05840277777777771 0.07335648148148159
0 0.44763310185185184 0.7274016203703704 0.055613425925925955 0.07406250000000014
0 0.46549768518518525 0.7174074074074074 0.048576388888889 0.061840277777777786
0 0.46668981481481475 0.6771990740740741 0.07046296296296291 0.08842592592592595
0 0.47857060185185185 0.5795312499999999 0.10351851851851848 0.13277777777777794
0 0.35672453703703705 0.4882291666666667 0.14282407407407405 0.1788425925925925
0 0.5054398148148149 0.6431481481481482 0.06633101851851855 0.0828819444444445
0 0.5169039351851852 0.7091608796296296 0.06287037037037031 0.08046296296296288
0 0.5632928240740741 0.6896122685185185 0.05717592592592595 0.07449074074074069
0 0.5779282407407408 0.6638425925925926 0.0642129629629629 0.08671296296296305
0 0.5960532407407408 0.6911458333333333 0.06354166666666679 0.08358796296296304
0 0.6188773148148148 0.5848958333333334 0.09246527777777783 0.12239583333333322
0 0.6623321759259259 0.629068287037037 0.08699074074074069 0.11060185185185176
0 0.6501967592592592 0.6778587962962963 0.07906249999999986 0.10107638888888885
0 0.6984722222222223 0.6803356481481482 0.06253472222222226 0.07890046296296305
0 0.7532928240740742 0.65234375 0.06577546296296291 0.0871412037037036
0 0.7934201388888888 0.6542418981481481 0.0642129629629629 0.08671296296296287
0 0.8345428240740741 0.8979687500000001 0.08589120370370366 0.13971064814814796