0 0.02890625 0.61171875 0.0578125 0.096875
0 0.0625 0.48984375 0.0453125 0.06640625
0 0.0234375 0.46328125 0.0375 0.053125
0 0.10625 0.45859375 0.0375 0.05
0 0.1265625 0.503125 0.04765625 0.0734375
0 0.19375 0.475 0.0375 0.05
0 0.22890625 0.51484375 0.04765625 0.0703125
0 0.29609375 0.44296875 0.0375 0.053125
0 0.36015625 0.4296875 0.03984375 0.06015625
0 0.27734375 0.40859375 0.025 0.03671875
0 0.43515625 0.43203125 0.025 0.0296875
0 0.45390625 0.425 0.02265625 0.03671875
0 0.4703125 0.41796875 0.0203125 0.0296875
0 0.425 0.41015625 0.025 0.03359375
0 0.38125 0.4046875 0.02734375 0.0296875
0 0.49765625 0.39296875 0.0296875 0.046875
0 0.43515625 0.58828125 0.06015625 0.103125
0 0.50234375 0.55703125 0.0453125 0.0796875
0 0.56484375 0.51171875 0.0453125 0.06328125
0 0.6140625 0.56484375 0.05234375 0.0765625
0 0.57734375 0.4734375 0.03984375 0.046875
0 0.6015625 0.453125 0.0328125 0.046875
0 0.61875 0.428125 0.02265625 0.0296875
0 0.65625 0.4515625 0.02734375 0.04296875
0 0.66875 0.4765625 0.0328125 0.046875
0 0.6703125 0.43828125 0.0203125 0.03671875
0 0.65625 0.421875 0.02265625 0.0296875
0 0.69375 0.46484375 0.0328125 0.05
0 0.7125 0.48203125 0.03515625 0.05
0 0.71875 0.51796875 0.0375 0.05
0 0.7453125 0.58203125 0.05 0.0765625
0 0.8203125 0.5453125 0.05 0.0765625
0 0.78359375 0.49140625 0.0328125 0.05
0 0.75859375 0.446875 0.02734375 0.046875
0 0.80234375 0.4703125 0.025 0.046875
0 0.8140625 0.43359375 0.02265625 0.03359375
0 0.83515625 0.453125 0.0203125 0.03359375
0 0.86484375 0.46796875 0.0296875 0.04296875
0 0.87265625 0.48984375 0.03515625 0.053125
0 0.9421875 0.54296875 0.05 0.0734375
0 0.98359375 0.621875 0.02734375 0.0765625
0 0.9359375 0.78203125 0.0921875 0.13671875
0 0.7265625 0.7265625 0.0671875 0.1203125