0 0.1890625 0.5890625 0.1953125 0.32421875
0 0.078125 0.5046875 0.1140625 0.16171875
0 0.309375 0.50625 0.04140625 0.071875
0 0.2625 0.51875 0.03125 0.078125
0 0.015625 0.484375 0.03125 0.084375
0 0.40625 0.5125 0.07890625 0.12734375
0 0.49453125 0.521875 0.04765625 0.090625
0 0.5375 0.5171875 0.0328125 0.0625
0 0.54765625 0.4953125 0.025 0.05625
0 0.45859375 0.509375 0.025 0.053125
0 0.665625 0.5296875 0.09921875 0.15546875
0 0.7375 0.51875 0.03515625 0.071875
0 0.77265625 0.525 0.04765625 0.078125
0 0.86796875 0.525 0.03125 0.065625
0 0.915625 0.528125 0.0765625 0.13359375
0 0.97734375 0.5390625 0.04140625 0.0875
0 0.84453125 0.5109375 0.02890625 0.05