0 0.06536458333333334 0.46484375 0.08791666666666667 0.1203125
0 0.13802083333333334 0.453125 0.06552083333333333 0.08125
0 0.10718750000000002 0.496875 0.04458333333333333 0.053125
0 0.12958333333333333 0.51640625 0.03458333333333332 0.0484375
0 0.09598958333333332 0.528125 0.025624999999999988 0.028125
0 0.11609375000000002 0.5296875 0.023125000000000017 0.0328125
0 0.15526041666666668 0.52890625 0.026250000000000016 0.0328125
0 0.20010416666666667 0.5265625 0.02645833333333334 0.034375
0 0.2380208333333333 0.51171875 0.03260416666666668 0.0453125
0 0.24156250000000004 0.46171875 0.06291666666666665 0.0734375
0 0.2869791666666667 0.4609375 0.08947916666666664 0.1203125
0 0.2621354166666666 0.5359375 0.02624999999999993 0.0328125
0 0.28041666666666665 0.521875 0.019791666666666697 0.03125
0 0.29765625 0.52734375 0.019374999999999965 0.028125
0 0.30473958333333334 0.5328125 0.01895833333333332 0.025
0 0.32494791666666667 0.4984375 0.03260416666666668 0.0453125
0 0.3491666666666667 0.521875 0.023125000000000017 0.0328125
0 0.3625520833333334 0.5328125 0.019374999999999965 0.028125
0 0.3830208333333333 0.52578125 0.02375000000000007 0.0375
0 0.40822916666666664 0.4890625 0.041458333333333285 0.053125
0 0.43630208333333337 0.4484375 0.06739583333333332 0.0953125
0 0.42036458333333326 0.52109375 0.026458333333333427 0.034375
0 0.43531250000000005 0.53203125 0.01750000000000007 0.0375
0 0.4580208333333333 0.5140625 0.028854166666666715 0.040625
0 0.4877083333333333 0.4671875 0.04770833333333328 0.0765625
0 0.5115624999999999 0.5109375 0.0408333333333335 0.0484375
0 0.49786458333333333 0.52578125 0.02312499999999993 0.0328125
0 0.5703125 0.515625 0.031458333333333324 0.0484375
0 0.6286979166666666 0.48203125 0.06791666666666671 0.0875
0 0.7094791666666667 0.51484375 0.03770833333333332 0.0484375
0 0.78890625 0.5109375 0.048958333333333395 0.0625
0 0.8229166666666667 0.44921875 0.06062500000000019 0.0796875
0 0.8922395833333333 0.47421875 0.05 0.0703125
0 0.9116145833333335 0.48125 0.043333333333333 0.0671875