0 0.08365162037037037 0.2479513888888889 0.16730324074074074 0.2697222222222222
0 0.22405671296296298 0.31171875 0.3176273148148148 0.4487500000000001
0 0.32416087962962964 0.15559027777777779 0.18649305555555556 0.2627083333333333
0 0.6242708333333333 0.12578993055555557 0.3020833333333332 0.25157986111111114
0 0.7790972222222223 0.002170138888888895 0.15743055555555543 0.00434027777777779
0 0.4266724537037037 0.009479166666666667 0.08873842592592585 0.018958333333333334
0 0.3396875 0.07288194444444444 0.12074074074074073 0.1457638888888889
0 0.2951331018518519 0.03959201388888889 0.0853356481481482 0.07918402777777778
0 0.2614988425925926 0.02703125 0.058206018518518476 0.0540625
0 0.31799189814814816 0.0024826388888888884 0.05296296296296301 0.004965277777777777
0 0.13421296296296298 0.12579861111111112 0.09848379629629629 0.1287847222222222