0 0.02172743055555556 0.8023148148148149 0.04345486111111112 0.13708333333333336
0 0.000622106481481477 0.7588252314814815 0.001244212962962954 0.10652777777777764
0 0.03192418981481482 0.7125752314814815 0.06384837962962964 0.08744212962962976
0 0.07469328703703702 0.5799652777777778 0.07045138888888888 0.07547453703703688
0 0.07277199074074074 0.7910416666666666 0.12552083333333336 0.15739583333333335
0 0.14192708333333334 0.8593055555555555 0.20950231481481482 0.26388888888888895
0 0.08655671296296295 0.711087962962963 0.060416666666666674 0.07829861111111107
0 0.13844328703703704 0.7433275462962963 0.07099537037037038 0.08614583333333332
0 0.19177662037037038 0.759675925925926 0.081875 0.09555555555555557
0 0.24781828703703704 0.7619618055555556 0.09762731481481479 0.12241898148148138
0 0.3891261574074074 0.9049160879629629 0.18785879629629632 0.19016782407407434
0 0.3799363425925926 0.7965740740740741 0.11253472222222224 0.1370486111111111
0 0.5024594907407407 0.7553182870370371 0.11728009259259267 0.13030092592592588
0 0.5882581018518518 0.8377141203703703 0.14481481481481495 0.1712615740740741
0 0.5942939814814815 0.7435300925925926 0.09420138888888889 0.1203240740740739
0 0.6379224537037038 0.7558043981481481 0.10820601851851848 0.13026620370370362
0 0.7574942129629629 0.7382523148148149 0.11752314814814824 0.13940972222222214