0 0.8367592592592592 0.7025 0.22341435185185182 0.3858680555555555
0 0.8352893518518518 0.970529513888889 0.11885416666666657 0.058940972222222145
0 0.6450925925925926 0.9430121527777778 0.09848379629629633 0.11397569444444429
0 0.5690451388888889 0.7736979166666667 0.15518518518518504 0.29795138888888884
0 0.5886400462962962 0.977873263888889 0.05902777777777786 0.044253472222222
0 0.525150462962963 0.9874218750000001 0.056921296296296296 0.02515624999999986
0 0.48132523148148143 0.9259635416666667 0.0857060185185187 0.14807291666666664
0 0.3313715277777778 0.8641840277777778 0.0731481481481481 0.14996527777777757
0 0.36135995370370366 0.6856597222222222 0.12074074074074073 0.22888888888888878
0 0.23581018518518518 0.710017361111111 0.09998842592592591 0.18954861111111115
0 0.10956597222222224 0.6546006944444445 0.10165509259259257 0.17638888888888893