0 0.5933622685185185 0.590144675925926 0.1734375 0.2128587962962964
0 0.6947627314814815 0.3791319444444444 0.10528935185185198 0.1246180555555556
0 0.6006770833333334 0.29952546296296295 0.08480324074074072 0.10094907407407412
0 0.44030092592592585 0.41561342592592593 0.10523148148148143 0.11682870370370377
0 0.33921875 0.3734953703703704 0.08960648148148147 0.1165972222222222
0 0.31884259259259257 0.5505960648148148 0.14490740740740743 0.15791666666666657
0 0.07587384259259258 0.5541956018518519 0.13278935185185184 0.16708333333333342
0 0.012106481481481478 0.45540509259259254 0.024212962962962957 0.15292824074074077
0 0.0978587962962963 0.07643518518518519 0.12215277777777778 0.12331018518518519
0 0.14771990740740742 0.3467361111111111 0.09288194444444446 0.09483796296296294
0 0.10659143518518518 0.3309895833333333 0.06113425925925925 0.06944444444444446
0 0.36302083333333335 0.23995949074074074 0.07493055555555558 0.07587962962962962
0 0.4223958333333333 0.23907986111111112 0.06119212962962965 0.0772337962962963
0 0.39368055555555553 0.23483217592592592 0.04792824074074078 0.05834490740740739
0 0.5128993055555555 0.21203703703703702 0.05267361111111111 0.06620370370370372
0 0.5413078703703704 0.23653935185185185 0.06145833333333321 0.07100694444444447
0 0.6070138888888889 0.18260416666666668 0.04792824074074069 0.05834490740740739
0 0.6487905092592593 0.19522569444444446 0.04792824074074069 0.05834490740740739
0 0.8049594907407407 0.2458738425925926 0.06593750000000007 0.08509259259259264
0 0.7847280092592592 0.19321180555555556 0.057094907407407545 0.07250000000000001
0 0.8738599537037037 0.1615162037037037 0.05644675925925924 0.069375
0 0.914519675925926 0.19829861111111113 0.06646990740740719 0.07263888888888888
0 0.8899305555555557 0.2905671296296296 0.0894907407407409 0.10101851851851854