0 0.1580324074074074 0.8032407407407408 0.10747685185185185 0.14039351851851842
0 0.12129050925925926 0.7189525462962962 0.07468750000000002 0.10260416666666661
0 0.13733796296296297 0.6568287037037037 0.05496527777777778 0.07899305555555554
0 0.1970775462962963 0.6792534722222222 0.05644675925925928 0.0778356481481481
0 0.2366782407407407 0.6848958333333333 0.05315972222222225 0.07390046296296297
0 0.2574826388888889 0.7442418981481481 0.07797453703703701 0.1065393518518519
0 0.2850752314814815 0.8960503472222221 0.17354166666666665 0.20789930555555564
0 0.33716435185185184 0.7201967592592593 0.08150462962962965 0.11516203703703702
0 0.37669560185185186 0.7096354166666666 0.05849537037037038 0.08761574074074083
0 0.32828124999999997 0.667795138888889 0.050115740740740745 0.07465277777777786
0 0.4678819444444445 0.803414351851852 0.10812500000000007 0.15289351851851843
0 0.47515625000000006 0.7058738425925926 0.06326388888888879 0.09039351851851851
0 0.4374537037037037 0.6922453703703704 0.06515046296296312 0.09704861111111107
0 0.40784722222222225 0.5820601851851851 0.041736111111111106 0.06168981481481488
0 0.5348495370370371 0.6828125 0.05307870370370367 0.07233796296296298
0 0.5930150462962963 0.7194733796296295 0.0896412037037038 0.1234375
0 0.6582638888888889 0.9036892361111111 0.20153935185185184 0.19262152777777786
0 0.7328530092592592 0.7110243055555555 0.09365740740740733 0.1414351851851851
0 0.6913715277777778 0.743431712962963 0.07600694444444436 0.09832175925925916
0 0.8434375 0.8221643518518519 0.15503472222222223 0.22517361111111106
0 0.8825983796296295 0.7598668981481481 0.09834490740740734 0.14265046296296297
0 0.9277314814814815 0.7384259259259258 0.08791666666666664 0.11990740740740743
0 0.9419212962962963 0.6850694444444445 0.0780555555555555 0.10810185185185191