0 0.14486111111111113 0.31203703703703706 0.20497685185185185 0.3124074074074074
0 0.2625115740740741 0.5565856481481481 0.13106481481481486 0.18819444444444447
0 0.19443865740740743 0.6235821759259259 0.0900231481481482 0.12423611111111121
0 0.14939236111111112 0.590005787037037 0.05049768518518523 0.09876157407407397
0 0.17682291666666666 0.6743923611111111 0.06947916666666668 0.11128472222222215
0 0.19569444444444448 0.7278819444444444 0.04152777777777779 0.059699074074073974
0 0.2340393518518519 0.735462962962963 0.04140046296296296 0.06552083333333343
0 0.2699652777777778 0.7548263888888889 0.043807870370370414 0.06325231481481489
0 0.2609259259259259 0.7728472222222222 0.031203703703703668 0.04662037037037035
0 0.3118807870370371 0.7428877314814815 0.04657407407407401 0.06254629629629634
0 0.3347048611111111 0.7593923611111111 0.04224537037037042 0.06282407407407398
0 0.3484780092592593 0.8034317129629629 0.0350462962962963 0.050601851851851974
0 0.34596643518518516 0.6936631944444445 0.08210648148148145 0.10888888888888885
0 0.38383101851851853 0.7501620370370371 0.05484953703703699 0.07945601851851851
0 0.39198495370370373 0.8175520833333334 0.03732638888888893 0.054155092592592526
0 0.4107175925925926 0.6887152777777779 0.09625000000000003 0.14497685185185177
0 0.44947337962962963 0.8032928240740741 0.043807870370370414 0.06325231481481489
0 0.44619791666666664 0.8272858796296297 0.0350462962962963 0.05060185185185162
0 0.4581423611111111 0.8920543981481484 0.031203703703703668 0.04662037037037052
0 0.477494212962963 0.7977951388888889 0.06576388888888882 0.10148148148148159
0 0.5077372685185185 0.8434201388888889 0.04140046296296305 0.06552083333333343
0 0.507974537037037 0.8954629629629629 0.030000000000000072 0.04775462962962962
0 0.5211053240740741 0.8251215277777778 0.044039351851851906 0.07063657407407398
0 0.5508680555555555 0.8208333333333332 0.05556712962962962 0.08258101851851843
0 0.5569849537037037 0.7837094907407407 0.06553240740740733 0.09409722222222232
0 0.48561921296296295 0.5430613425925926 0.1568402777777777 0.24943287037037046
0 0.7205034722222223 0.6828414351851853 0.14592592592592588 0.22740740740740736
0 0.7353530092592593 0.8303993055555555 0.07657407407407409 0.11030092592592596
0 0.7347743055555556 0.9107696759259258 0.04547453703703717 0.07688657407407433
0 0.7110416666666668 0.8998726851851853 0.03576388888888893 0.05372685185185162
0 0.6883738425925926 0.9031770833333332 0.036122685185185154 0.05528935185185162
0 0.6664814814814815 0.862037037037037 0.04537037037037024 0.06368055555555543
0 0.6772222222222222 0.8291087962962962 0.05280092592592602 0.08328703703703715
0 0.6592881944444444 0.8944733796296298 0.03228009259259253 0.051307870370370524
0 0.646238425925926 0.8982175925925926 0.039120370370370416 0.061967592592592526
0 0.6291261574074074 0.8810821759259259 0.03732638888888893 0.054155092592592526
0 0.6133101851851852 0.8855324074074075 0.036840277777777784 0.058414351851851974
0 0.5453935185185186 0.8735069444444445 0.032048611111111215 0.04392361111111107
0 0.7673668981481482 0.9028645833333334 0.05400462962962962 0.08215277777777778
0 0.8125405092592594 0.9306192129629629 0.0485995370370369 0.07774305555555543
0 0.8251967592592593 0.8550231481481483 0.06827546296296312 0.11241898148148133
0 0.8710590277777779 0.8602719907407408 0.06827546296296276 0.11241898148148124
0 0.88671875 0.93484375 0.051006944444444355 0.07547453703703724
0 0.8729803240740741 0.9610937500000001 0.0483680555555555 0.07035879629629634
0 0.9136805555555554 0.9598032407407407 0.04068287037037024 0.06239583333333343
0 0.9155324074074074 0.9200462962962963 0.05556712962962962 0.08258101851851833
0 0.9675752314814815 0.9750607638888888 0.044884259259259096 0.04987847222222221
0 0.9842332175925925 0.9716695601851851 0.03153356481481495 0.05666087962962969
0 0.9933912037037036 0.9796701388888888 0.013217592592592808 0.04065972222222243
0 0.9965133101851851 0.9563368055555556 0.0069733796296297616 0.07988425925925924
0 0.9619126157407407 0.8489178240740742 0.07617476851851848 0.14895833333333347