0 0.014230324074074074 0.6624594907407407 0.028460648148148148 0.11046296296296294
0 0.11536458333333335 0.7824826388888889 0.2307291666666667 0.26629629629629614
0 0.22564236111111113 0.7841782407407407 0.13045138888888888 0.1552662037037038
0 0.1968287037037037 0.6727488425925926 0.09552083333333332 0.10240740740740736
0 0.1489988425925926 0.6520254629629629 0.11451388888888889 0.11267361111111107
0 0.23175925925925928 0.6198900462962963 0.09059027777777776 0.09287037037037038
0 0.3990914351851852 0.6305497685185186 0.1035763888888889 0.11210648148148153
0 0.4450115740740741 0.6049652777777778 0.0648032407407408 0.0714236111111111
0 0.5980208333333333 0.5815625 0.08247685185185176 0.09090277777777782
0 0.6414641203703704 0.6009664351851851 0.09979166666666668 0.11655092592592595
0 0.8058912037037036 0.5785185185185184 0.11968749999999995 0.13150462962962947
0 0.34793981481481484 0.4584027777777777 0.04153935185185187 0.047013888888889