0 0.1640625 0.303125 0.06015625 0.090625
0 0.2234375 0.33671875 0.0515625 0.065625
0 0.28125 0.31015625 0.0484375 0.0828125
0 0.33125 0.31171875 0.0484375 0.0734375
0 0.403125 0.290625 0.05625 0.09140625
0 0.46328125 0.3125 0.04453125 0.0828125
0 0.515625 0.325 0.04921875 0.07421875
0 0.56875 0.31640625 0.04609375 0.0859375
0 0.59609375 0.34921875 0.04453125 0.0796875
0 0.6484375 0.3453125 0.046875 0.09140625
0 0.7046875 0.3703125 0.04140625 0.0703125
0 0.43203125 0.6328125 0.0625 0.11953125
0 0.5078125 0.60625 0.05859375 0.1078125
0 0.5796875 0.40390625 0.053125 0.09765625
0 0.646875 0.50703125 0.0609375 0.12578125
0 0.7125 0.55625 0.05625 0.1078125
0 0.76875 0.575 0.07421875 0.121875
0 0.87734375 0.55703125 0.08203125 0.12265625
0 0.853125 0.43046875 0.0765625 0.11015625