0 0.6828993055555556 0.2056886574074074 0.08194444444444446 0.08516203703703704
0 0.753125 0.26912037037037034 0.12459490740740727 0.14096064814814815
0 0.919849537037037 0.3965856481481481 0.13692129629629618 0.1327314814814815
0 0.970529513888889 0.49045138888888895 0.058940972222222145 0.1581134259259258
0 0.7472222222222221 0.6195138888888889 0.22638888888888892 0.25851851851851854
0 0.8231481481481481 0.7926736111111111 0.22401620370370381 0.22908564814814802
0 0.63125 0.4253935185185185 0.0974537037037038 0.09412037037037035
0 0.5563368055555555 0.3615798611111111 0.08194444444444446 0.08516203703703704
0 0.5724537037037037 0.2990277777777778 0.07540509259259257 0.08309027777777782
0 0.5850983796296296 0.25927662037037036 0.06614583333333321 0.07464120370370378
0 0.45454282407407404 0.2855729166666666 0.06412037037037024 0.06370370370370378
0 0.4340277777777778 0.4531828703703704 0.10960648148148149 0.11819444444444441
0 0.4677372685185185 0.38590856481481484 0.12280092592592595 0.1146527777777778
0 0.44730902777777776 0.62046875 0.13836805555555554 0.1405439814814816
0 0.35561342592592593 0.819212962962963 0.21284722222222213 0.20201388888888872
0 0.26287615740740744 0.6092881944444445 0.15086805555555555 0.14156250000000004
0 0.25931712962962966 0.5028125 0.11255787037037042 0.10920138888888893
0 0.27523148148148147 0.4017708333333333 0.09675925925925925 0.09868055555555558
0 0.26440972222222225 0.3516435185185185 0.06267361111111107 0.055891203703703776
0 0.2919560185185185 0.30925925925925923 0.07795138888888893 0.08021990740740739
0 0.21736111111111112 0.3178009259259259 0.06898148148148149 0.07333333333333333
0 0.17653356481481483 0.35910300925925925 0.08993055555555554 0.09504629629629635
0 0.10240162037037037 0.44078125 0.059548611111111115 0.09718750000000002