0 0.8293171296296297 0.7477662037037037 0.11498842592592595 0.19520833333333343
0 0.9213773148148148 0.8237905092592591 0.07026620370370366 0.11131944444444448
0 0.9668171296296297 0.8834201388888889 0.057673611111111 0.09153935185185205
0 0.9855844907407407 0.8906828703703704 0.028831018518518547 0.08269675925925916
0 0.9988165509259259 0.9311053240740741 0.0023668981481481666 0.05785879629629633
0 0.9339236111111111 0.9382233796296295 0.028009259259259168 0.03717592592592602
0 0.9020543981481481 0.9085300925925927 0.029212962962962764 0.049675925925926026
0 0.8800925925925928 0.9262268518518517 0.03077546296296276 0.05004629629629633
0 0.8834201388888889 0.8735763888888888 0.04135416666666671 0.06476851851851854
0 0.7897974537037037 0.9002430555555556 0.023923611111111142 0.042314814814814736
0 0.7258391203703705 0.8782118055555556 0.029965277777777643 0.057488425925926026
0 0.70515625 0.8061284722222222 0.05424768518518519 0.08767361111111108
0 0.6570428240740741 0.8535069444444445 0.034050925925926026 0.05234953703703695
0 0.6161747685185185 0.8254976851851852 0.04180555555555561 0.06945601851851854
0 0.5836979166666667 0.8529166666666667 0.02921296296296294 0.049675925925926026
0 0.5361458333333333 0.731712962962963 0.0971643518518519 0.15281249999999993
0 0.46640046296296295 0.7922858796296296 0.03152777777777782 0.05785879629629633
0 0.4256712962962963 0.7895023148148148 0.032488425925926025 0.051979166666666646
0 0.4033159722222222 0.7872569444444444 0.02921296296296294 0.049675925925926026
0 0.40762731481481485 0.6814004629629629 0.07736111111111117 0.1374305555555555
0 0.3353993055555556 0.7161921296296295 0.05037037037037031 0.07912037037037045
0 0.27184606481481477 0.6904398148148149 0.07056712962962966 0.11444444444444457
0 0.23278935185185184 0.7208796296296296 0.0438194444444445 0.07451388888888885