0 0.06171875 0.5796875 0.10859375 0.23046875
0 0.23984375 0.40625 0.08828125 0.1640625
0 0.3046875 0.3140625 0.06953125 0.14453125
0 0.328125 0.678125 0.14453125 0.2890625
0 0.4046875 0.3 0.04765625 0.1015625
0 0.4984375 0.2890625 0.05 0.1
0 0.603125 0.23984375 0.04296875 0.08984375
0 0.6296875 0.615625 0.10390625 0.23125
0 0.64296875 0.46875 0.08984375 0.15625
0 0.80703125 0.340625 0.0625 0.1265625
0 0.8671875 0.396875 0.08359375 0.159375
0 0.846875 0.3109375 0.04765625 0.09453125
0 0.8515625 0.2625 0.046875 0.0796875