0 0.31094328703703705 0.3595543981481481 0.026944444444444392 0.037685185185185155
0 0.305150462962963 0.14232638888888888 0.060543981481481525 0.08322916666666669
0 0.3510358796296297 0.19825810185185183 0.0450231481481481 0.05499999999999998
0 0.2895196759259259 0.20262152777777778 0.03335648148148147 0.04085648148148149
0 0.25154513888888885 0.17867476851851852 0.04157407407407412 0.0487268518518519
0 0.2067997685185185 0.18994791666666666 0.03179398148148147 0.040844907407407406
0 0.2495775462962963 0.06536458333333332 0.06587962962962965 0.0957638888888889
0 0.16983217592592592 0.03545717592592593 0.08028935185185185 0.07091435185185185
0 0.18498263888888888 0.11586226851851851 0.05035879629629632 0.06753472222222223
0 0.1504398148148148 0.1731712962962963 0.038124999999999964 0.042453703703703737
0 0.13608217592592592 0.18265625000000002 0.03516203703703704 0.04555555555555557
0 0.06773148148148148 0.14564814814814814 0.03532407407407408 0.048680555555555574
0 0.07601851851851851 0.06430555555555555 0.07320601851851853 0.08644675925925926
0 0.6763368055555555 0.23179976851851852 0.03737268518518526 0.058067129629629656
0 0.7030960648148149 0.19017939814814816 0.0387731481481481 0.05495370370370374
0 0.7357581018518519 0.17196180555555554 0.06630787037037038 0.07390046296296297
0 0.7643229166666667 0.24052662037037037 0.03368055555555553 0.047106481481481485
0 0.8029282407407408 0.2464930555555555 0.04214120370370367 0.059664351851851906
0 0.8190104166666667 0.1346122685185185 0.06587962962962957 0.0957638888888889
0 0.8638252314814814 0.24526041666666668 0.04370370370370367 0.059675925925925896
0 0.8855671296296297 0.2576041666666667 0.038935185185184906 0.058078703703703737
0 0.9538483796296298 0.27820023148148143 0.03516203703703695 0.04555555555555557
0 0.9616030092592591 0.14137152777777778 0.06350694444444471 0.0801273148148148
0 0.9864872685185185 0.19819444444444445 0.027025462962962977 0.0674537037037037