0 0.6263310185185185 0.35719907407407403 0.08193287037037038 0.11589120370370373
0 0.601736111111111 0.4448784722222222 0.04027777777777786 0.05247685185185187
0 0.7209722222222222 0.46670138888888885 0.049664351851851765 0.06625000000000014
0 0.7550405092592593 0.4874016203703704 0.027372685185185118 0.035069444444444466
0 0.6384201388888888 0.4891261574074074 0.02424768518518512 0.03456018518518533
0 0.6169965277777777 0.5262962962962963 0.02385416666666664 0.03143518518518533
0 0.5786574074074073 0.47619791666666667 0.020532407407407405 0.029363425925926022
0 0.5555150462962963 0.4700347222222222 0.020532407407407405 0.029363425925926022
0 0.5057291666666666 0.4411921296296296 0.027372685185185118 0.035069444444444466
0 0.4882407407407408 0.44711226851851854 0.024641203703703596 0.037685185185185155
0 0.4475057870370371 0.4540277777777778 0.02581018518518512 0.03481481481481481
0 0.4184953703703703 0.45647569444444447 0.026203703703703597 0.03793981481481481
0 0.3705439814814815 0.4510532407407407 0.026203703703703774 0.03793981481481481
0 0.3451504629629629 0.45010416666666664 0.025416666666666643 0.03168981481481481
0 0.3016203703703703 0.41590277777777784 0.03030092592592588 0.03401620370370364
0 0.27152199074074074 0.4333217592592593 0.032453703703703686 0.03895833333333343
0 0.24341435185185184 0.4096064814814815 0.025810185185185207 0.03481481481481481
0 0.19037037037037036 0.4192997685185185 0.026782407407407404 0.030381944444444465