0 0.15859375 0.69609375 0.14609375 0.14765625
0 0.13828125 0.496875 0.096875 0.1078125
0 0.184375 0.3890625 0.08984375 0.08515625
0 0.03359375 0.3125 0.05859375 0.08515625
0 0.16640625 0.2515625 0.071875 0.08203125
0 0.2140625 0.21328125 0.04921875 0.0625
0 0.30390625 0.22578125 0.0671875 0.07109375
0 0.246875 0.30859375 0.07421875 0.09375
0 0.32734375 0.52421875 0.11484375 0.10546875
0 0.38203125 0.37890625 0.096875 0.09921875
0 0.475 0.21875 0.04921875 0.06796875
0 0.6078125 0.21171875 0.05859375 0.059375
0 0.5484375 0.296875 0.05625 0.0765625
0 0.59609375 0.37890625 0.07421875 0.08203125
0 0.63984375 0.55859375 0.1171875 0.19609375
0 0.640625 0.72890625 0.16015625 0.16171875
0 0.9515625 0.496875 0.0921875 0.13671875
0 0.90859375 0.38515625 0.10546875 0.121875
0 0.77578125 0.2484375 0.07890625 0.09921875
0 0.7421875 0.190625 0.065625 0.0796875