0 0.9046875 0.8724305555555556 0.0640625 0.08856481481481496
0 0.6859375 0.6281886574074074 0.103125 0.13555555555555543
0 0.74375 0.4532349537037037 0.16875 0.23375000000000004
0 0.6515625 0.6897743055555555 0.065625 0.08256944444444443
0 0.634375 0.7354108796296297 0.046875 0.06232638888888893
0 0.55703125 0.683744212962963 0.046875 0.06232638888888893
0 0.525 0.6293055555555556 0.06875 0.09245370370370373
0 0.5328125 0.5719849537037037 0.084375 0.12156249999999993
0 0.4546875 0.3397222222222222 0.15 0.21819444444444436
0 0.3984375 0.5430555555555555 0.078125 0.10960648148148149
0 0.45625 0.6235706018518519 0.05 0.06596064814814824
0 0.42109375 0.6701851851851852 0.046875 0.06701388888888893
0 0.39453125 0.6353877314814815 0.05625 0.07635416666666668
0 0.2625 0.5216840277777778 0.0546875 0.07766203703703703
0 0.24453125 0.49844328703703705 0.04375 0.060254629629629616
0 0.3203125 0.426417824074074 0.0875 0.11425925925925924
0 0.17265625 0.18360532407407407 0.146875 0.1989351851851852
0 0.07734375 0.30401041666666667 0.084375 0.11375000000000002