0 0.1390625 0.70390625 0.103125 0.16484375
0 0.0296875 0.665625 0.05859375 0.128125
0 0.090625 0.5671875 0.05703125 0.09375
0 0.10625 0.51953125 0.04765625 0.08125
0 0.04296875 0.4375 0.03203125 0.05390625
0 0.01171875 0.4140625 0.0234375 0.059375
0 0.06328125 0.4015625 0.03515625 0.05625
0 0.1015625 0.3734375 0.03203125 0.04921875
0 0.1375 0.4203125 0.03359375 0.0640625
0 0.1453125 0.3734375 0.02734375 0.04921875
0 0.171875 0.3671875 0.021875 0.046875
0 0.1984375 0.3796875 0.021875 0.04140625
0 0.2109375 0.36484375 0.02734375 0.04140625
0 0.21796875 0.3453125 0.01875 0.03203125
0 0.2578125 0.36484375 0.02578125 0.046875
0 0.24296875 0.4421875 0.03828125 0.0734375
0 0.23125 0.4953125 0.04921875 0.0859375
0 0.18515625 0.5703125 0.075 0.11328125
0 0.30546875 0.59609375 0.06640625 0.1109375
0 0.3015625 0.515625 0.04609375 0.0640625
0 0.31875 0.45078125 0.03359375 0.07578125
0 0.28828125 0.43125 0.03359375 0.06171875
0 0.303125 0.3546875 0.02421875 0.03203125
0 0.29453125 0.33203125 0.0203125 0.02421875
0 0.3046875 0.3171875 0.0171875 0.02421875
0 0.321875 0.30625 0.0140625 0.03203125
0 0.3390625 0.32578125 0.0203125 0.03671875
0 0.36796875 0.31328125 0.0171875 0.03671875
0 0.35390625 0.36953125 0.02734375 0.05625
0 0.36875 0.4125 0.03203125 0.05390625
0 0.38359375 0.46328125 0.03984375 0.07109375
0 0.41171875 0.515625 0.05390625 0.09375
0 0.45625 0.453125 0.03828125 0.07109375
0 0.43984375 0.4078125 0.03359375 0.0640625
0 0.40859375 0.37578125 0.02578125 0.05390625
0 0.43046875 0.35234375 0.021875 0.046875
0 0.4609375 0.3578125 0.02578125 0.04140625
0 0.4828125 0.38359375 0.02734375 0.04921875
0 0.490625 0.35234375 0.0203125 0.03203125
0 0.4796875 0.3171875 0.0171875 0.034375
0 0.5078125 0.36875 0.02421875 0.04921875
0 0.51328125 0.42109375 0.02890625 0.06171875
0 0.54375 0.390625 0.02890625 0.05859375
0 0.53671875 0.3390625 0.02421875 0.04453125
0 0.55234375 0.32890625 0.0203125 0.0390625
0 0.5765625 0.3453125 0.0171875 0.04140625
0 0.5671875 0.30234375 0.01875 0.034375
0 0.6015625 0.334375 0.0171875 0.034375
0 0.6140625 0.32421875 0.01875 0.0390625
0 0.734375 0.6328125 0.05390625 0.115625
0 0.71171875 0.5234375 0.04609375 0.0984375
0 0.72421875 0.45703125 0.03671875 0.06875
0 0.73359375 0.41796875 0.03984375 0.0640625
0 0.73828125 0.3171875 0.02421875 0.0390625
0 0.75234375 0.303125 0.01875 0.04140625
0 0.8015625 0.375 0.03203125 0.046875
0 0.825 0.42421875 0.04140625 0.08125
0 0.85703125 0.48125 0.04765625 0.08828125
0 0.86640625 0.546875 0.04453125 0.09609375
0 0.91015625 0.63984375 0.071875 0.13046875
0 0.9625 0.7484375 0.071875 0.1890625
0 0.9796875 0.54453125 0.03828125 0.10078125
0 0.95703125 0.4640625 0.05390625 0.08828125
0 0.921875 0.41796875 0.03828125 0.0734375
0 0.8828125 0.39296875 0.03671875 0.0734375
0 0.85546875 0.3515625 0.02890625 0.04921875
0 0.85625 0.31328125 0.02734375 0.046875
0 0.80234375 0.34765625 0.02421875 0.04140625
0 0.79609375 0.32890625 0.0171875 0.034375
0 0.73828125 0.35 0.0203125 0.04140625