0 0.9735127314814814 0.6893923611111111 0.0529745370370371 0.19216435185185182
0 0.902517361111111 0.6711574074074074 0.11140046296296298 0.14833333333333343
0 0.8576157407407408 0.6864236111111112 0.03864583333333336 0.06402777777777793
0 0.8472685185185185 0.6748263888888888 0.03832175925925938 0.06090277777777775
0 0.8213599537037037 0.6968807870370369 0.05335648148148131 0.07361111111111107
0 0.7363252314814815 0.6264293981481481 0.09916666666666671 0.13324074074074072
0 0.6973090277777778 0.5882233796296296 0.07707175925925931 0.11123842592592581
0 0.6451793981481482 0.5705324074074074 0.07674768518518515 0.10811342592592581
0 0.6043923611111112 0.5593402777777777 0.0590162037037036 0.08409722222222235
0 0.5502141203703703 0.5365914351851852 0.06057870370370377 0.08446759259259248
0 0.5726331018518518 0.56171875 0.03923611111111107 0.05502314814814824
0 0.5006770833333334 0.5439004629629629 0.03454861111111107 0.05391203703703695
0 0.4724884259259259 0.4998784722222222 0.05729166666666678 0.08216435185185186
0 0.4412962962962963 0.5077256944444445 0.032175925925925955 0.04572916666666664
0 0.4213599537037037 0.4991898148148148 0.041284722222222216 0.06008101851851855
0 0.387818287037037 0.484380787037037 0.045648148148148236 0.058067129629629656
0 0.35214699074074074 0.4637326388888889 0.03907407407407408 0.053460648148148236
0 0.3243171296296296 0.4525636574074074 0.034224537037037095 0.05078703703703695
0 0.30249421296296297 0.4405324074074074 0.03718749999999993 0.04996527777777775