0 0.05234375 0.609375 0.071875 0.1015625
0 0.10859375 0.609375 0.08359375 0.1359375
0 0.1828125 0.6109375 0.05078125 0.1
0 0.23359375 0.634375 0.0453125 0.0765625
0 0.3015625 0.5953125 0.0796875 0.12109375
0 0.353125 0.5765625 0.05234375 0.09609375
0 0.40390625 0.59140625 0.053125 0.08984375
0 0.446875 0.60546875 0.0625 0.10390625
0 0.50703125 0.41875 0.046875 0.08984375
0 0.5234375 0.6546875 0.08984375 0.1484375
0 0.60703125 0.58203125 0.0453125 0.0890625
0 0.6734375 0.578125 0.065625 0.0984375
0 0.70234375 0.56640625 0.0515625 0.0921875
0 0.7875 0.62109375 0.06640625 0.1125
0 0.7875 0.56640625 0.0484375 0.0796875
0 0.88515625 0.56328125 0.1140625 0.21875