0 0.14557291666666666 0.4341608796296296 0.0671875 0.10413194444444436
0 0.2583854166666667 0.40008680555555554 0.04093750000000007 0.057951388888888955
0 0.30145833333333333 0.42055555555555557 0.040729166666666664 0.05482638888888882
0 0.35046875 0.4489872685185185 0.03416666666666668 0.04907407407407405
0 0.375 0.4578009259259259 0.0359375 0.052465277777777784
0 0.47234374999999995 0.51609375 0.03562499999999993 0.04777777777777779
0 0.5077083333333333 0.5367939814814815 0.033958333333333354 0.045949074074074045
0 0.53484375 0.5035706018518519 0.04770833333333328 0.06682870370370378
0 0.5534375 0.562349537037037 0.027291666666666714 0.03863425925925927
0 0.5582291666666667 0.5878819444444444 0.029062500000000036 0.042025462962962834
0 0.5766145833333333 0.5624363425925927 0.0341666666666665 0.04907407407407405
0 0.6194270833333333 0.544241898148148 0.03874999999999993 0.04831018518518526
0 0.6190104166666666 0.5727488425925926 0.03718749999999993 0.04804398148148152
0 0.6013020833333333 0.5967650462962963 0.027083333333333216 0.035509259259259275
0 0.62953125 0.603119212962963 0.032187499999999855 0.04255787037037031
0 0.6326041666666666 0.6376273148148147 0.022187500000000072 0.03158564814814824
0 0.6752604166666667 0.5591608796296297 0.05135416666666668 0.07517361111111107
0 0.7007291666666666 0.5936226851851851 0.03770833333333332 0.05585648148148152
0 0.71546875 0.571417824074074 0.04572916666666664 0.06031250000000003
0 0.7444270833333333 0.6234664351851852 0.04270833333333339 0.06134259259259256
0 0.7178125 0.6645023148148148 0.028958333333333287 0.04046296296296301
0 0.7615104166666666 0.6595891203703704 0.032187500000000036 0.04255787037037031
0 0.7645312499999999 0.6817303240740741 0.025729166666666713 0.03836805555555554
0 0.7890104166666667 0.5854918981481482 0.07416666666666671 0.09296296296296287
0 0.8053645833333334 0.6338483796296297 0.03916666666666666 0.05456018518518526
0 0.8140625 0.6600462962962963 0.03562499999999993 0.04777777777777779
0 0.8076041666666667 0.6906134259259259 0.03083333333333336 0.04541666666666657
0 0.8344270833333333 0.699045138888889 0.03718749999999993 0.04804398148148152
0 0.8535416666666666 0.7077083333333334 0.027291666666666714 0.03863425925925927
0 0.8466666666666667 0.7204398148148148 0.027291666666666714 0.03863425925925927
0 0.8727604166666666 0.7295196759259259 0.028750000000000143 0.03733796296296284
0 0.89296875 0.7430034722222223 0.029270833333333357 0.04515046296296284
0 0.9140625 0.6886689814814815 0.0595833333333335 0.08275462962962976
0 0.90328125 0.6891493055555555 0.041458333333333285 0.065763888888889
0 0.9971875000000001 0.6292939814814815 0.0056249999999998575 0.11340277777777778
0 0.9753385416666667 0.716886574074074 0.04932291666666657 0.07021990740740733
0 0.9629166666666666 0.7379282407407407 0.03260416666666686 0.04880787037037031
0 0.9509895833333333 0.7443923611111112 0.030624999999999857 0.042291666666666575
0 0.9397916666666667 0.7617939814814815 0.02906249999999986 0.042025462962962834
0 0.9733854166666667 0.7791030092592592 0.03385416666666643 0.04438657407407405
0 0.994375 0.7540914351851852 0.01125000000000007 0.04515046296296284
0 0.9909635416666667 0.7893460648148148 0.01807291666666657 0.04229166666666675