0 0.5762905092592593 0.727204861111111 0.15725694444444435 0.21805555555555553
0 0.6678009259259259 0.809513888888889 0.07646990740740733 0.11038194444444463
0 0.6744444444444444 0.8839062500000001 0.05584490740740744 0.06680555555555542
0 0.8009259259259259 0.860295138888889 0.05465277777777757 0.06979166666666643
0 0.5965162037037037 0.8761458333333334 0.07949074074074076 0.096736111111111
0 0.4984780092592593 0.90109375 0.05962962962962966 0.08569444444444443
0 0.5001099537037037 0.9264583333333334 0.04350694444444443 0.040972222222222146
0 0.40957175925925926 0.8881250000000002 0.06670138888888885 0.08013888888888872
0 0.30279513888888887 0.7128645833333334 0.2561226851851853 0.4
0 0.3848842592592593 0.74421875 0.195462962962963 0.2925694444444444
0 0.13276041666666666 0.6499652777777778 0.2655208333333333 0.4844444444444445
0 0.025902777777777785 0.9121874999999999 0.05180555555555557 0.08965277777777772
0 0.16572916666666665 0.9105729166666666 0.07342592592592592 0.09774305555555571
0 0.23130208333333338 0.9117013888888887 0.08454861111111109 0.100277777777778
0 0.34167245370370375 0.919670138888889 0.0490393518518518 0.061562500000000145
0 0.36528356481481483 0.9291666666666666 0.042604166666666644 0.0594444444444445
0 0.5799074074074074 0.8467013888888889 0.07498842592592592 0.09788194444444435
0 0.7023726851851853 0.8961111111111112 0.03579861111111118 0.054201388888888855