0 0.06846643518518518 0.40507523148148145 0.0790625 0.13776620370370374
0 0.09215277777777778 0.4497916666666667 0.06000000000000001 0.09303240740740737
0 0.10300347222222221 0.49781250000000005 0.04390046296296298 0.06574074074074084
0 0.1453472222222222 0.5255266203703703 0.05378472222222221 0.0735185185185184
0 0.19871527777777778 0.5087847222222223 0.0684490740740741 0.10211805555555564
0 0.2345659722222222 0.5608796296296296 0.04339120370370377 0.05949074074074083
0 0.32970486111111114 0.4607523148148148 0.11378472222222218 0.16655092592592596
0 0.2937962962962963 0.5782407407407406 0.05560185185185187 0.07689814814814824
0 0.3 0.6732986111111112 0.0311805555555555 0.04208333333333343
0 0.05064236111111111 0.49853009259259257 0.02489583333333334 0.059560185185185154
0 0.3642013888888889 0.6097569444444444 0.04846064814814817 0.06494212962962961
0 0.4034837962962962 0.6377430555555555 0.037395833333333385 0.06159722222222221
0 0.42405671296296293 0.60640625 0.06092592592592592 0.08547453703703703
0 0.456730324074074 0.5816666666666667 0.07313657407407419 0.10288194444444443
0 0.4948726851851852 0.6618865740740741 0.04520833333333343 0.06287037037037031
0 0.4696006944444444 0.6639351851851851 0.03299768518518516 0.045462962962962906
0 0.44609953703703703 0.6593344907407408 0.028310185185185154 0.04469907407407412
0 0.531400462962963 0.6655266203703704 0.043229166666666784 0.076423611111111
0 0.6101388888888889 0.7330902777777778 0.14690972222222226 0.21357638888888886
0 0.6962731481481481 0.8157349537037037 0.03637731481481481 0.049097222222222216
0 0.6851446759259259 0.7075405092592593 0.03908564814814817 0.06341435185185187
0 0.7184953703703704 0.6343460648148148 0.08483796296296298 0.11403935185185184
0 0.7586168981481481 0.7010127314814815 0.05990740740740748 0.07297453703703702
0 0.7391261574074074 0.745630787037037 0.03663194444444429 0.05222222222222221
0 0.8134953703703705 0.7122685185185185 0.05180555555555557 0.08707175925925928
0 0.8157986111111111 0.768917824074074 0.03883101851851869 0.06028935185185187
0 0.8798263888888889 0.7978530092592593 0.042210648148148164 0.063923611111111
0 0.9161689814814814 0.7613773148148149 0.05818287037037066 0.08965277777777772
0 0.8906770833333333 0.7418055555555556 0.043645833333333425 0.06261574074074083
0 0.9121122685185185 0.5980613425925926 0.13271990740740733 0.20972222222222214
0 0.986953125 0.7898263888888889 0.026093750000000072 0.09666666666666668
0 0.982884837962963 0.8102083333333333 0.034230324074074045 0.07224537037037031
0 0.9624652777777779 0.7997569444444445 0.04571759259259238 0.0691203703703703
0 0.9429861111111112 0.6647627314814815 0.07284722222222229 0.11825231481481495