0 0.9311197916666668 0.645625 0.13776041666666644 0.2036458333333334
0 0.9643229166666668 0.5482291666666667 0.07135416666666643 0.15166666666666656
0 0.7819270833333334 0.8622916666666667 0.2656597222222222 0.19375
0 0.7972743055555556 0.6786979166666667 0.20315972222222206 0.25968750000000007
0 0.7924652777777779 0.5176041666666666 0.15906249999999994 0.1788541666666667
0 0.67453125 0.52625 0.1552777777777777 0.19885416666666664
0 0.6002430555555556 0.4591145833333333 0.14826388888888892 0.18125
0 0.5276041666666667 0.5525 0.22267361111111122 0.278125
0 0.5392013888888889 0.8134375 0.3167361111111111 0.3264583333333334
0 0.41239583333333335 0.42854166666666665 0.17010416666666667 0.21697916666666667
0 0.37347222222222226 0.36375 0.14690972222222226 0.18583333333333324
0 0.5731770833333333 0.18510416666666668 0.1448611111111111 0.17479166666666668