0 0.9666319444444443 0.222025462962963 0.06673611111111129 0.13298611111111108
0 0.9464756944444446 0.43967013888888895 0.08846064814814839 0.08020833333333326
0 0.8605324074074074 0.4140740740740741 0.08369212962962962 0.08613425925925924
0 0.7708969907407408 0.3261921296296296 0.09759259259259245 0.09920138888888896
0 0.7754224537037037 0.23184606481481485 0.10865740740740737 0.11983796296296297
0 0.767361111111111 0.43472222222222223 0.06346064814814803 0.07891203703703695
0 0.7646354166666667 0.4799421296296297 0.05284722222222236 0.05366898148148138
0 0.6360648148148147 0.4146412037037037 0.0624305555555555 0.06805555555555554
0 0.6260243055555555 0.26885416666666667 0.089201388888889 0.0833333333333333
0 0.5883738425925926 0.5570949074074074 0.04614583333333329 0.057951388888889
0 0.6131192129629629 0.5146875 0.046226851851851866 0.0517824074074074
0 0.540630787037037 0.5358449074074073 0.03886574074074076 0.04677083333333343
0 0.4724479166666667 0.4950925925925926 0.07892361111111121 0.09206018518518526
0 0.3966666666666666 0.4990219907407408 0.0659259259259259 0.06978009259259252
0 0.3388888888888889 0.4688020833333333 0.08940972222222224 0.0972337962962964
0 0.41715277777777776 0.5454108796296296 0.03960648148148142 0.04989583333333343
0 0.2821875 0.36972222222222223 0.12337962962962967 0.12986111111111115
0 0.10712384259259258 0.2617534722222222 0.12609953703703702 0.16086805555555553
0 0.18821759259259258 0.5137847222222222 0.12346064814814812 0.12369212962962947
0 0.25335069444444447 0.5183159722222223 0.07246527777777771 0.0778356481481481
0 0.27558449074074076 0.5654050925925926 0.04935185185185187 0.05194444444444439