0 0.18828125 0.5453125 0.12421875 0.225
0 0.0921875 0.415625 0.08046875 0.14375
0 0.07421875 0.3234375 0.07109375 0.09375
0 0.20078125 0.3484375 0.0578125 0.08515625
0 0.23203125 0.2984375 0.04140625 0.05859375
0 0.30546875 0.32265625 0.05078125 0.075
0 0.30234375 0.40390625 0.06953125 0.125
0 0.41796875 0.38046875 0.05390625 0.10390625
0 0.4765625 0.45546875 0.0953125 0.17890625
0 0.41171875 0.271875 0.03203125 0.07109375
0 0.44609375 0.28359375 0.03203125 0.0578125
0 0.48671875 0.32421875 0.0375 0.0640625
0 0.51640625 0.2859375 0.03203125 0.0546875
0 0.5546875 0.31328125 0.034375 0.06875
0 0.63671875 0.425 0.08203125 0.1375
0 0.62109375 0.3359375 0.03984375 0.07109375
0 0.62890625 0.29609375 0.03203125 0.05
0 0.68671875 0.33359375 0.03984375 0.0703125
0 0.7546875 0.31953125 0.03046875 0.06640625
0 0.79765625 0.3265625 0.0375 0.0640625
0 0.83828125 0.3859375 0.0578125 0.0953125
0 0.9 0.38359375 0.05859375 0.1078125