0 0.29296875 0.70703125 0.17578125 0.271875
0 0.303125 0.5 0.11484375 0.16796875
0 0.1953125 0.44765625 0.1046875 0.1921875
0 0.16015625 0.303125 0.075 0.12265625
0 0.0921875 0.3046875 0.05625 0.109375
0 0.45234375 0.38515625 0.090625 0.159375
0 0.50234375 0.55 0.13046875 0.2328125
0 0.496875 0.309375 0.08515625 0.13125
0 0.70078125 0.27578125 0.06640625 0.11953125
0 0.75859375 0.3171875 0.09296875 0.1484375
0 0.7828125 0.43046875 0.10625 0.17421875
0 0.69921875 0.85390625 0.18046875 0.27578125
0 0.946875 0.46875 0.10625 0.22109375
0 0.834375 0.26953125 0.07421875 0.12578125