0 0.9953125 0.7863657407407407 0.009375 0.1293981481481481
0 0.9931857638888889 0.8739062499999999 0.013628472222222143 0.10841435185185162
0 0.8598090277777779 0.7121643518518519 0.13819444444444437 0.15318287037037043
0 0.912326388888889 0.8179282407407408 0.08628472222222214 0.1003703703703703
0 0.7071180555555555 0.47700810185185183 0.20954861111111106 0.25332175925925926
0 0.6013020833333333 0.5398321759259259 0.20868055555555554 0.256111111111111
0 0.7760416666666666 0.7737731481481481 0.10729166666666679 0.12125000000000004
0 0.7736979166666667 0.8737037037037038 0.10104166666666678 0.11990740740740762
0 0.90234375 0.9303530092592591 0.0625 0.08038194444444428
0 0.9306423611111111 0.9706539351851852 0.04635416666666643 0.054594907407407335
0 0.9644097222222221 0.9800549768518518 0.06180555555555571 0.03989004629629633
0 0.8610243055555555 0.9746990740740742 0.05173611111111107 0.05060185185185162
0 0.8223090277777778 0.9384548611111111 0.0671875 0.081388888888889
0 0.7727430555555556 0.9397106481481483 0.060416666666666785 0.07100694444444429
0 0.7454861111111111 0.8974016203703703 0.061979166666666786 0.07134259259259253
0 0.7174479166666667 0.9679890046296297 0.06961805555555553 0.06402199074074062
0 0.6965277777777777 0.9749045138888889 0.05138888888888893 0.05019097222222228
0 0.67734375 0.9154976851851853 0.06284722222222214 0.06855324074074076
0 0.5949652777777777 0.9364872685185185 0.0765625 0.09679398148148159
0 0.62578125 0.9378993055555555 0.06163194444444446 0.08317129629629605
0 0.5262152777777778 0.8681539351851851 0.0671875 0.081388888888889
0 0.4841145833333333 0.82265625 0.0859375 0.11219907407407419
0 0.47586805555555556 0.6415914351851851 0.17951388888888892 0.20520833333333321
0 0.6421875 0.7807291666666666 0.11041666666666679 0.12192129629629633
0 0.5042534722222223 0.9333680555555557 0.046354166666666606 0.054594907407407335
0 0.4809027777777778 0.8785069444444444 0.061979166666666606 0.07134259259259253
0 0.46032986111111107 0.936579861111111 0.06545138888888893 0.08696759259259253
0 0.36944444444444446 0.8322453703703705 0.06961805555555553 0.07893518518518512
0 0.33003472222222224 0.8624652777777779 0.0875 0.11253472222222242
0 0.37960069444444444 0.9214699074074074 0.060243055555555536 0.0769212962962964
0 0.24765625 0.8633680555555557 0.055208333333333394 0.07435185185185204