0 0.9043229166666666 0.5014062499999999 0.11468750000000014 0.1662847222222222
0 0.8360937500000001 0.5539409722222223 0.07781249999999992 0.10024305555555557
0 0.7156770833333332 0.5486284722222222 0.059791666666666646 0.08506944444444446
0 0.7602083333333333 0.5792361111111111 0.060104166666666715 0.08975694444444446
0 0.7872916666666667 0.6229166666666666 0.049583333333333354 0.07111111111111121
0 0.8474479166666666 0.6322743055555555 0.040625 0.05270833333333336
0 0.8699999999999999 0.649201388888889 0.04760416666666671 0.06461805555555564
0 0.8767708333333333 0.7489236111111112 0.03895833333333343 0.05090277777777778
0 0.79625 0.7135069444444444 0.02937499999999993 0.04631944444444454
0 0.7356770833333334 0.68671875 0.032187499999999855 0.0421180555555555
0 0.6800520833333333 0.66859375 0.03375000000000004 0.04236111111111107
0 0.6297916666666666 0.6528819444444445 0.04197916666666668 0.04982638888888893
0 0.5394270833333333 0.6230381944444444 0.04093750000000007 0.057395833333333354
0 0.5519270833333334 0.6249826388888888 0.03427083333333343 0.05017361111111107
0 0.48453125 0.6058159722222223 0.06333333333333328 0.09180555555555561
0 0.4256770833333333 0.5887673611111112 0.07520833333333332 0.10756944444444443
0 0.3070833333333333 0.5442708333333333 0.09812500000000002 0.12659722222222225
0 0.16651041666666666 0.47425347222222225 0.1465625 0.2037152777777777
0 0.09270833333333334 0.42361111111111105 0.18541666666666667 0.3159722222222222
0 0.04421875 0.61546875 0.075625 0.11381944444444443
0 0.015494791666666665 0.6564062500000001 0.03098958333333333 0.050416666666666644
0 0.02640625 0.6932118055555556 0.02583333333333333 0.039583333333333214
0 0.0703125 0.6739930555555556 0.03364583333333333 0.04079861111111107
0 0.07989583333333333 0.6486458333333334 0.04427083333333333 0.0610069444444445
0 0.13171875 0.6646006944444445 0.037395833333333336 0.05065972222222222
0 0.17229166666666668 0.6835416666666667 0.02583333333333333 0.039583333333333214
0 0.20791666666666667 0.6346180555555556 0.058645833333333376 0.09107638888888889
0 0.25536458333333334 0.6333159722222221 0.05270833333333336 0.07159722222222235
0 0.31463541666666667 0.6322743055555555 0.04572916666666664 0.059687500000000074
0 0.22901041666666666 0.6734201388888889 0.033958333333333354 0.045486111111111074
0 0.21229166666666668 0.6992361111111112 0.03416666666666668 0.04861111111111107
0 0.15348958333333335 0.7050868055555556 0.027083333333333348 0.03513888888888879
0 0.16302083333333334 0.7160416666666667 0.022083333333333323 0.02972222222222225
0 0.12354166666666666 0.7162152777777778 0.02385416666666664 0.03309027777777782
0 0.1790625 0.6411805555555555 0.04291666666666667 0.06388888888888893
0 0.20546875 0.7542187499999999 0.020624999999999984 0.03104166666666668
0 0.23828125 0.7474826388888889 0.025208333333333322 0.030208333333333216
0 0.23953125000000003 0.7050520833333334 0.022604166666666713 0.03753472222222225
0 0.2734375 0.6819097222222222 0.0322916666666667 0.0436805555555555
0 0.27588541666666666 0.7280729166666667 0.023958333333333394 0.034652777777777644
0 0.29484374999999996 0.7160243055555556 0.024270833333333287 0.03934027777777764
0 0.32958333333333334 0.6922222222222223 0.02385416666666664 0.03309027777777764
0 0.38062500000000005 0.684375 0.03208333333333328 0.0405555555555555
0 0.40750000000000003 0.6601388888888888 0.04052083333333325 0.051145833333333356
0 0.44802083333333337 0.6561805555555555 0.025729166666666713 0.03802083333333321
0 0.44265625000000003 0.7011284722222222 0.025729166666666713 0.03802083333333339
0 0.40020833333333333 0.7221527777777779 0.025624999999999964 0.03645833333333322
0 0.3525520833333333 0.7265798611111112 0.020729166666666642 0.03260416666666668
0 0.36192708333333334 0.7398784722222222 0.02197916666666666 0.028159722222222072
0 0.31609375 0.7406423611111111 0.02354166666666675 0.028402777777777822
0 0.41932291666666666 0.7669618055555556 0.022083333333333323 0.02972222222222225
0 0.44229166666666664 0.7302777777777778 0.024166666666666715 0.03777777777777782
0 0.49078125000000006 0.7133506944444445 0.03260416666666668 0.0483680555555555
0 0.5195833333333333 0.672048611111111 0.029270833333333357 0.044756944444444356
0 0.6093229166666667 0.6994270833333334 0.03229166666666679 0.0436805555555555
0 0.6486979166666667 0.71265625 0.027395833333333286 0.039826388888888786
0 0.7029166666666666 0.7281944444444445 0.03208333333333328 0.0405555555555555
0 0.7709895833333333 0.7490451388888889 0.025729166666666713 0.03802083333333321
0 0.6810416666666667 0.7603125000000001 0.01885416666666657 0.027673611111111284
0 0.6214583333333333 0.742361111111111 0.024062499999999966 0.036215277777777645
0 0.6004166666666666 0.7619791666666667 0.01875 0.026111111111111106
0 0.5746354166666666 0.7461284722222222 0.020729166666666642 0.03260416666666668
0 0.5534375 0.75625 0.017291666666666573 0.027430555555555534
0 0.5484895833333333 0.771267361111111 0.021770833333333427 0.025034722222222073
0 0.5596875 0.8045833333333334 0.01854166666666668 0.022986111111111197
0 0.50546875 0.7772048611111111 0.015520833333333428 0.024062499999999966
0 0.49807291666666664 0.7578993055555555 0.02197916666666657 0.02815972222222225
0 0.5166666666666667 0.7394791666666667 0.028749999999999963 0.036944444444444356
0 0.46171875 0.74671875 0.020416666666666573 0.0279166666666665
0 0.46369791666666665 0.7762326388888889 0.018645833333333427 0.024548611111111108