0 0.06015625 0.33515625 0.0609375 0.0921875
0 0.1125 0.31875 0.05625 0.071875
0 0.01796875 0.3296875 0.0328125 0.09453125
0 0.23203125 0.4515625 0.0828125 0.1140625
0 0.28125 0.371875 0.065625 0.08984375
0 0.30390625 0.33515625 0.0421875 0.06953125
0 0.33671875 0.31015625 0.0515625 0.06953125
0 0.35390625 0.33203125 0.0515625 0.08984375
0 0.43671875 0.4 0.0796875 0.10546875
0 0.4265625 0.31640625 0.053125 0.05859375
0 0.525 0.33203125 0.053125 0.0671875
0 0.52421875 0.29453125 0.0328125 0.046875
0 0.62265625 0.29375 0.0390625 0.05859375
0 0.69921875 0.29375 0.0671875 0.08515625
0 0.6953125 0.35390625 0.08125 0.1078125
0 0.79140625 0.30234375 0.0703125 0.0984375
0 0.7625 0.2765625 0.0375 0.06015625
0 0.83671875 0.33046875 0.0421875 0.06953125
0 0.88125 0.3703125 0.06875 0.08984375
0 0.96015625 0.50703125 0.0734375 0.1796875
0 0.9390625 0.26328125 0.040625 0.05625