0 0.5313020833333333 0.7674999999999998 0.07875000000000014 0.09645833333333335
0 0.7048958333333333 0.5718576388888887 0.09010416666666679 0.12246527777777771
0 0.6621354166666666 0.5370659722222222 0.08416666666666668 0.11677083333333335
0 0.66875 0.3418981481481481 0.16062499999999993 0.21568287037037032
0 0.7614583333333333 0.42789351851851853 0.14416666666666664 0.1871064814814815
0 0.8295833333333332 0.5193460648148148 0.11635416666666672 0.1546180555555555
0 0.8784895833333334 0.46294560185185185 0.10614583333333343 0.1494791666666666
0 0.58328125 0.5168229166666667 0.10166666666666657 0.13820601851851855
0 0.5419791666666667 0.4022222222222222 0.13843750000000005 0.17114583333333327
0 0.4625520833333333 0.44298032407407406 0.11291666666666664 0.15829861111111115
0 0.4090625 0.25637731481481485 0.17541666666666664 0.2380092592592593
0 0.33760416666666665 0.33849537037037036 0.13499999999999995 0.17482638888888893
0 0.3409375 0.49945601851851845 0.09052083333333324 0.12402777777777771
0 0.25552083333333336 0.4728472222222222 0.09156250000000003 0.11688657407407402
0 0.23515625 0.5337268518518519 0.09052083333333334 0.12402777777777771
0 0.09666666666666666 0.45524305555555555 0.0965625 0.135636574074074
0 0.10010416666666666 0.49810763888888887 0.08572916666666666 0.11710648148148142
0 0.09598958333333334 0.16507523148148148 0.19197916666666667 0.26291666666666663
0 0.015755208333333336 0.6751678240740742 0.03151041666666667 0.26357638888888885