0 0.11230902777777778 0.42074074074074075 0.09344907407407406 0.09749999999999996
0 0.1771875 0.35435185185185186 0.07981481481481482 0.08508101851851854
0 0.31822337962962965 0.39730324074074075 0.07620370370370377 0.08002314814814823
0 0.25125000000000003 0.48813657407407407 0.08245370370370378 0.08076388888888886
0 0.42658564814814814 0.4525868055555556 0.06758101851851847 0.07128472222222229
0 0.4211168981481482 0.5561111111111112 0.08590277777777774 0.08425925925925917
0 0.5409317129629629 0.5209259259259259 0.07717592592592588 0.08939814814814824
0 0.568900462962963 0.6492476851851852 0.08218750000000004 0.0930787037037037
0 0.6651388888888888 0.5950636574074074 0.07340277777777793 0.08277777777777776
0 0.7904398148148148 0.627662037037037 0.08326388888888872 0.08857638888888886
0 0.7255960648148149 0.7241493055555555 0.08358796296296304 0.09170138888888886
0 0.8720081018518518 0.8263831018518518 0.095173611111111 0.09924768518518512
0 0.9557233796296296 0.8818807870370371 0.0885532407407407 0.1093634259259261