0 0.06953125 0.5375 0.06171875 0.09296875
0 0.11796875 0.56015625 0.06640625 0.09765625
0 0.1734375 0.45234375 0.053125 0.0828125
0 0.24140625 0.47109375 0.053125 0.06015625
0 0.2421875 0.215625 0.0515625 0.0703125
0 0.315625 0.62421875 0.06796875 0.10546875
0 0.2671875 0.7546875 0.0984375 0.15546875
0 0.45078125 0.7515625 0.09140625 0.15
0 0.49453125 0.54609375 0.06171875 0.1
0 0.49140625 0.47109375 0.05 0.08046875
0 0.47265625 0.43203125 0.0484375 0.06796875
0 0.40703125 0.49609375 0.06015625 0.08515625
0 0.39140625 0.43984375 0.04296875 0.0625
0 0.703125 0.47265625 0.05703125 0.1078125
0 0.70859375 0.42109375 0.05 0.08046875
0 0.7625 0.5765625 0.078125 0.1203125
0 0.828125 0.696875 0.1203125 0.15546875
0 0.9171875 0.51484375 0.08203125 0.128125
0 0.8328125 0.4734375 0.071875 0.10546875
0 0.79921875 0.40234375 0.0546875 0.0828125