0 0.14453125 0.55 0.05078125 0.08203125
0 0.28203125 0.5703125 0.034375 0.05
0 0.4265625 0.53828125 0.03046875 0.040625
0 0.365625 0.51796875 0.03046875 0.03671875
0 0.36875 0.4796875 0.0171875 0.03203125
0 0.29453125 0.5 0.0171875 0.02734375
0 0.309375 0.525 0.02734375 0.03203125
0 0.42890625 0.465625 0.0203125 0.02265625
0 0.46796875 0.45234375 0.0171875 0.03203125
0 0.49453125 0.48671875 0.0234375 0.03671875
0 0.5375 0.515625 0.02734375 0.03203125
0 0.54609375 0.440625 0.0171875 0.02734375
0 0.58984375 0.4296875 0.0171875 0.03203125
0 0.634375 0.41328125 0.03046875 0.03671875
0 0.68203125 0.44765625 0.03046875 0.040625
0 0.68671875 0.51328125 0.034375 0.0546875
0 0.9453125 0.44296875 0.0609375 0.08671875
0 0.91484375 0.39765625 0.034375 0.059375
0 0.9 0.3546875 0.0234375 0.03671875
0 0.94375 0.3453125 0.0234375 0.03671875
0 0.97265625 0.33671875 0.02734375 0.03671875
0 0.865625 0.37265625 0.03046875 0.0453125
0 0.8484375 0.41171875 0.0234375 0.040625
0 0.8265625 0.41328125 0.02734375 0.0453125
0 0.79765625 0.41796875 0.0234375 0.0453125
0 0.81328125 0.3796875 0.02734375 0.040625
0 0.715625 0.4 0.0234375 0.03671875
0 0.734375 0.38203125 0.0203125 0.03671875
0 0.68046875 0.4 0.0203125 0.03671875