0 0.45876736111111105 0.3113483796296296 0.16121527777777783 0.2225578703703704
0 0.30585069444444446 0.4141608796296296 0.07888888888888887 0.09728009259259256
0 0.24937500000000004 0.4575983796296296 0.08322916666666665 0.11303240740740747
0 0.19817708333333334 0.45939236111111104 0.06951388888888888 0.09651620370370359
0 0.15977430555555555 0.47520254629629627 0.06711805555555558 0.09170138888888886
0 0.13496527777777778 0.4827719907407408 0.04631944444444445 0.06998842592592602
0 0.10798611111111112 0.518258101851852 0.034895833333333307 0.04903935185185197
0 0.2117534722222222 0.544675925925926 0.03517361111111113 0.050601851851851974
0 0.25967013888888885 0.5288831018518518 0.046215277777777786 0.06074074074074076
0 0.2977430555555555 0.5067592592592594 0.046215277777777786 0.06074074074074076
0 0.3390625 0.507355324074074 0.047499999999999966 0.0593055555555555
0 0.3781423611111111 0.5176446759259259 0.04961805555555561 0.06255787037037042
0 0.41637152777777775 0.4741087962962963 0.06489583333333333 0.07920138888888886
0 0.46232638888888894 0.5052372685185185 0.04788194444444436 0.07011574074074076
0 0.50265625 0.48689236111111106 0.06618055555555565 0.0777662037037036
0 0.5811631944444444 0.49159143518518517 0.0749305555555555 0.0923379629629629
0 0.5547048611111112 0.5389236111111112 0.05496527777777782 0.07531250000000007
0 0.5906770833333332 0.5629398148148148 0.0344444444444445 0.05516203703703706
0 0.4532118055555555 0.6367534722222222 0.05385416666666672 0.06906250000000007
0 0.6593055555555555 0.5700289351851853 0.033333333333333215 0.04891203703703688
0 0.6784722222222223 0.5351793981481482 0.057083333333333285 0.07856481481481481
0 0.7414930555555556 0.5062673611111111 0.07944444444444443 0.10040509259259256
0 0.7222395833333334 0.5450868055555556 0.05045138888888889 0.06724537037037041
0 0.7221180555555555 0.5934432870370371 0.020069444444444428 0.026273148148148094
0 0.7605034722222223 0.599826388888889 0.02385416666666664 0.03890046296296283
0 0.7431423611111111 0.5735011574074074 0.0360069444444445 0.05528935185185198
0 0.7768055555555555 0.51765625 0.05368055555555564 0.07674768518518515
0 0.7924826388888888 0.5567997685185185 0.03590277777777793 0.04604166666666672
0 0.7932812499999999 0.6058738425925926 0.023020833333333178 0.034212962962962834
0 0.8122569444444444 0.6011574074074074 0.025590277777777715 0.031342592592592665
0 0.8180381944444445 0.6292187499999999 0.023749999999999716 0.02965277777777775
0 0.8647743055555555 0.6602835648148148 0.026979166666666644 0.039155092592592665
0 0.9003125000000001 0.5971527777777779 0.031388888888889 0.03797453703703688
0 0.8978645833333333 0.6235069444444445 0.024201388888888786 0.023530092592592665
0 0.8768576388888889 0.5855902777777777 0.031388888888889 0.03797453703703706
0 0.8437326388888888 0.5597569444444443 0.03461805555555557 0.04747685185185198
0 0.8267013888888888 0.5754108796296296 0.028541666666666642 0.039282407407407405
0 0.8571180555555555 0.5325115740740741 0.05017361111111107 0.06568287037037042
0 0.886545138888889 0.5420023148148149 0.03194444444444429 0.04109953703703706
0 0.9296701388888888 0.5527546296296297 0.03673611111111086 0.050729166666666714
0 0.9517708333333333 0.6191145833333334 0.02809027777777793 0.045405092592592664
0 0.9785937499999999 0.6050405092592592 0.030104166666666998 0.039409722222222145
0 0.9872743055555556 0.6208101851851853 0.025451388888888715 0.03628472222222214
0 0.9774913194444445 0.3746643518518519 0.04501736111111114 0.1790972222222223
0 0.9750260416666666 0.4738599537037037 0.04994791666666672 0.10560185185185186
0 0.9786197916666666 0.5398321759259259 0.042760416666666856 0.0624305555555555
0 0.9607291666666666 0.544675925925926 0.04392361111111107 0.06517361111111111
0 0.8308854166666666 0.3983275462962963 0.1267708333333335 0.16739583333333333
0 0.7246701388888889 0.29126736111111107 0.17749999999999985 0.23620370370370375