0 0.9902604166666666 0.549045138888889 0.019479166666666714 0.14565972222222215
0 0.9915104166666666 0.41689236111111116 0.016979166666666858 0.10138888888888889
0 0.9417708333333333 0.37555555555555553 0.06927083333333321 0.08722222222222217
0 0.88046875 0.3682986111111111 0.06812499999999985 0.09031249999999993
0 0.8618229166666665 0.46352430555555557 0.08468749999999972 0.109375
0 0.8328645833333332 0.375625 0.06927083333333348 0.08722222222222227
0 0.790625 0.3467881944444445 0.06239583333333343 0.08239583333333336
0 0.74015625 0.3737673611111111 0.05916666666666668 0.06986111111111111
0 0.7471354166666666 0.4261111111111111 0.06531249999999993 0.08090277777777785
0 0.75765625 0.49326388888888884 0.09510416666666668 0.11739583333333332
0 0.9384375 0.8336631944444445 0.12312499999999993 0.20597222222222208
0 0.74875 0.6321527777777778 0.15749999999999992 0.19979166666666667
0 0.6443229166666666 0.4425 0.07458333333333336 0.09201388888888892
0 0.6904166666666667 0.4414756944444444 0.06416666666666657 0.08399305555555561
0 0.67390625 0.37053819444444447 0.05333333333333332 0.07284722222222229
0 0.5753645833333334 0.28967013888888893 0.04562500000000007 0.06177083333333329
0 0.6100520833333334 0.43229166666666663 0.053749999999999964 0.07597222222222225
0 0.64359375 0.4017708333333333 0.0576041666666665 0.06982638888888885
0 0.5310416666666666 0.4450173611111111 0.06697916666666667 0.0934027777777778
0 0.5739583333333333 0.5083159722222221 0.07781249999999992 0.104548611111111
0 0.5965104166666666 0.7421006944444445 0.19979166666666667 0.2365624999999998
0 0.5372916666666667 0.5976736111111111 0.11572916666666658 0.15524305555555565
0 0.4615625 0.5115972222222223 0.08520833333333329 0.12496527777777774
0 0.4228645833333333 0.4623090277777777 0.06614583333333339 0.08715277777777786
0 0.3221354166666667 0.45906250000000004 0.06927083333333339 0.08722222222222217
0 0.3309895833333333 0.572482638888889 0.10333333333333332 0.14406250000000007
0 0.3995833333333333 0.7049479166666666 0.1630208333333333 0.22951388888888893
0 0.2208333333333333 0.5631770833333334 0.10291666666666666 0.14093750000000008
0 0.1540625 0.5913020833333333 0.10958333333333332 0.1442013888888889