0 0.8520833333333332 0.6652199074074073 0.11024305555555562 0.14351851851851852
0 0.8376157407407409 0.5595486111111111 0.06805555555555572 0.09120370370370381
0 0.9085648148148149 0.5476851851851852 0.05931712962962976 0.07667824074074084
0 0.7816261574074075 0.5521990740740741 0.05954861111111107 0.07980324074074083
0 0.7486689814814815 0.5778935185185186 0.05729166666666661 0.0700231481481481
0 0.7108506944444445 0.5187210648148148 0.04600694444444446 0.0625
0 0.6792824074074074 0.5471643518518519 0.07094907407407405 0.08888888888888893
0 0.6408275462962962 0.5180844907407407 0.054050925925925954 0.06765046296296298
0 0.6425347222222222 0.5917824074074074 0.07523148148148148 0.10532407407407404
0 0.5890335648148148 0.5938368055555555 0.07835648148148149 0.10613425925925916
0 0.5946180555555556 0.5291956018518519 0.03223379629629619 0.04207175925925917
0 0.55234375 0.5516782407407408 0.03726851851851851 0.047974537037037024
0 0.5073784722222221 0.5567418981481481 0.04409722222222214 0.05740740740740726
0 0.5139756944444445 0.5966724537037036 0.04959490740740744 0.06956018518518511
0 0.41585648148148147 0.5561053240740741 0.04745370370370363 0.06134259259259274
0 0.3988136574074074 0.5604456018518519 0.04959490740740735 0.06956018518518511
0 0.3446180555555555 0.571875 0.05931712962962958 0.07667824074074084
0 0.28541666666666665 0.5756365740740741 0.05057870370370372 0.062152777777777855
0 0.26875 0.45665509259259257 0.04444444444444447 0.062094907407407265
0 0.24690393518518516 0.6978298611111111 0.12413194444444446 0.16550925925925916
0 0.37297453703703703 0.8555266203703704 0.21290509259259255 0.28813657407407406
0 0.1382523148148148 0.7349537037037037 0.09131944444444445 0.115625
0 0.16377314814814814 0.6484085648148148 0.0763310185185185 0.0994791666666666
0 0.12939814814814815 0.5964988425925926 0.06469907407407409 0.08726851851851851
0 0.09699074074074074 0.5825231481481481 0.05775462962962963 0.07627314814814809
0 0.03781828703703703 0.622829861111111 0.07563657407407406 0.09947916666666679