0 0.20138310185185185 0.30038773148148146 0.09541666666666666 0.09899305555555556
0 0.16234374999999998 0.2547164351851852 0.07649305555555555 0.07545138888888889
0 0.2612905092592593 0.31335069444444447 0.07616898148148152 0.07388888888888889
0 0.2847511574074074 0.2681423611111111 0.05353009259259256 0.05499999999999998
0 0.32219907407407405 0.31771412037037033 0.06986111111111111 0.06604166666666664
0 0.3042997685185185 0.39269675925925923 0.11142361111111114 0.10847222222222222
0 0.4102604166666667 0.32697337962962963 0.07363425925925923 0.06918981481481482
0 0.3562673611111111 0.3383101851851852 0.05697916666666671 0.05658564814814815
0 0.35130787037037037 0.29054398148148153 0.05190972222222214 0.04718750000000007
0 0.42098958333333336 0.20733796296296295 0.048784722222222146 0.04716435185185188
0 0.4447511574074074 0.3115798611111111 0.0444212962962963 0.048692129629629655
0 0.4373321759259259 0.3850752314814815 0.08000000000000003 0.08483796296296298
0 0.44419560185185186 0.4500694444444445 0.1401041666666666 0.14144675925925934
0 0.588570601851852 0.49339120370370376 0.13061342592592595 0.12577546296296305
0 0.5547569444444445 0.39611689814814816 0.08377314814814803 0.08798611111111114
0 0.5051620370370371 0.34097800925925925 0.07050925925925924 0.06916666666666664
0 0.5027662037037037 0.2846238425925926 0.050995370370370455 0.050300925925925985
0 0.546712962962963 0.321724537037037 0.05046296296296297 0.06277777777777782
0 0.602199074074074 0.34091435185185187 0.052291666666666715 0.0565509259259259
0 0.6255497685185185 0.35282407407407407 0.06016203703703695 0.06440972222222223
0 0.6389699074074074 0.39752314814814815 0.08657407407407405 0.0864467592592593
0 0.6957407407407408 0.4331539351851852 0.09795138888888885 0.10369212962962955
0 0.7495659722222221 0.38112847222222224 0.06484953703703696 0.06444444444444439
0 0.7861747685185185 0.43851851851851853 0.08975694444444446 0.09427083333333339
0 0.8750289351851851 0.4250925925925926 0.07778935185185176 0.08170138888888889
0 0.8016493055555556 0.6279861111111111 0.17293981481481496 0.18693287037037046