0 0.01796875 0.4171875 0.0328125 0.07265625
0 0.0578125 0.41875 0.0421875 0.08515625
0 0.1078125 0.43671875 0.04375 0.08046875
0 0.16171875 0.46796875 0.046875 0.08515625
0 0.18984375 0.43125 0.02890625 0.06484375
0 0.25234375 0.4546875 0.05625 0.10078125
0 0.3 0.4546875 0.02890625 0.06484375
0 0.32109375 0.41328125 0.02890625 0.059375
0 0.365625 0.42265625 0.02890625 0.07265625
0 0.4140625 0.41171875 0.03671875 0.0828125
0 0.37578125 0.5359375 0.04765625 0.10859375
0 0.478125 0.471875 0.053125 0.1296875
0 0.56328125 0.4390625 0.0640625 0.14765625
0 0.64765625 0.43359375 0.04765625 0.11640625
0 0.74140625 0.41328125 0.05234375 0.10078125
0 0.77421875 0.4546875 0.03046875 0.08046875
0 0.890625 0.403125 0.04921875 0.10625
0 0.68515625 0.446875 0.0328125 0.08515625