0 0.07874421296296297 0.5340277777777778 0.15748842592592593 0.19756944444444446
0 0.08296296296296297 0.6178761574074074 0.11913194444444444 0.13732638888888893
0 0.2522627314814815 0.5193229166666666 0.1478125 0.1762847222222222
0 0.09656828703703704 0.3168113425925926 0.19313657407407409 0.3601273148148148
0 0.39962962962962967 0.4258101851851852 0.1177777777777778 0.15130787037037036
0 0.4375520833333333 0.4480439814814815 0.10653935185185186 0.13042824074074066
0 0.47177083333333336 0.6148900462962963 0.06999999999999992 0.0879398148148148
0 0.4497511574074074 0.16584780092592594 0.2941782407407407 0.3316956018518519
0 0.6430555555555555 0.13885416666666667 0.25451388888888893 0.27770833333333333
0 0.8295428240740741 0.1262326388888889 0.19582175925925932 0.2524652777777778
0 0.7046238425925926 0.33661458333333333 0.10332175925925924 0.12401620370370373
0 0.5552083333333334 0.3576331018518518 0.09861111111111107 0.12221064814814815
0 0.5822453703703704 0.4296122685185185 0.09373842592592592 0.10946759259259262