0 0.34609375 0.378125 0.1375 0.2421875
0 0.45 0.4359375 0.096875 0.16796875
0 0.68828125 0.4390625 0.09375 0.16796875
0 0.56640625 0.64609375 0.18828125 0.24921875
0 0.51796875 0.33984375 0.0671875 0.09296875
0 0.5125 0.30546875 0.0515625 0.0765625
0 0.4671875 0.27578125 0.0453125 0.0609375
0 0.4453125 0.24765625 0.02578125 0.04609375
0 0.40234375 0.28203125 0.04296875 0.071875
0 0.425 0.34296875 0.04765625 0.08984375
0 0.25703125 0.23203125 0.034375 0.05703125
0 0.234375 0.2328125 0.03359375 0.05234375
0 0.1046875 0.2375 0.04375 0.06484375
0 0.034375 0.2796875 0.0453125 0.07109375