0 0.9132118055555555 0.42725694444444445 0.04306712962962962 0.06875
0 0.8670833333333334 0.43515625 0.04299768518518547 0.0640625
0 0.8467650462962963 0.4921875 0.035231481481481454 0.06545138888888893
0 0.8097395833333334 0.4267361111111111 0.04162037037037045 0.07621527777777781
0 0.7876099537037037 0.5202256944444444 0.036817129629629616 0.06736111111111107
0 0.7516087962962963 0.47100694444444446 0.03994212962962962 0.06805555555555554
0 0.7288425925925927 0.5215277777777778 0.03527777777777778 0.06857638888888892
0 0.918611111111111 0.20972222222222223 0.04950231481481495 0.08263888888888893
0 0.8056539351851851 0.36258680555555556 0.036840277777777784 0.06892361111111107
0 0.8169560185185185 0.2260416666666667 0.04642361111111128 0.08506944444444446
0 0.7330266203703704 0.22196180555555553 0.04339120370370377 0.090625
0 0.6930671296296296 0.22300347222222222 0.041736111111111106 0.08402777777777777
0 0.7260011574074074 0.38263888888888886 0.046354166666666606 0.08038194444444438
0 0.6965972222222222 0.4612847222222222 0.033645833333333285 0.06354166666666661
0 0.6737500000000001 0.5063368055555555 0.03206018518518512 0.06163194444444429
0 0.645792824074074 0.47100694444444446 0.032037037037036954 0.06006944444444447
0 0.6240972222222222 0.43506944444444445 0.04313657407407412 0.0734375
0 0.6721064814814814 0.3953993055555555 0.03688657407407412 0.07204861111111108
0 0.633275462962963 0.5255208333333334 0.03674768518518512 0.06267361111111107
0 0.6054745370370369 0.5536458333333334 0.03516203703703695 0.06076388888888893
0 0.541087962962963 0.44019097222222225 0.04633101851851862 0.07881944444444447
0 0.5382928240740741 0.5160590277777778 0.04311342592592595 0.071875
0 0.5240335648148149 0.61171875 0.04315972222222229 0.075
0 0.5762962962962963 0.27717013888888886 0.04164351851851862 0.07777777777777777
0 0.5443460648148148 0.28975694444444444 0.04499999999999993 0.09409722222222214
0 0.48376736111111107 0.5391493055555555 0.03518518518518512 0.06232638888888893
0 0.4587731481481481 0.5980034722222223 0.03525462962962962 0.06701388888888893
0 0.43656249999999996 0.5802083333333334 0.03833333333333329 0.06458333333333321
0 0.43475115740740744 0.29921875 0.04803240740740726 0.0885416666666666
0 0.39364583333333336 0.4345486111111111 0.04481481481481477 0.08159722222222218
0 0.3773900462962963 0.5541666666666666 0.03851851851851853 0.07708333333333321
0 0.3753067129629629 0.625173611111111 0.03525462962962962 0.06701388888888893
0 0.32872685185185185 0.6026041666666666 0.03527777777777778 0.06857638888888892
0 0.3139120370370371 0.5549479166666667 0.03849537037037036 0.07552083333333322
0 0.36960069444444443 0.3458333333333333 0.04814814814814809 0.0963541666666667
0 0.26706018518518515 0.3552951388888889 0.054328703703703685 0.09305555555555553
0 0.25080439814814814 0.5807291666666666 0.03527777777777778 0.06857638888888892
0 0.2696064814814815 0.632986111111111 0.03362268518518512 0.061979166666666786
0 0.24295138888888887 0.632638888888889 0.03210648148148145 0.06475694444444428
0 0.2194907407407407 0.6362847222222221 0.027395833333333286 0.062152777777777855
0 0.22427083333333334 0.5356770833333334 0.041736111111111106 0.08402777777777785
0 0.1848090277777778 0.35868055555555556 0.04805555555555556 0.0901041666666667
0 0.12488425925925925 0.3876736111111111 0.051296296296296305 0.09861111111111116
0 0.17561921296296296 0.5848958333333333 0.046354166666666696 0.08038194444444446