0 0.1551736111111111 0.7549652777777778 0.06986111111111111 0.09068287037037023
0 0.2653125 0.8468576388888888 0.13222222222222227 0.16651620370370362
0 0.38657986111111114 0.9627083333333333 0.1358680555555556 0.07458333333333336
0 0.3307465277777778 0.7747569444444444 0.09395833333333332 0.11843749999999993
0 0.40772569444444445 0.8586111111111112 0.11819444444444435 0.14775462962962962
0 0.48725694444444445 0.9041116898148148 0.1618402777777778 0.1917766203703703
0 0.4227430555555555 0.7755266203703703 0.10600694444444443 0.13231481481481494
0 0.4852083333333333 0.6960995370370371 0.07624999999999993 0.09303240740740737
0 0.5516319444444445 0.8002546296296297 0.13475694444444458 0.1776504629629631
0 0.5445486111111111 0.7205671296296297 0.1027430555555556 0.1303587962962963
0 0.5697569444444445 0.6912962962962963 0.06461805555555547 0.08384259259259252
0 0.6446701388888889 0.6736921296296297 0.07437500000000004 0.10670138888888889
0 0.5192361111111111 0.4879456018518519 0.06857638888888892 0.09361111111111117
0 0.6859027777777778 0.6943344907407407 0.08559027777777786 0.11120370370370374
0 0.7230208333333333 0.7816666666666666 0.121875 0.1543981481481481
0 0.7443923611111111 0.6483969907407408 0.08885416666666668 0.11315972222222222
0 0.8148090277777778 0.6758043981481482 0.11447916666666665 0.1581018518518519
0 0.863454861111111 0.6147222222222222 0.08559027777777786 0.11120370370370374
0 0.9235243055555558 0.6647743055555556 0.08885416666666686 0.11315972222222222
0 0.9736545138888889 0.6163020833333334 0.052690972222222146 0.09791666666666661