0 0.50390625 0.70859375 0.2171875 0.35234375
0 0.08984375 0.57265625 0.17734375 0.2578125
0 0.053125 0.22109375 0.06484375 0.09453125
0 0.2625 0.29453125 0.09453125 0.1390625
0 0.325 0.425 0.121875 0.171875
0 0.3640625 0.25 0.0703125 0.1140625
0 0.3953125 0.21171875 0.05234375 0.09453125
0 0.48828125 0.2203125 0.05546875 0.0921875
0 0.55 0.321875 0.08671875 0.14140625
0 0.684375 0.41171875 0.13046875 0.17421875
0 0.6515625 0.2546875 0.0703125 0.11171875
0 0.603125 0.16875 0.053125 0.07578125
0 0.68046875 0.20234375 0.06953125 0.10078125
0 0.7328125 0.19375 0.04765625 0.084375
0 0.7921875 0.26953125 0.09609375 0.14921875
0 0.88828125 0.25 0.0625 0.1171875
0 0.925 0.175 0.0578125 0.08046875
0 0.91484375 0.2171875 0.05546875 0.0859375