0 0.08515625 0.4078125 0.046875 0.07265625
0 0.10625 0.39296875 0.03046875 0.05234375
0 0.1796875 0.3796875 0.05078125 0.0609375
0 0.1578125 0.36953125 0.02890625 0.0359375
0 0.2125 0.35 0.02421875 0.03671875
0 0.23125 0.3640625 0.02890625 0.034375
0 0.23828125 0.34296875 0.021875 0.03359375
0 0.26875 0.34921875 0.0265625 0.0328125
0 0.29921875 0.34140625 0.0296875 0.0359375
0 0.321875 0.45703125 0.06171875 0.0859375
0 0.3703125 0.41015625 0.04140625 0.0578125
0 0.39765625 0.3828125 0.0328125 0.04609375
0 0.4234375 0.36640625 0.02421875 0.0421875
0 0.44375 0.3578125 0.02265625 0.0359375
0 0.446875 0.3328125 0.01796875 0.02734375
0 0.47578125 0.29609375 0.015625 0.0296875
0 0.453125 0.44296875 0.05390625 0.07265625
0 0.4828125 0.38515625 0.0390625 0.05859375
0 0.4953125 0.340625 0.02421875 0.0328125
0 0.625 0.3265625 0.02109375 0.0296875
0 0.63359375 0.34296875 0.0234375 0.0296875
0 0.6546875 0.35859375 0.02890625 0.04140625
0 0.68046875 0.35 0.025 0.03046875
0 0.67890625 0.33125 0.0140625 0.025
0 0.7234375 0.35 0.03046875 0.04296875
0 0.72109375 0.40546875 0.04375 0.05859375
0 0.7625 0.45546875 0.0578125 0.07578125
0 0.765625 0.375 0.0375 0.04609375
0 0.83984375 0.41484375 0.0484375 0.0609375
0 0.8453125 0.20078125 0.0203125 0.03359375
0 0.8625 0.1953125 0.02109375 0.04296875
0 0.915625 0.19765625 0.02265625 0.04609375
0 0.93125 0.56875 0.09453125 0.1359375
0 0.925 0.46171875 0.07578125 0.103125