0 0.7391493055555556 0.6806365740740741 0.2890625 0.4181018518518519
0 0.7862847222222222 0.5137037037037037 0.2253472222222223 0.235636574074074
0 0.7841145833333334 0.4365914351851852 0.15833333333333321 0.1703819444444445
0 0.829861111111111 0.4079629629629629 0.14166666666666677 0.15098379629629624
0 0.721875 0.14327546296296295 0.19618055555555572 0.21559027777777778
0 0.5473958333333334 0.30291087962962965 0.10208333333333322 0.11186342592592595
0 0.4627604166666667 0.28413194444444445 0.10225694444444447 0.10569444444444445
0 0.40859375 0.30547453703703703 0.15607638888888892 0.16717592592592592
0 0.3623263888888889 0.32949652777777777 0.14565972222222223 0.14810185185185185
0 0.31371527777777775 0.28413773148148147 0.1260416666666666 0.13627314814814814
0 0.3372395833333333 0.21650462962962963 0.10451388888888893 0.10890046296296294
0 0.23480902777777776 0.2326273148148148 0.16371527777777778 0.15984953703703705
0 0.19340277777777778 0.17222222222222222 0.12239583333333334 0.1268171296296296
0 0.09817708333333333 0.22195023148148146 0.1345486111111111 0.13980324074074077
0 0.10833333333333332 0.15887152777777777 0.1078125 0.11679398148148153