0 0.15503472222222223 0.4570833333333333 0.19837962962962957 0.3295833333333334
0 0.18813657407407408 0.22156250000000002 0.1980324074074074 0.22770833333333335
0 0.407349537037037 0.3675 0.11440972222222219 0.15114583333333337
0 0.3538483796296296 0.40744791666666663 0.04733796296296298 0.055625000000000036
0 0.505005787037037 0.38234375 0.03478009259259256 0.03781250000000007
0 0.45219907407407406 0.39614583333333336 0.03981481481481488 0.05666666666666664
0 0.5281828703703704 0.3879166666666667 0.04664351851851869 0.06020833333333338
0 0.5944733796296295 0.39140625 0.043229166666666784 0.05843749999999996
0 0.6570891203703704 0.35796875 0.06400462962962976 0.07062499999999998
0 0.6967592592592593 0.3671875 0.05063657407407405 0.0651041666666667
0 0.82421875 0.39348958333333334 0.08761574074074083 0.12312500000000001
0 0.9143229166666668 0.36822916666666666 0.17135416666666642 0.21416666666666667
0 0.979542824074074 0.41885416666666664 0.0409143518518519 0.08125