0 0.125 0.61640625 0.06328125 0.09921875
0 0.203125 0.58828125 0.05234375 0.075
0 0.278125 0.546875 0.04140625 0.05625
0 0.3359375 0.53046875 0.02890625 0.03984375
0 0.3421875 0.51953125 0.02421875 0.028125
0 0.36875 0.50390625 0.02421875 0.034375
0 0.3890625 0.509375 0.0234375 0.0375
0 0.4015625 0.49921875 0.0234375 0.025
0 0.3875 0.5703125 0.04765625 0.07578125
0 0.33125 0.63203125 0.06328125 0.09921875
0 0.50234375 0.7265625 0.0890625 0.12421875
0 0.48515625 0.6609375 0.05625 0.06953125
0 0.5078125 0.58046875 0.0359375 0.046875
0 0.503125 0.54609375 0.025 0.03203125
0 0.49375 0.52890625 0.02890625 0.02890625
0 0.50625 0.50703125 0.01953125 0.03125
0 0.4671875 0.52109375 0.02109375 0.02890625
0 0.459375 0.50078125 0.02421875 0.03125
0 0.56015625 0.51796875 0.021875 0.02890625
0 0.6 0.47578125 0.01640625 0.03125
0 0.6015625 0.55234375 0.0265625 0.04140625
0 0.6109375 0.59453125 0.0328125 0.04375
0 0.646875 0.60859375 0.04609375 0.065625
0 0.625 0.53828125 0.02265625 0.02890625
0 0.64375 0.5125 0.0140625 0.02109375
0 0.68984375 0.525 0.0203125 0.03125
0 0.7109375 0.53984375 0.02578125 0.03125
0 0.70625 0.5671875 0.03515625 0.046875
0 0.71953125 0.60625 0.04375 0.0625
0 0.740625 0.553125 0.0234375 0.03984375
0 0.78125 0.78046875 0.0828125 0.12890625
0 0.8671875 0.69140625 0.07578125 0.10078125
0 0.8046875 0.60234375 0.04296875 0.05703125
0 0.76875 0.54609375 0.025 0.034375
0 0.7515625 0.52578125 0.0171875 0.021875
0 0.78203125 0.52421875 0.01875 0.028125
0 0.8 0.52734375 0.01640625 0.02890625
0 0.83671875 0.5421875 0.0265625 0.03828125
0 0.84765625 0.52578125 0.0171875 0.02265625
0 0.8640625 0.58828125 0.03203125 0.04921875
0 0.8609375 0.546875 0.0203125 0.03515625
0 0.8859375 0.54453125 0.02265625 0.03203125
0 0.91796875 0.54609375 0.028125 0.03671875
0 0.934375 0.57734375 0.03359375 0.05
0 0.9734375 0.5703125 0.03046875 0.04296875