0 0.028255208333333337 0.7776909722222223 0.056510416666666674 0.1374305555555555
0 0.009895833333333336 0.7093576388888889 0.019791666666666673 0.0922569444444445
0 0.04982638888888889 0.7075694444444445 0.07638888888888888 0.09923611111111122
0 0.025086805555555557 0.6933506944444444 0.05017361111111111 0.073576388888889
0 0.11328125 0.6563368055555555 0.06232638888888892 0.08211805555555554
0 0.1296875 0.6318055555555555 0.040277777777777767 0.061527777777777716
0 0.34965277777777776 0.4647916666666667 0.05052083333333339 0.07163194444444443
0 0.3548611111111111 0.5068402777777778 0.055902777777777767 0.07902777777777778
0 0.40069444444444446 0.5047569444444445 0.07239583333333326 0.10434027777777785
0 0.44609375 0.5202604166666667 0.08888888888888893 0.11597222222222214
0 0.45034722222222223 0.4409375 0.0515625 0.06732638888888882
0 0.41128472222222223 0.3615625 0.03576388888888893 0.04826388888888884
0 0.517361111111111 0.43975694444444446 0.07291666666666678 0.09534722222222225
0 0.5536458333333334 0.5167708333333334 0.1432291666666668 0.19461805555555553
0 0.5964409722222223 0.44626736111111115 0.09270833333333339 0.1229861111111111
0 0.6123263888888889 0.3443402777777778 0.043229166666666784 0.06072916666666668
0 0.6419270833333333 0.3447048611111111 0.04444444444444447 0.05798611111111116
0 0.6647569444444444 0.31708333333333333 0.03923611111111107 0.052152777777777715
0 0.7704861111111111 0.5146875 0.2307291666666668 0.31177083333333333
0 0.7455729166666666 0.40373263888888894 0.1265625 0.1677430555555556
0 0.7311631944444444 0.3213715277777778 0.07864583333333322 0.10586805555555552
0 0.7401909722222222 0.2880034722222222 0.05399305555555554 0.0755208333333333
0 0.8105902777777778 0.23583333333333334 0.055034722222222145 0.07121527777777778
0 0.8361979166666667 0.29265625 0.08246527777777786 0.1128819444444444
0 0.8423611111111111 0.2029861111111111 0.048263888888888926 0.06500000000000002
0 0.8730902777777778 0.21371527777777777 0.05520833333333357 0.07277777777777779
0 0.90859375 0.24303819444444447 0.08385416666666679 0.11170138888888888