0 0.18845486111111112 0.8618344907407408 0.17528935185185182 0.24971064814814808
0 0.19487847222222224 0.7591724537037037 0.24050925925925926 0.37662037037037044
0 0.4546296296296296 0.6151041666666666 0.0971643518518519 0.15144675925925916
0 0.5149305555555556 0.5866319444444444 0.1259837962962962 0.21730324074074084
0 0.6049768518518519 0.575462962962963 0.2193287037037038 0.3494212962962962
0 0.6772280092592593 0.48735532407407406 0.13368055555555552 0.2575231481481481
0 0.7338541666666667 0.5295717592592593 0.16365740740740745 0.3127314814814815
0 0.8219328703703704 0.5714699074074074 0.2006944444444443 0.3490740740740741
0 0.8855034722222221 0.37361111111111106 0.22899305555555563 0.4033564814814815
0 0.9062789351851851 0.5550636574074075 0.12094907407407404 0.20706018518518512
0 0.9517216435185185 0.585763888888889 0.09655671296296298 0.21545138888888893
0 0.9793113425925926 0.5833912037037037 0.04137731481481488 0.22777777777777786