0 0.1546875 0.61640625 0.10390625 0.1921875
0 0.1515625 0.49453125 0.08984375 0.11875
0 0.12265625 0.42734375 0.0640625 0.1015625
0 0.0875 0.378125 0.053125 0.07578125
0 0.14453125 0.35546875 0.0390625 0.0484375
0 0.1609375 0.3984375 0.034375 0.078125
0 0.1359375 0.3328125 0.0390625 0.0515625
0 0.265625 0.31171875 0.040625 0.06640625
0 0.459375 0.3 0.03203125 0.05234375
0 0.52890625 0.45859375 0.09609375 0.1625
0 0.58828125 0.30546875 0.0296875 0.0546875
0 0.6359375 0.31171875 0.0328125 0.0578125
0 0.6890625 0.2859375 0.02421875 0.05
0 0.69765625 0.33203125 0.03203125 0.05625
0 0.73203125 0.3390625 0.034375 0.06640625
0 0.74375 0.30859375 0.028125 0.0453125
0 0.7859375 0.3546875 0.0359375 0.06875
0 0.8 0.32734375 0.034375 0.0421875
0 0.83515625 0.3390625 0.0328125 0.071875
0 0.884375 0.34140625 0.04296875 0.07421875
0 0.94453125 0.3640625 0.0390625 0.07421875
0 0.965625 0.39453125 0.05078125 0.0859375