0 0.8446874999999998 0.702650462962963 0.15062500000000006 0.18752314814814816
0 0.8481249999999999 0.5627199074074074 0.10343750000000007 0.12275462962962962
0 0.85765625 0.5109722222222223 0.078125 0.08549768518518519
0 0.8125 0.5158159722222223 0.0703125 0.08364583333333328
0 0.7029687499999999 0.5806828703703704 0.08718749999999993 0.10104166666666661
0 0.7173437500000001 0.5538136574074073 0.07718750000000014 0.08825231481481488
0 0.6542187500000001 0.574855324074074 0.08093749999999993 0.0921180555555555
0 0.663125 0.4444039351851852 0.05124999999999993 0.06275462962962966
0 0.62921875 0.654849537037037 0.10031250000000007 0.10712962962962962
0 0.71609375 0.856322337962963 0.2625 0.28735532407407405
0 0.58140625 0.6197858796296296 0.0859375 0.1022337962962963
0 0.54609375 0.5917766203703704 0.07468749999999993 0.09063657407407408
0 0.44625000000000004 0.6041145833333333 0.0703125 0.08364583333333328
0 0.44484375 0.6275115740740741 0.06500000000000003 0.07196759259259267
0 0.43203125 0.6547511574074074 0.08062500000000003 0.0905555555555555
0 0.42953125 0.6999826388888889 0.12218750000000003 0.14208333333333326
0 0.391875 0.8595312500000001 0.24718749999999998 0.28093749999999995
0 0.360625 0.6026388888888888 0.06531250000000002 0.08097222222222236
0 0.32734375 0.617662037037037 0.07750000000000004 0.08981481481481488
0 0.32828124999999997 0.6620717592592593 0.078125 0.09293981481481488
0 0.27609374999999997 0.6897974537037037 0.11812500000000004 0.13665509259259245
0 0.2365625 0.740162037037037 0.12843749999999998 0.15100694444444435
0 0.10359375 0.8188599537037037 0.2071875 0.2597800925925927
0 0.10421874999999999 0.649056712962963 0.08312499999999999 0.09561342592592581
0 0.044843749999999995 0.6758969907407407 0.08906250000000002 0.1029745370370371
0 0.013671875 0.703125 0.02734375 0.12847222222222215