0 0.05390625 0.53203125 0.090625 0.13359375
0 0.17890625 0.4953125 0.05625 0.08046875
0 0.26484375 0.52734375 0.05546875 0.090625
0 0.32265625 0.509375 0.065625 0.10859375
0 0.43828125 0.50390625 0.03984375 0.0703125
0 0.5375 0.5296875 0.11796875 0.190625
0 0.66484375 0.4015625 0.03828125 0.06015625
0 0.5953125 0.51484375 0.028125 0.06328125
0 0.71015625 0.50703125 0.0625 0.11875
0 0.6609375 0.5125 0.0328125 0.06171875
0 0.8265625 0.46953125 0.13203125 0.24453125
0 0.0265625 0.32265625 0.04765625 0.1390625