0 0.06162037037037037 0.2881944444444445 0.09895833333333333 0.28812499999999996
0 0.15197916666666667 0.3204513888888889 0.12021990740740737 0.3380902777777777
0 0.15692708333333333 0.14581597222222223 0.06696759259259259 0.18127314814814816
0 0.31917824074074075 0.21427083333333333 0.07729166666666672 0.2303472222222222
0 0.33710069444444446 0.16983217592592592 0.06211805555555561 0.17776620370370372
0 0.4219502314814815 0.30588541666666663 0.13275462962962972 0.39979166666666666
0 0.4638657407407408 0.18405092592592592 0.06343750000000004 0.17320601851851852
0 0.5938252314814815 0.5299363425925925 0.15258101851851863 0.3920717592592592
0 0.6272222222222222 0.25881944444444444 0.07400462962962955 0.22696759259259255
0 0.5499305555555555 0.13349537037037038 0.05990740740740748 0.16513888888888886
0 0.6470196759259259 0.13051504629629632 0.05869212962962962 0.1417013888888889
0 0.732806712962963 0.2246354166666667 0.10027777777777783 0.28356481481481477
0 0.7929513888888889 0.13929398148148148 0.04907407407407405 0.13624999999999998
0 0.872019675925926 0.14884837962962963 0.048078703703703596 0.1470601851851852
0 0.9102372685185186 0.18074652777777778 0.0654050925925926 0.18114583333333334
0 0.9595688657407407 0.2833854166666666 0.08086226851851848 0.25206018518518514
0 0.9692013888888888 0.13265046296296296 0.04499999999999993 0.08768518518518517