0 0.58046875 0.46015625 0.03359375 0.0640625
0 0.5671875 0.69609375 0.08984375 0.17890625
0 0.52734375 0.9015625 0.171875 0.1875
0 0.70625 0.61796875 0.0734375 0.128125
0 0.81640625 0.6875 0.11484375 0.17890625
0 0.8625 0.5421875 0.05703125 0.09921875
0 0.96015625 0.590625 0.06796875 0.12578125
0 0.5453125 0.53671875 0.05625 0.075
0 0.41171875 0.503125 0.06171875 0.08828125
0 0.31875 0.60234375 0.078125 0.11015625
0 0.20703125 0.85234375 0.14375 0.23828125
0 0.05 0.58203125 0.08203125 0.1609375
0 0.140625 0.53515625 0.071875 0.1078125
0 0.24375 0.475 0.0484375 0.06171875