0 0.9502430555555555 0.6981770833333333 0.09951388888888886 0.4103125
0 0.9983854166666667 0.5455729166666667 0.003229166666666572 0.12593750000000004
0 0.9651186342592591 0.52796875 0.06976273148148167 0.11625000000000014
0 0.9130439814814814 0.565625 0.12444444444444472 0.14291666666666672
0 0.8714814814814815 0.6368229166666667 0.16464120370370372 0.19489583333333335
0 0.8892303240740741 0.52421875 0.09225694444444414 0.09802083333333336
0 0.745005787037037 0.38619791666666664 0.09221064814814817 0.10854166666666662
0 0.6883506944444444 0.32890625 0.10891203703703703 0.1197916666666667
0 0.7244618055555556 0.5551041666666666 0.16288194444444457 0.18864583333333335
0 0.6124884259259259 0.5230208333333334 0.10803240740740741 0.11666666666666678
0 0.5477719907407407 0.55515625 0.12913194444444437 0.14354166666666668
0 0.4241782407407408 0.5278645833333334 0.12581018518518516 0.13708333333333336
0 0.47485532407407405 0.8202083333333334 0.27959490740740733 0.26135416666666667
0 0.2854861111111111 0.7838541666666666 0.18129629629629632 0.21666666666666679