0 0.018081597222222225 0.5575520833333333 0.03616319444444445 0.06336805555555554
0 0.03022569444444445 0.5893229166666666 0.05196759259259261 0.07291666666666678
0 0.07357638888888889 0.5750868055555556 0.04846064814814816 0.06753472222222215
0 0.0785127314814815 0.5333333333333333 0.042881944444444445 0.05555555555555554
0 0.1366087962962963 0.4981770833333334 0.041574074074074076 0.058333333333333216
0 0.17240162037037038 0.4825520833333334 0.03832175925925925 0.056076388888888926
0 0.151875 0.44262152777777775 0.034942129629629635 0.05225694444444447
0 0.11370370370370371 0.6474826388888889 0.06586805555555553 0.09288194444444428
0 0.15258101851851852 0.5751736111111111 0.04871527777777782 0.07065972222222214
0 0.15944444444444444 0.6227430555555555 0.05365740740740739 0.07482638888888893
0 0.19402199074074075 0.584375 0.040138888888888904 0.05954861111111107
0 0.2070428240740741 0.5469618055555555 0.03637731481481481 0.051041666666666784
0 0.22642939814814814 0.534982638888889 0.03532407407407412 0.056944444444444284
0 0.23575810185185184 0.4393229166666667 0.046643518518518515 0.0640625
0 0.28637152777777775 0.3736111111111111 0.023113425925925933 0.03888888888888884
0 0.29911458333333335 0.39609375 0.026238425925925936 0.039583333333333394
0 0.31861689814814814 0.4109375 0.029745370370370415 0.044965277777777854
0 0.26340277777777776 0.5236979166666667 0.03156249999999998 0.0484375
0 0.2747511574074074 0.49739583333333337 0.03574074074074076 0.043229166666666784
0 0.3013252314814815 0.46310763888888895 0.0398842592592592 0.05642361111111107
0 0.23710648148148153 0.6016493055555555 0.050277777777777824 0.07100694444444447
0 0.21678819444444444 0.6721354166666667 0.0726273148148148 0.10052083333333321
0 0.10839120370370373 0.7315104166666667 0.08082175925925926 0.10694444444444447
0 0.2603298611111111 0.6555555555555556 0.07482638888888885 0.10868055555555553
0 0.2731481481481482 0.7524305555555555 0.12497685185185184 0.178125
0 0.3757581018518518 0.6981770833333334 0.10756944444444443 0.15277777777777785
0 0.33631944444444445 0.6455729166666667 0.05847222222222222 0.07743055555555553
0 0.38113425925925926 0.6133680555555555 0.050150462962962904 0.06944444444444428
0 0.29399305555555555 0.5813368055555556 0.055474537037037044 0.07829861111111107
0 0.3306886574074074 0.5263888888888889 0.049097222222222216 0.07534722222222215
0 0.3404513888888889 0.5572048611111111 0.048969907407407386 0.07378472222222214
0 0.35726273148148147 0.4921006944444445 0.03650462962962964 0.052604166666666785
0 0.36413773148148143 0.5112847222222222 0.0383217592592592 0.056076388888888926
0 0.38734375 0.45243055555555556 0.04157407407407412 0.058333333333333216
0 0.36645833333333333 0.36041666666666666 0.029490740740740762 0.04184027777777777
0 0.383912037037037 0.3250868055555555 0.022604166666666713 0.032638888888888926
0 0.39402199074074074 0.3328125 0.02598379629629628 0.03645833333333339
0 0.4080844907407407 0.3296875 0.026238425925925977 0.039583333333333394
0 0.4167766203703704 0.3453993055555556 0.029490740740740762 0.04184027777777777
0 0.43970486111111107 0.34644097222222225 0.02792824074074076 0.04149305555555553
0 0.44744212962962965 0.37387152777777777 0.026238425925925846 0.039583333333333394
0 0.47791666666666666 0.4046875 0.029745370370370415 0.044965277777777854
0 0.47559606481481487 0.45199652777777777 0.02818287037037024 0.044618055555555536
0 0.4543287037037037 0.4682291666666666 0.03299768518518516 0.047222222222222145
0 0.4377025462962963 0.49340277777777775 0.031307870370370416 0.0453125
0 0.42332175925925924 0.5004340277777779 0.030127314814814808 0.04965277777777786
0 0.39239583333333333 0.5410590277777778 0.05065972222222222 0.07569444444444447
0 0.4365972222222222 0.5634548611111111 0.05353009259259256 0.07326388888888893
0 0.4609085648148148 0.5381076388888889 0.046643518518518515 0.0640625
0 0.4827430555555555 0.5808159722222223 0.06574074074074084 0.09131944444444447
0 0.5120486111111111 0.57890625 0.048969907407407476 0.07378472222222214
0 0.5446180555555555 0.5463541666666667 0.034942129629629545 0.05225694444444447
0 0.5321122685185186 0.511545138888889 0.0433912037037036 0.06180555555555571
0 0.5845891203703704 0.5359375 0.05585648148148152 0.08298611111111107
0 0.5871469907407407 0.579861111111111 0.07731481481481488 0.1015625
0 0.6147627314814815 0.5798611111111112 0.06586805555555557 0.09288194444444446
0 0.6790277777777778 0.5348958333333333 0.06223379629629626 0.0859375
0 0.7306886574074074 0.5410590277777778 0.06287037037037031 0.09375
0 0.7664293981481481 0.601388888888889 0.0766435185185184 0.11215277777777785
0 0.81546875 0.5644097222222222 0.07651620370370367 0.11059027777777768
0 0.8705613425925925 0.49079861111111106 0.05416666666666643 0.08107638888888893