0 0.005648148148148147 0.514537037037037 0.011296296296296294 0.11657407407407412
0 0.05891203703703703 0.5072222222222222 0.07409722222222222 0.08348379629629629
0 0.11171296296296296 0.5441956018518519 0.1270833333333333 0.14710648148148148
0 0.2073148148148148 0.5537962962962963 0.1276736111111111 0.1517939814814815
0 0.3286284722222222 0.534224537037037 0.1390046296296296 0.15556712962962962
0 0.37333912037037037 0.5541898148148148 0.06179398148148145 0.0843055555555555
0 0.44344328703703706 0.572511574074074 0.09990740740740738 0.11603009259259256
0 0.5054803240740741 0.5486400462962963 0.06960648148148145 0.08476851851851848
0 0.5183333333333333 0.5903298611111112 0.08152777777777764 0.09322916666666678
0 0.5808333333333333 0.5940335648148147 0.10265046296296312 0.12549768518518506
0 0.6364236111111111 0.5713541666666666 0.08211805555555571 0.09791666666666679
0 0.7294907407407407 0.576082175925926 0.12318287037037053 0.15307870370370366
0 0.7495486111111112 0.4292997685185185 0.039108796296296336 0.05194444444444457
0 0.8582696759259261 0.6159837962962963 0.09012731481481495 0.09994212962962959
0 0.900283564814815 0.5948611111111111 0.07862268518518505 0.1194212962962963
0 0.773125 0.5983449074074074 0.06960648148148145 0.08476851851851848