0 0.12260416666666667 0.1638888888888889 0.18041666666666661 0.3277777777777778
0 0.07965277777777777 0.30190972222222223 0.1323263888888889 0.2127893518518519
0 0.25397569444444446 0.26495949074074077 0.18041666666666661 0.27615740740740746
0 0.2589930555555555 0.3542824074074074 0.11267361111111107 0.16869212962962968
0 0.26774305555555555 0.4156828703703703 0.10503472222222224 0.1750578703703704
0 0.35288194444444443 0.680787037037037 0.09722222222222232 0.17361111111111108
0 0.46814236111111107 0.4307002314814815 0.10798611111111107 0.16782407407407404
0 0.4447222222222222 0.29421296296296295 0.15829861111111115 0.2611689814814815
0 0.5419444444444445 0.26064814814814813 0.21871527777777774 0.31903935185185184
0 0.7728993055555555 0.3361400462962963 0.16288194444444457 0.257349537037037
0 0.9247222222222223 0.436400462962963 0.12791666666666685 0.22442129629629623