0 0.19229166666666667 0.5594212962962963 0.07791666666666668 0.0928587962962963
0 0.24723958333333335 0.5742881944444445 0.06118055555555557 0.07483796296296283
0 0.27831597222222226 0.5103356481481482 0.07333333333333333 0.08329861111111114
0 0.3322743055555556 0.439224537037037 0.06118055555555557 0.07483796296296283
0 0.4134722222222222 0.4138483796296296 0.08777777777777782 0.09653935185185177
0 0.5483680555555555 0.4798958333333333 0.0936805555555555 0.10462962962962959
0 0.6526736111111111 0.5085243055555555 0.09416666666666665 0.10775462962962976
0 0.7600694444444445 0.586875 0.0843055555555555 0.10407407407407412
0 0.2989409722222222 0.5881886574074074 0.061527777777777806 0.0671180555555555
0 0.30430555555555555 0.7022916666666668 0.05298611111111109 0.061967592592592526
0 0.3530902777777778 0.6277777777777779 0.0568402777777778 0.06684027777777786
0 0.4046875 0.6509606481481481 0.06815972222222229 0.07989583333333332
0 0.38711805555555556 0.7420312499999999 0.053472222222222233 0.06509259259259252
0 0.46246527777777774 0.6342592592592593 0.072013888888889 0.08476851851851848
0 0.49470486111111106 0.6872569444444444 0.05888888888888886 0.07005787037037034
0 0.4638888888888889 0.7628356481481482 0.05888888888888886 0.07005787037037034
0 0.55296875 0.7781770833333334 0.05166666666666657 0.06343750000000004
0 0.5420486111111111 0.6830960648148148 0.06635416666666671 0.07824074074074083
0 0.6037673611111111 0.7215856481481481 0.07225694444444439 0.08633101851851847
0 0.6463020833333333 0.7163657407407408 0.06996527777777786 0.0815509259259258
0 0.6205555555555555 0.8046296296296296 0.06454861111111114 0.07658564814814817
0 0.7088194444444444 0.8694618055555555 0.07513888888888882 0.08495370370370381
0 0.7194965277777777 0.7539872685185185 0.0763541666666665 0.09276620370370363
0 0.7803819444444444 0.7970717592592592 0.08152777777777764 0.09616898148148145
0 0.8074652777777779 0.8218981481481482 0.08826388888888906 0.09966435185185177
0 0.7858854166666667 0.8871874999999999 0.06923611111111114 0.07686342592592581
0 0.8869791666666667 0.8304803240740741 0.09909722222222221 0.1095949074074074
0 0.9851041666666667 0.8570081018518518 0.02979166666666657 0.11750000000000008