0 0.15378472222222223 0.508275462962963 0.11848379629629631 0.1418981481481481
0 0.25468171296296294 0.43061342592592594 0.14936342592592594 0.1658564814814815
0 0.3820949074074074 0.4098668981481482 0.20274305555555552 0.23327546296296298
0 0.4343344907407408 0.6157407407407407 0.09052083333333338 0.10422453703703702
0 0.3841435185185185 0.6166666666666666 0.07331018518518526 0.07818287037037024
0 0.31321759259259263 0.5820023148148148 0.0940393518518519 0.1075810185185185
0 0.27038773148148143 0.6229456018518519 0.05962962962962966 0.06788194444444429
0 0.2388425925925926 0.618287037037037 0.05024305555555557 0.05480324074074083
0 0.20042824074074073 0.5775173611111111 0.06765046296296295 0.08240740740740726
0 0.3037326388888889 0.6726273148148149 0.03909722222222225 0.04004629629629619
0 0.32667824074074076 0.6704571759259259 0.04124999999999997 0.04484953703703702
0 0.37325231481481486 0.6653935185185185 0.04946759259259252 0.0609375
0 0.43879050925925933 0.681857638888889 0.047511574074074046 0.05769675925925917
0 0.44185185185185183 0.7184606481481481 0.03460648148148149 0.04126157407407405
0 0.42046875000000006 0.7207465277777778 0.030694444444444358 0.03478009259259256
0 0.3775289351851852 0.7485243055555555 0.02385416666666664 0.029629629629629763
0 0.35746527777777776 0.6998263888888889 0.03597222222222225 0.03981481481481488
0 0.3468113425925926 0.6889756944444445 0.02717592592592588 0.03142361111111107
0 0.47232060185185193 0.7207175925925926 0.030694444444444358 0.03478009259259274
0 0.4954398148148148 0.6953414351851852 0.05552083333333328 0.059837962962962975
0 0.5400694444444445 0.6994212962962962 0.055914351851851764 0.06296296296296297
0 0.5803761574074074 0.675318287037037 0.08680555555555554 0.09930555555555554
0 0.6374479166666667 0.7228877314814814 0.05943287037037024 0.06631944444444446
0 0.5864583333333334 0.8096643518518519 0.04340277777777786 0.04965277777777786
0 0.5479340277777778 0.7557291666666666 0.03206018518518512 0.033333333333333215
0 0.5619097222222222 0.7683738425925926 0.03049768518518512 0.033217592592592736
0 0.5163715277777777 0.732494212962963 0.03265046296296283 0.03802083333333339
0 0.5191261574074074 0.754369212962963 0.03030092592592588 0.03165509259259256
0 0.47109375 0.7662905092592592 0.02561342592592588 0.031307870370370416
0 0.6432407407407408 0.7565972222222223 0.039687499999999966 0.04473379629629637
0 0.6242245370370371 0.7838252314814815 0.025023148148148166 0.026620370370370416
0 0.6618113425925927 0.775 0.031087962962962835 0.03790509259259256
0 0.6883738425925927 0.7769675925925925 0.042037037037037095 0.05109953703703703
0 0.6849768518518518 0.7991608796296296 0.02717592592592588 0.03142361111111107
0 0.6529398148148149 0.7905960648148148 0.023263888888888928 0.024942129629629585
0 0.7265219907407408 0.8463541666666667 0.025023148148148166 0.02662037037037024
0 0.7689178240740742 0.8634259259259259 0.027372685185185118 0.03298611111111107
0 0.762806712962963 0.8026041666666666 0.041053240740740904 0.04328703703703703
0 0.7815277777777778 0.7730324074074074 0.05024305555555557 0.05480324074074083
0 0.8343865740740741 0.701099537037037 0.10636574074074083 0.13171296296296298
0 0.7907581018518519 0.8278935185185187 0.03733796296296284 0.03836805555555571
0 0.8334375000000002 0.8349247685185185 0.04340277777777786 0.04965277777777786
0 0.8726157407407407 0.857175925925926 0.03304398148148167 0.041145833333333215
0 0.9508391203703704 0.863744212962963 0.05395833333333329 0.05972222222222214
0 0.9876475694444444 0.8472800925925925 0.024704861111111143 0.08263888888888893