0 0.006626157407407402 0.7000868055555556 0.013252314814814804 0.09777777777777778
0 0.016464120370370365 0.7189293981481482 0.03292824074074073 0.09357638888888893
0 0.04184027777777776 0.6663715277777778 0.06342592592592594 0.10210648148148138
0 0.0736111111111111 0.7245601851851852 0.0613425925925926 0.08804398148148156
0 0.06935763888888888 0.7696296296296297 0.0521412037037037 0.07687500000000007
0 0.13145254629629627 0.7539988425925925 0.06221064814814818 0.08371527777777779
0 0.17335069444444443 0.6238657407407407 0.08246527777777776 0.11855324074074076
0 0.2938078703703703 0.6014409722222223 0.08657407407407405 0.13609953703703717
0 0.25685763888888885 0.660005787037037 0.07326388888888893 0.10738425925925928
0 0.28776041666666663 0.8003935185185185 0.06180555555555554 0.09116898148148148
0 0.30925925925925923 0.8352199074074076 0.04606481481481488 0.06642361111111086
0 0.3596064814814815 0.8007349537037036 0.042476851851851904 0.06258101851851867
0 0.40532407407407406 0.8193113425925926 0.04901620370370376 0.07615740740740762
0 0.36524884259259255 0.6590451388888889 0.09172453703703702 0.14030092592592602
0 0.43142361111111105 0.6322337962962964 0.12853009259259268 0.18497685185185198
0 0.42442129629629627 0.7340277777777777 0.06498842592592595 0.10246527777777778
0 0.47118055555555555 0.7891956018518519 0.057523148148148094 0.08263888888888893
0 0.5105324074074075 0.7634953703703704 0.07795138888888893 0.10846064814814813
0 0.5728877314814815 0.6315972222222224 0.11550925925925917 0.16840277777777785
0 0.7401909722222222 0.5819618055555555 0.18177083333333338 0.2590856481481481
0 0.881076388888889 0.6942881944444446 0.128125 0.2331828703703705
0 0.6695891203703704 0.7749768518518518 0.08449074074074084 0.12203703703703717
0 0.592505787037037 0.7936284722222222 0.06313657407407405 0.08996527777777778
0 0.5563078703703704 0.8362094907407407 0.06087962962962976 0.08491898148148147
0 0.6058738425925926 0.8669791666666666 0.05572916666666679 0.08071759259259252
0 0.6358217592592592 0.8883969907407409 0.046527777777777855 0.06954861111111085
0 0.7110532407407407 0.8604340277777777 0.065625 0.09657407407407419
0 0.7635127314814815 0.849861111111111 0.07800925925925917 0.11903935185185181
0 0.697019675925926 0.9169907407407407 0.04901620370370381 0.07615740740740726
0 0.779542824074074 0.927054398148148 0.057523148148148094 0.08263888888888857
0 0.766087962962963 0.9578935185185184 0.046469907407407265 0.05896990740740762
0 0.8247106481481481 0.964291087962963 0.047222222222222145 0.07141782407407397
0 0.8628472222222221 0.8936747685185186 0.05023148148148167 0.09454861111111121