0 0.040625 0.4033043981481481 0.0640625 0.09313657407407412
0 0.16953125 0.28186342592592595 0.13125 0.18788194444444448
0 0.2421875 0.37297453703703703 0.0859375 0.1168981481481481
0 0.25546875 0.41965277777777776 0.0625 0.08530092592592595
0 0.27578125 0.4787268518518518 0.0484375 0.06321759259259245
0 0.34453125 0.7081770833333334 0.0453125 0.0662962962962963
0 0.46640625 0.5165277777777778 0.0578125 0.07741898148148145
0 0.50625 0.48234374999999996 0.0625 0.09311342592592595
0 0.50546875 0.3706365740740741 0.0953125 0.11391203703703709
0 0.55625 0.26754050925925926 0.1375 0.20359953703703706
0 0.61171875 0.5878125 0.0484375 0.07728009259259264
0 0.63515625 0.5952777777777778 0.0484375 0.07259259259259246
0 0.71171875 0.5496122685185185 0.0734375 0.10421296296296312
0 0.82421875 0.5338831018518518 0.1046875 0.1468634259259259
0 0.7640625 0.6543055555555556 0.05625 0.07895833333333328
0 0.83828125 0.6430497685185185 0.0578125 0.08523148148148145
0 0.84921875 0.6897627314814815 0.059375 0.08212962962962962
0 0.925 0.6362962962962962 0.0859375 0.1137731481481481
0 0.94453125 0.6789756944444445 0.0640625 0.10563657407407412