0 0.1671875 0.78984375 0.075 0.1453125
0 0.25390625 0.653125 0.0671875 0.1359375
0 0.25078125 0.4265625 0.0390625 0.07109375
0 0.1859375 0.3734375 0.0328125 0.0671875
0 0.0765625 0.48984375 0.05546875 0.11171875
0 0.07890625 0.3953125 0.0453125 0.08828125
0 0.21015625 0.3578125 0.028125 0.06484375
0 0.221875 0.33203125 0.02734375 0.0453125
0 0.259375 0.32421875 0.02421875 0.04921875
0 0.30546875 0.3390625 0.02578125 0.04296875
0 0.3203125 0.3109375 0.01875 0.0390625
0 0.32578125 0.46484375 0.0359375 0.08046875
0 0.3390625 0.4328125 0.0265625 0.05703125
0 0.36328125 0.54921875 0.05625 0.10390625
0 0.4140625 0.63515625 0.05625 0.1234375
0 0.41796875 0.75546875 0.0703125 0.1671875
0 0.53515625 0.6640625 0.075 0.16171875
0 0.490625 0.4390625 0.05078125 0.10859375
0 0.434375 0.39609375 0.0390625 0.0828125
0 0.4140625 0.365625 0.02265625 0.0609375
0 0.390625 0.365625 0.02265625 0.05859375
0 0.39140625 0.33125 0.0234375 0.04375
0 0.3703125 0.34765625 0.0203125 0.04296875
0 0.42421875 0.2640625 0.021875 0.04921875
0 0.44921875 0.25 0.02109375 0.04921875
0 0.5046875 0.321875 0.01875 0.03984375
0 0.5203125 0.33203125 0.021875 0.0453125
0 0.56328125 0.35390625 0.02421875 0.04765625
0 0.59296875 0.23203125 0.02734375 0.059375
0 0.5734375 0.2453125 0.02109375 0.04296875
0 0.6484375 0.25234375 0.03125 0.059375
0 0.640625 0.3875 0.03359375 0.08046875
0 0.659375 0.35625 0.02578125 0.06484375
0 0.6796875 0.409375 0.0375 0.08046875
0 0.73046875 0.36875 0.03046875 0.04765625
0 0.6828125 0.5734375 0.0546875 0.13359375
0 0.79296875 0.4640625 0.04375 0.1140625
0 0.8609375 0.4296875 0.03125 0.07421875
0 0.85703125 0.6796875 0.05859375 0.14609375
0 0.96953125 0.6734375 0.05859375 0.1375
0 0.98359375 0.44375 0.03046875 0.0921875