0 0.7604282407407407 0.8316956018518518 0.3639814814814816 0.2975578703703704
0 0.8609953703703702 0.8221296296296297 0.27800925925925946 0.30162037037037026
0 0.9126591435185185 0.7115972222222222 0.17468171296296298 0.2363657407407409
0 0.9294126157407409 0.6127256944444445 0.14117476851851835 0.15548611111111105
0 0.9124942129629628 0.5693692129629631 0.12693287037037032 0.12821759259259266
0 0.9306423611111111 0.49867476851851855 0.12409722222222222 0.11267361111111107
0 0.6033391203703704 0.4791840277777778 0.13108796296296302 0.1484490740740739
0 0.545329861111111 0.4758506944444445 0.11560185185185183 0.11531249999999993
0 0.4888136574074074 0.48908564814814814 0.16097222222222224 0.15615740740740733
0 0.6147048611111112 0.4294502314814815 0.1031944444444445 0.09311342592592595
0 0.549056712962963 0.22438657407407409 0.0875694444444445 0.09230324074074074
0 0.3489699074074074 0.38932870370370376 0.10090277777777779 0.1068518518518518
0 0.38888888888888884 0.39597800925925924 0.0966550925925926 0.10817129629629622
0 0.31015046296296295 0.6006018518518518 0.23218750000000005 0.2614699074074075
0 0.32297453703703705 0.5222569444444444 0.17787037037037035 0.17243055555555564
0 0.1918113425925926 0.37449074074074074 0.12600694444444444 0.1358680555555556
0 0.2362673611111111 0.3634664351851852 0.11843749999999995 0.13085648148148152
0 0.2883101851851852 0.3258912037037037 0.10422453703703702 0.11318287037037038