0 0.08181134259259258 0.8506481481481482 0.16362268518518516 0.29870370370370375
0 0.10245949074074075 0.6983969907407407 0.06950231481481481 0.0926388888888889
0 0.3276736111111111 0.5688252314814815 0.1332638888888889 0.1602777777777778
0 0.3546585648148148 0.6903703703703703 0.08728009259259259 0.10641203703703699
0 0.329525462962963 0.7273784722222223 0.05077546296296296 0.06836805555555543
0 0.36457754629629624 0.7522164351851852 0.044780092592592524 0.05498842592592599
0 0.3787962962962963 0.733761574074074 0.048263888888888926 0.05743055555555561
0 0.46242476851851855 0.6774537037037037 0.09460648148148146 0.1128587962962964
0 0.4735474537037037 0.7413020833333334 0.05282407407407419 0.06456018518518522
0 0.5346585648148148 0.6961226851851852 0.07467592592592602 0.08971064814814814
0 0.5365740740740741 0.7457349537037037 0.051979166666666646 0.06724537037037041
0 0.6091493055555556 0.690474537037037 0.07539351851851847 0.09283564814814813
0 0.6879166666666666 0.6951793981481481 0.09376157407407408 0.1155439814814816
0 0.7571064814814814 0.6763946759259258 0.12065972222222214 0.14357638888888893
0 0.7269502314814814 0.5107060185185185 0.17130787037037026 0.21775462962962955
0 0.49818865740740736 0.5253298611111111 0.18165509259259255 0.21189814814814803