0 0.871880787037037 0.5840624999999999 0.04979166666666686 0.0574537037037036
0 0.7849189814814814 0.5418344907407407 0.05942129629629633 0.05929398148148159
0 0.7316724537037037 0.5729108796296296 0.049537037037037025 0.055891203703703596
0 0.655613425925926 0.540335648148148 0.05237268518518512 0.06374999999999993
0 0.6315798611111111 0.559837962962963 0.034490740740740836 0.03989583333333328
0 0.6159259259259259 0.6021354166666667 0.027222222222222214 0.03346064814814813
0 0.5329108796296296 0.47916666666666663 0.06974537037037046 0.08447916666666658
0 0.496730324074074 0.5434027777777778 0.031111111111111 0.0382407407407408
0 0.45931134259259265 0.5904976851851852 0.026967592592592737 0.031898148148148134
0 0.4227488425925926 0.5474305555555555 0.026712962962962904 0.030335648148148132
0 0.4064641203703704 0.5142939814814815 0.04408564814814806 0.05106481481481477
0 0.3235358796296296 0.4729629629629629 0.09042824074074077 0.12552083333333322
0 0.29015046296296293 0.5209548611111111 0.04041666666666668 0.05717592592592595
0 0.25766203703703705 0.5028877314814815 0.03314814814814815 0.050740740740740795
0 0.16548611111111108 0.4620601851851852 0.05571759259259261 0.07473379629629626
0 0.09250578703703702 0.4770023148148148 0.033946759259259274 0.04609953703703695
0 0.12814814814814815 0.3474421296296296 0.0881712962962963 0.10212962962962964