0 0.572019675925926 0.7615104166666666 0.20856481481481487 0.29749999999999976
0 0.4531539351851852 0.7199363425925925 0.08038194444444446 0.10050925925925931
0 0.49921875 0.7635763888888889 0.05034722222222214 0.0725462962962963
0 0.726099537037037 0.8608680555555555 0.03726851851851851 0.045949074074074045
0 0.7620949074074075 0.7954166666666665 0.02337962962962976 0.0344444444444445
0 0.7716435185185185 0.7879050925925926 0.027662037037037023 0.042789351851851974
0 0.7786458333333333 0.7632060185185185 0.03304398148148149 0.04827546296296283
0 0.8186631944444445 0.8225694444444445 0.07233796296296298 0.09761574074074061
0 0.8646701388888889 0.7732928240740741 0.0328125 0.04671296296296283
0 0.8775173611111111 0.7366435185185185 0.03865740740740762 0.055324074074074046
0 0.8875868055555556 0.681244212962963 0.061111111111111074 0.08351851851851855
0 0.9197337962962961 0.728605324074074 0.04380787037037024 0.059247685185185264
0 0.9088541666666667 0.7374131944444444 0.032175925925925955 0.052696759259259277
0 0.9056423611111111 0.7619965277777777 0.03125 0.04644675925925927
0 0.9463252314814815 0.7590277777777777 0.02789351851851869 0.044351851851851795
0 0.9583622685185187 0.7374710648148148 0.04380787037037024 0.059247685185185264
0 0.9774594907407408 0.7635706018518519 0.024942129629629762 0.03471064814814824
0 0.988107638888889 0.7737615740740741 0.01979166666666643 0.030787037037037022
0 0.983275462962963 0.7228993055555556 0.03344907407407405 0.07620370370370359
0 0.9913628472222221 0.6714756944444444 0.017274305555555713 0.0942592592592593
0 0.9706018518518519 0.6582696759259259 0.058796296296296194 0.08351851851851855