0 0.012902199074074073 0.7763425925925926 0.025804398148148146 0.12243055555555564
0 0.019305555555555555 0.7146527777777778 0.03861111111111111 0.07501157407407408
0 0.035526620370370375 0.7525752314814815 0.06769675925925926 0.08302083333333332
0 0.09878472222222222 0.9086140046296297 0.1688773148148148 0.18277199074074063
0 0.13059027777777776 0.9458738425925926 0.18317129629629628 0.10825231481481482
0 0.2508912037037037 0.9274768518518519 0.23002314814814814 0.14504629629629626
0 0.25545138888888885 0.8505034722222222 0.1171064814814815 0.14601851851851855
0 0.2044675925925926 0.8566203703703703 0.1029745370370371 0.12418981481481488
0 0.1976446759259259 0.7957523148148148 0.0870486111111111 0.10929398148148159
0 0.08856481481481482 0.7920659722222222 0.09436342592592592 0.11730324074074083
0 0.10783564814814817 0.7606481481481481 0.0773726851851852 0.09615740740740755
0 0.23009837962962965 0.7590393518518519 0.06796296296296296 0.08458333333333332
0 0.31453703703703706 0.8016377314814814 0.10064814814814813 0.12799768518518526
0 0.42792245370370363 0.5830266203703702 0.23245370370370363 0.3079050925925927
0 0.6086458333333333 0.9049594907407407 0.17340277777777774 0.1900810185185186
0 0.6478993055555555 0.7767592592592593 0.09649305555555543 0.12980324074074084
0 0.7004456018518519 0.7710821759259259 0.1082638888888889 0.14650462962962968
0 0.7596585648148148 0.7599131944444444 0.10693287037037039 0.13869212962962968
0 0.7754745370370371 0.9191637731481481 0.14327546296296312 0.16167245370370367
0 0.8431770833333333 0.9191493055555554 0.11612268518518505 0.16170138888888913
0 0.8644560185185185 0.8319849537037036 0.09752314814814796 0.12711805555555564
0 0.8433912037037036 0.7441840277777778 0.08731481481481476 0.11085648148148142
0 0.8941898148148149 0.7535706018518519 0.06361111111111128 0.10269675925925928