0 0.7319560185185185 0.9126909722222223 0.04792824074074069 0.061249999999999714
0 0.5961168981481482 0.8091145833333334 0.062280092592592595 0.08067129629629619
0 0.6172916666666667 0.8284953703703704 0.04866898148148149 0.06750000000000007
0 0.5564814814814815 0.7679398148148149 0.053726851851851797 0.07204861111111108
0 0.5184664351851852 0.7677256944444444 0.05123842592592602 0.06376157407407419
0 0.47416087962962966 0.7591261574074074 0.043055555555555534 0.05826388888888889
0 0.43598379629629636 0.732962962962963 0.04268518518518505 0.05513888888888889
0 0.4175347222222222 0.6974131944444444 0.041759259259259274 0.04732638888888889
0 0.36494791666666665 0.6425925925925926 0.04949074074074069 0.06172453703703695
0 0.3183680555555556 0.6600115740740741 0.04718749999999998 0.05500000000000007
0 0.29509837962962965 0.6173321759259259 0.03974537037037038 0.05575231481481495
0 0.26700231481481485 0.6290335648148149 0.045810185185185225 0.05608796296296301
0 0.21918402777777776 0.5886111111111111 0.05004629629629631 0.06641203703703695
0 0.18970486111111112 0.5505208333333333 0.055474537037037044 0.07408564814814814
0 0.168287037037037 0.4922164351851852 0.09641203703703702 0.12718749999999995
0 0.1491087962962963 0.5584259259259259 0.045624999999999985 0.05452546296296283
0 0.16102430555555555 0.5466666666666666 0.039004629629629625 0.04950231481481478
0 0.1105324074074074 0.5151446759259259 0.05859953703703703 0.07503472222222225
0 0.08891782407407407 0.4721585648148148 0.060717592592592594 0.08019675925925931
0 0.08004050925925926 0.42413773148148143 0.07782407407407407 0.09744212962962959
0 0.04861111111111112 0.4639641203703704 0.053726851851851845 0.07204861111111108