0 0.11348958333333332 0.3737152777777778 0.04364583333333334 0.06819444444444445
0 0.18286458333333333 0.3531597222222222 0.09197916666666668 0.0921875
0 0.1984375 0.29866319444444445 0.075 0.07906250000000004
0 0.31015625 0.2934895833333333 0.06427083333333332 0.06690972222222218
0 0.3348958333333333 0.2855729166666666 0.08531250000000004 0.08965277777777772
0 0.4296354166666666 0.29605902777777776 0.09197916666666668 0.0921875
0 0.5075520833333333 0.28312499999999996 0.06479166666666672 0.07447916666666661
0 0.55140625 0.2706076388888889 0.0607291666666665 0.06486111111111112
0 0.5247395833333334 0.19501736111111112 0.06958333333333329 0.08121527777777779
0 0.5809374999999999 0.2318402777777778 0.06593750000000007 0.0731597222222222
0 0.6558854166666667 0.3633854166666667 0.07979166666666657 0.08579861111111117
0 0.5633854166666666 0.17517361111111113 0.061875000000000034 0.06354166666666669
0 0.5977083333333333 0.11776041666666666 0.09052083333333343 0.09795138888888891
0 0.6547395833333333 0.06006944444444444 0.07624999999999993 0.08374999999999999
0 0.6936458333333333 0.1418923611111111 0.07854166666666665 0.08111111111111109
0 0.7151562499999999 0.05473958333333333 0.05916666666666668 0.06461805555555555
0 0.7353125 0.029019097222222224 0.06958333333333329 0.05803819444444445
0 0.7783854166666667 0.13928819444444446 0.06343750000000004 0.06378472222222223
0 0.8379166666666666 0.020581597222222227 0.08541666666666678 0.041163194444444454