0 0.9433275462962964 0.5669560185185185 0.11334490740740719 0.13189814814814813
0 0.9848640046296296 0.4892592592592592 0.030271990740740762 0.0954629629629629
0 0.7817187499999999 0.5709895833333334 0.05123842592592602 0.05537037037037038
0 0.6727893518518518 0.49029513888888887 0.05915509259259259 0.070173611111111
0 0.722667824074074 0.6186805555555556 0.08436342592592591 0.1008912037037037
0 0.7772685185185185 0.7869097222222222 0.31010416666666674 0.34178240740740745
0 0.6403819444444444 0.632806712962963 0.07718749999999996 0.0923379629629629
0 0.6160706018518518 0.6291550925925925 0.05896990740740744 0.068611111111111
0 0.5920081018518518 0.6471006944444444 0.06770833333333322 0.07734953703703695
0 0.4934259259259258 0.7317013888888889 0.08537037037037046 0.09638888888888886
0 0.41236111111111107 0.7236342592592593 0.073136574074074 0.0841550925925926
0 0.4162962962962963 0.70484375 0.046365740740740694 0.05325231481481474
0 0.4800289351851852 0.5991666666666667 0.044618055555555536 0.05150462962962976
0 0.33987268518518515 0.7489351851851852 0.04829861111111109 0.05656250000000007
0 0.3191377314814815 0.7364641203703703 0.04443287037037038 0.04994212962962976
0 0.3230381944444444 0.7823726851851852 0.08537037037037036 0.09638888888888886
0 0.28151620370370367 0.8544791666666667 0.18342592592592596 0.19582175925925932
0 0.2900405092592592 0.7769212962962962 0.0781944444444445 0.08783564814814823