0 0.18581018518518516 0.2090972222222222 0.14797453703703703 0.2300694444444445
0 0.2687673611111111 0.30413194444444447 0.048958333333333395 0.08177083333333339
0 0.2534201388888889 0.29093749999999996 0.040868055555555574 0.07048611111111107
0 0.30580439814814814 0.3289236111111111 0.09621527777777779 0.1584722222222222
0 0.36958912037037034 0.3539583333333333 0.13170138888888888 0.20437500000000003
0 0.4809201388888889 0.3677951388888889 0.09262731481481482 0.14208333333333334
0 0.5240798611111112 0.45152777777777775 0.053738425925925884 0.08604166666666657
0 0.590642361111111 0.48904513888888895 0.11060185185185176 0.1728472222222223
0 0.5478587962962963 0.47229166666666667 0.04555555555555557 0.07163194444444443
0 0.6166493055555555 0.5142881944444444 0.051990740740740726 0.07940972222222217
0 0.6440046296296297 0.5736979166666667 0.0797569444444445 0.12652777777777774
0 0.6914236111111112 0.5136805555555556 0.04702546296296291 0.068888888888889
0 0.6762499999999999 0.5477430555555556 0.05033564814814824 0.07590277777777779
0 0.7461689814814815 0.5782118055555555 0.05686342592592588 0.08680555555555554
0 0.7726967592592593 0.6389930555555556 0.11211805555555561 0.1716666666666667
0 0.8219386574074073 0.6502430555555556 0.06182870370370388 0.09732638888888871
0 0.8671122685185185 0.6660069444444444 0.07796296296296319 0.11833333333333336
0 0.8942361111111111 0.7332291666666666 0.09593750000000015 0.14909722222222221
0 0.9482407407407407 0.7165277777777778 0.07626157407407419 0.11326388888888879