0 0.146875 0.47421875 0.1609375 0.25234375
0 0.07109375 0.23671875 0.0875 0.1546875
0 0.134375 0.221875 0.06484375 0.1203125
0 0.1953125 0.278125 0.103125 0.1703125
0 0.3125 0.51953125 0.1375 0.234375
0 0.40078125 0.46796875 0.1015625 0.2
0 0.49453125 0.5125 0.1046875 0.19765625
0 0.33984375 0.19765625 0.05625 0.1046875
0 0.4 0.16953125 0.06328125 0.125
0 0.4828125 0.22578125 0.05625 0.09296875
0 0.6046875 0.34921875 0.07890625 0.125
0 0.6109375 0.203125 0.0578125 0.11171875
0 0.79453125 0.23671875 0.059375 0.11328125
0 0.74765625 0.25546875 0.059375 0.09765625
0 0.81953125 0.35078125 0.06328125 0.1203125
0 0.81328125 0.7375 0.17265625 0.325
0 0.92578125 0.48984375 0.08203125 0.14296875
0 0.625 0.4546875 0.11953125 0.17734375