0 0.60859375 0.6046875 0.065625 0.09375
0 0.35390625 0.45 0.03203125 0.0578125
0 0.47734375 0.62578125 0.05703125 0.1078125
0 0.409375 0.7515625 0.09296875 0.15078125
0 0.33984375 0.57890625 0.05 0.08671875
0 0.21640625 0.69765625 0.0796875 0.13671875
0 0.19921875 0.55546875 0.0359375 0.05390625
0 0.25390625 0.58828125 0.0453125 0.06796875
0 0.0984375 0.69609375 0.075 0.12578125
0 0.04296875 0.64375 0.05859375 0.08671875
0 0.01796875 0.58984375 0.0359375 0.06484375
0 0.13046875 0.56328125 0.0296875 0.046875