0 0.71640625 0.53046875 0.0625 0.10390625
0 0.69140625 0.44296875 0.04765625 0.0703125
0 0.70390625 0.38984375 0.0375 0.05703125
0 0.7125 0.353125 0.03515625 0.05703125
0 0.72265625 0.3109375 0.025 0.046875
0 0.71875 0.2671875 0.02265625 0.0265625
0 0.73125 0.25078125 0.02265625 0.0265625
0 0.95390625 0.640625 0.0875 0.1703125
0 0.8921875 0.53515625 0.06484375 0.1
0 0.84609375 0.45625 0.04765625 0.08359375
0 0.8390625 0.403125 0.04765625 0.06328125
0 0.8 0.34765625 0.03515625 0.06015625
0 0.77734375 0.31953125 0.03515625 0.04375
0 0.8328125 0.29765625 0.0296875 0.03984375
0 0.85859375 0.32421875 0.0328125 0.06015625
0 0.89765625 0.35625 0.03984375 0.06328125
0 0.92890625 0.3859375 0.0421875 0.0703125
0 0.9671875 0.45625 0.0453125 0.090625
0 0.8296875 0.2640625 0.025 0.03359375
0 0.77890625 0.2890625 0.02265625 0.03046875
0 0.13515625 0.58671875 0.0953125 0.1375
0 0.0296875 0.5578125 0.059375 0.10625
0 0.0890625 0.4734375 0.05234375 0.0765625
0 0.1078125 0.43515625 0.0453125 0.053125
0 0.18984375 0.48515625 0.06484375 0.1
0 0.2921875 0.50703125 0.0703125 0.096875
0 0.40234375 0.43984375 0.05 0.08359375
0 0.44609375 0.384375 0.0375 0.053125
0 0.5 0.35625 0.0296875 0.05
0 0.52734375 0.3296875 0.025 0.04375
0 0.54140625 0.3125 0.02265625 0.03671875
0 0.56015625 0.2890625 0.0203125 0.03671875
0 0.5859375 0.27890625 0.0171875 0.03046875
0 0.5984375 0.27265625 0.0171875 0.03046875
0 0.5515625 0.24921875 0.0171875 0.0234375
0 0.53984375 0.27734375 0.01484375 0.03359375
0 0.52109375 0.2890625 0.02265625 0.03671875
0 0.49375 0.3078125 0.02265625 0.03984375
0 0.46875 0.32265625 0.02734375 0.03671875
0 0.4296875 0.34296875 0.0296875 0.03671875
0 0.3765625 0.38984375 0.0328125 0.05
0 0.29765625 0.4265625 0.05 0.05703125
0 0.2234375 0.41796875 0.0375 0.0671875
0 0.2359375 0.36953125 0.0375 0.05
0 0.28515625 0.3578125 0.03515625 0.053125
0 0.31015625 0.3796875 0.03515625 0.05
0 0.35859375 0.34296875 0.02734375 0.04375
0 0.34609375 0.31640625 0.02734375 0.04375
0 0.39765625 0.31796875 0.0296875 0.046875
0 0.4203125 0.29609375 0.025 0.03671875
0 0.45 0.29609375 0.025 0.04375
0 0.46640625 0.2640625 0.02265625 0.0265625
0 0.48125 0.2828125 0.02265625 0.03046875
0 0.36015625 0.265625 0.01484375 0.03046875
0 0.33125 0.2671875 0.02265625 0.03359375
0 0.31484375 0.25546875 0.0203125 0.03046875
0 0.29765625 0.2609375 0.0203125 0.0203125
0 0.2890625 0.27421875 0.02265625 0.0203125
0 0.2984375 0.29609375 0.0171875 0.03046875
0 0.26640625 0.29453125 0.0171875 0.03359375
0 0.2515625 0.30234375 0.02265625 0.04375
0 0.21640625 0.2859375 0.02265625 0.0234375
0 0.2109375 0.3046875 0.02734375 0.03359375
0 0.1984375 0.32109375 0.02265625 0.03359375
0 0.17265625 0.30625 0.025 0.03671875
0 0.1453125 0.3109375 0.025 0.03984375
0 0.13515625 0.3546875 0.0296875 0.053125
0 0.1 0.3125 0.0296875 0.03671875
0 0.0609375 0.3359375 0.0328125 0.04375
0 0.0453125 0.36953125 0.03984375 0.05
0 0.01484375 0.34921875 0.0296875 0.05703125