0 0.0578125 0.5984375 0.10859375 0.2125
0 0.2203125 0.67734375 0.1296875 0.21484375
0 0.178125 0.4734375 0.053125 0.0921875
0 0.41328125 0.4484375 0.06015625 0.1125
0 0.1796875 0.5375 0.0703125 0.08515625
0 0.44453125 0.61875 0.1015625 0.17734375
0 0.3828125 0.84140625 0.18203125 0.27734375
0 0.5 0.25625 0.0296875 0.0671875
0 0.48984375 0.45234375 0.06640625 0.1203125
0 0.575 0.44375 0.05703125 0.1171875
0 0.6296875 0.4234375 0.0703125 0.12265625
0 0.65 0.6546875 0.1265625 0.18515625
0 0.8 0.71015625 0.13984375 0.23984375
0 0.77265625 0.4828125 0.06171875 0.08984375
0 0.83984375 0.4703125 0.0703125 0.1296875
0 0.909375 0.45390625 0.04140625 0.07734375