0 0.1328125 0.4046875 0.04609375 0.0703125
0 0.45703125 0.52265625 0.0390625 0.05859375
0 0.47578125 0.54296875 0.0359375 0.06015625
0 0.49609375 0.55703125 0.03984375 0.0703125
0 0.55546875 0.52265625 0.03125 0.0515625
0 0.571875 0.5609375 0.0359375 0.06796875
0 0.5859375 0.51328125 0.0234375 0.05
0 0.60625 0.51328125 0.025 0.053125
0 0.62578125 0.515625 0.0234375 0.0484375
0 0.64765625 0.5765625 0.03984375 0.0765625
0 0.67421875 0.57109375 0.04375 0.08828125
0 0.721875 0.54296875 0.0359375 0.0703125
0 0.771875 0.5484375 0.04609375 0.0765625
0 0.84296875 0.54765625 0.06875 0.0953125
0 0.91875 0.50546875 0.0578125 0.078125
0 0.9703125 0.53359375 0.05 0.103125
0 0.9203125 0.45390625 0.0296875 0.04140625
0 0.9546875 0.42734375 0.0328125 0.0453125
0 0.97890625 0.43828125 0.02734375 0.05
0 0.86015625 0.44453125 0.02734375 0.0453125
0 0.85078125 0.48203125 0.02890625 0.046875
0 0.8015625 0.4984375 0.0375 0.053125
0 0.77734375 0.5046875 0.02734375 0.046875
0 0.74140625 0.48203125 0.0296875 0.046875
0 0.72265625 0.49140625 0.0375 0.05703125
0 0.69765625 0.4984375 0.02734375 0.05
0 0.6671875 0.509375 0.03359375 0.0515625
0 0.64921875 0.5125 0.0234375 0.05859375