0 0.30732060185185184 0.7647280092592592 0.13946759259259264 0.16521990740740744
0 0.3876736111111111 0.7397569444444445 0.10462962962962967 0.11886574074074083
0 0.40486111111111106 0.6754918981481481 0.12309027777777781 0.14907407407407405
0 0.46362847222222225 0.7275173611111111 0.10648148148148148 0.13136574074074084
0 0.5276909722222223 0.7463541666666667 0.1 0.12957175925925934
0 0.48295717592592596 0.6246817129629629 0.12332175925925917 0.15063657407407405
0 0.5592592592592592 0.6996238425925926 0.1015625 0.12962962962962976
0 0.6068865740740741 0.6711516203703705 0.11707175925925917 0.15040509259259274
0 0.6561631944444445 0.6591145833333334 0.0981481481481481 0.11707175925925917
0 0.7031828703703704 0.6424479166666667 0.11145833333333321 0.1439814814814815
0 0.7419560185185186 0.5860243055555555 0.12488425925925917 0.15069444444444446
0 0.7798321759259259 0.5712673611111111 0.09056712962962976 0.11834490740740726
0 0.8408275462962964 0.5587962962962962 0.13831018518518512 0.15740740740740744
0 0.8336805555555555 0.6219039351851852 0.07858796296296297 0.08993055555555554
0 0.6423032407407407 0.7193287037037036 0.08171296296296297 0.0900462962962962
0 0.595457175925926 0.4296296296296297 0.13975694444444448 0.17766203703703703
0 0.6394386574074075 0.32352430555555556 0.15630787037037025 0.18449074074074084
0 0.7425057870370371 0.43596643518518513 0.18344907407407404 0.21035879629629622
0 0.960257523148148 0.5599247685185185 0.07948495370370381 0.14270833333333338