0 0.7507986111111111 0.04953125 0.20152777777777775 0.0990625
0 0.6675810185185185 0.11333333333333333 0.10371527777777771 0.11802083333333338
0 0.5691956018518518 0.09927083333333334 0.07122685185185187 0.07895833333333332
0 0.5547916666666667 0.17744791666666665 0.08961805555555546 0.09802083333333336
0 0.5433217592592593 0.25296875 0.10763888888888892 0.12760416666666669
0 0.4136631944444444 0.25515625000000003 0.07554398148148142 0.09010416666666661
0 0.46934606481481483 0.13598958333333333 0.07162037037037053 0.08052083333333333
0 0.39652199074074074 0.3352083333333333 0.12171296296296301 0.13552083333333337
0 0.36619212962962966 0.16484375 0.06966435185185187 0.07874999999999996
0 0.3592766203703704 0.10536458333333334 0.07240740740740748 0.08364583333333334
0 0.2629108796296296 0.15822916666666667 0.06732638888888882 0.08145833333333333
0 0.2635532407407407 0.230625 0.08100694444444442 0.08781249999999999
0 0.28041666666666665 0.29557291666666663 0.08179398148148147 0.09093749999999998
0 0.29553819444444446 0.45437500000000003 0.14128472222222221 0.15927083333333325
0 0.16156828703703702 0.3627604166666667 0.09824074074074077 0.11427083333333332
0 0.14942708333333332 0.2790625 0.07748842592592595 0.08583333333333334
0 0.15329861111111112 0.19473958333333333 0.061840277777777786 0.07166666666666668
0 0.23490162037037038 0.1015625 0.06105324074074074 0.06854166666666668
0 0.14092013888888888 0.13296875 0.05988425925925926 0.06989583333333335
0 0.07164351851851851 0.21317708333333335 0.07475694444444443 0.08697916666666669
0 0.040367476851851845 0.31182291666666667 0.08073495370370369 0.10760416666666668
0 0.043868634259259257 0.4333333333333334 0.08773726851851851 0.11843749999999997
0 0.08391782407407407 0.5331770833333334 0.12483796296296297 0.1359375
0 0.02861979166666666 0.7180729166666667 0.05723958333333332 0.24187499999999992