0 0.28125 0.61953125 0.021875 0.0359375
0 0.2671875 0.83671875 0.05 0.07890625
0 0.31484375 0.784375 0.03828125 0.0515625
0 0.25390625 0.775 0.028125 0.0390625
0 0.215625 0.79609375 0.0359375 0.0453125
0 0.17109375 0.78125 0.02578125 0.0390625
0 0.209375 0.909375 0.05390625 0.090625
0 0.128125 0.946875 0.06796875 0.09375
0 0.146875 0.853125 0.0421875 0.06328125
0 0.1140625 0.79296875 0.03203125 0.0390625
0 0.10078125 0.7828125 0.0296875 0.0421875
0 0.03125 0.8140625 0.0296875 0.0453125
0 0.03671875 0.89609375 0.06171875 0.08125
0 0.640625 0.7765625 0.0296875 0.0546875
0 0.665625 0.8203125 0.03203125 0.0515625
0 0.69765625 0.84140625 0.05625 0.06953125
0 0.728125 0.775 0.028125 0.0453125
0 0.7671875 0.771875 0.034375 0.05703125
0 0.77890625 0.88515625 0.05390625 0.090625
0 0.828125 0.778125 0.0359375 0.05703125
0 0.85 0.7671875 0.03203125 0.0546875
0 0.91875 0.75234375 0.0296875 0.0421875
0 0.921875 0.88984375 0.05234375 0.07578125
0 0.96171875 0.83515625 0.04375 0.06328125
0 0.9859375 0.78828125 0.02421875 0.0484375
0 0.9859375 0.75546875 0.02421875 0.0359375