0 0.9847945601851851 0.511417824074074 0.03041087962962976 0.07043981481481473
0 0.9261574074074075 0.5426331018518519 0.04108796296296298 0.05204861111111114
0 0.9562789351851851 0.6199884259259258 0.03964120370370381 0.053460648148148236
0 0.94453125 0.6525925925925925 0.029224537037037025 0.03849537037037045
0 0.8753761574074073 0.6325 0.029456018518518333 0.04162037037037045
0 0.8715277777777779 0.5911689814814816 0.029224537037037025 0.03849537037037045
0 0.837644675925926 0.5480092592592593 0.0359375 0.04534722222222225
0 0.8553530092592592 0.4896527777777778 0.03819444444444429 0.054872685185185156
0 0.7840856481481481 0.49415509259259255 0.04311342592592595 0.05844907407407405
0 0.7730613425925925 0.5259027777777778 0.03258101851851869 0.04192129629629626
0 0.7529513888888889 0.5624594907407408 0.024305555555555712 0.034918981481481384
0 0.7601273148148149 0.5956018518518518 0.025520833333333215 0.030381944444444465
0 0.8049189814814814 0.5842071759259259 0.02910879629629619 0.03693287037037045
0 0.8078414351851851 0.6130381944444444 0.027430555555555625 0.035219907407407366
0 0.7181712962962963 0.5815451388888888 0.025868055555555537 0.035069444444444285
0 0.683420138888889 0.5479108796296297 0.02418981481481488 0.03335648148148138
0 0.7146412037037038 0.512644675925926 0.027662037037037023 0.03834490740740755
0 0.7043113425925925 0.4687905092592592 0.04456018518518512 0.057037037037036956
0 0.6383680555555555 0.545167824074074 0.04444444444444447 0.055474537037036954
0 0.6530671296296295 0.5736516203703703 0.025520833333333215 0.030381944444444465
0 0.6055266203703704 0.5585590277777778 0.02071759259259274 0.02836805555555557
0 0.5958622685185185 0.49182291666666667 0.025520833333333392 0.030381944444444465
0 0.5873842592592593 0.5154571759259259 0.02575231481481488 0.033506944444444284
0 0.567332175925926 0.5527951388888889 0.024305555555555535 0.034918981481481384
0 0.47482638888888895 0.5255092592592593 0.022280092592592737 0.028518518518518478
0 0.48596643518518523 0.4953240740740741 0.025868055555555537 0.035069444444444466
0 0.49386574074074074 0.46387731481481487 0.028761574074074047 0.03224537037037045
0 0.48654513888888895 0.43940393518518517 0.03425925925925917 0.043634259259259164
0 0.43634259259259256 0.4096180555555556 0.03761574074074083 0.047060185185185156
0 0.4260416666666666 0.44050925925925927 0.02418981481481488 0.033356481481481556
0 0.43179976851851853 0.48637731481481483 0.022395833333333393 0.030081018518518476
0 0.4354166666666666 0.5033391203703703 0.020486111111111073 0.02524305555555557
0 0.40535300925925927 0.4480092592592593 0.03067129629629637 0.03708333333333336
0 0.38029513888888894 0.4921238425925926 0.02071759259259256 0.02836805555555557
0 0.37161458333333336 0.39618055555555554 0.034375 0.045196759259259346
0 0.36209490740740746 0.42699652777777786 0.018692129629629583 0.021967592592592667
0 0.3515335648148148 0.44375 0.02228009259259256 0.028518518518518478
0 0.34163773148148147 0.4801099537037037 0.02251157407407405 0.031643518518518474
0 0.3658564814814815 0.371556712962963 0.05005787037037042 0.06842592592592585
0 0.3597800925925926 0.3320138888888889 0.05451388888888893 0.06575231481481474
0 0.38862847222222224 0.30720486111111106 0.061574074074074045 0.07729166666666672
0 0.317505787037037 0.40925925925925927 0.03425925925925925 0.043634259259259345
0 0.2848090277777778 0.4777141203703704 0.025868055555555537 0.035069444444444466
0 0.2773726851851852 0.38794560185185184 0.03773148148148149 0.04862268518518516
0 0.25711805555555556 0.4331712962962963 0.03258101851851851 0.04192129629629626
0 0.2310185185185185 0.4419791666666667 0.027662037037037023 0.03834490740740737
0 0.2008101851851852 0.41656250000000006 0.02552083333333337 0.030381944444444288
0 0.17106481481481484 0.4398842592592592 0.027662037037037023 0.03834490740740755
0 0.14785879629629628 0.4027777777777778 0.033912037037037025 0.03894675925925935
0 0.11984953703703705 0.4282928240740741 0.03258101851851851 0.04192129629629626
0 0.04308449074074074 0.4223090277777778 0.025983796296296303 0.03663194444444447
0 0.062326388888888896 0.35278935185185184 0.04456018518518519 0.05703703703703704
0 0.1570023148148148 0.31377314814814816 0.06278935185185186 0.07275462962962961
0 0.18070023148148148 0.32565393518518515 0.05353009259259256 0.07341435185185183
0 0.18744212962962964 0.23609375 0.10902777777777777 0.13150462962962967
0 0.23767361111111113 0.2344039351851852 0.11498842592592595 0.14914351851851854
0 0.35286458333333337 0.20678819444444443 0.13090277777777776 0.17549768518518521
0 0.4229166666666666 0.0830150462962963 0.20520833333333327 0.1660300925925926
0 0.5302372685185185 0.34943287037037035 0.07592592592592595 0.10349537037037031
0 0.6568576388888889 0.31678240740740743 0.09461805555555572 0.12546296296296297
0 0.8058449074074074 0.29928819444444443 0.13414351851851833 0.17736111111111114