0 0.845949074074074 0.6661458333333333 0.0965856481481481 0.12899305555555554
0 0.7565104166666666 0.6651909722222222 0.12326388888888892 0.1770833333333334
0 0.6350405092592593 0.62578125 0.1078125 0.1380208333333334
0 0.5836226851851852 0.7746527777777779 0.16498842592592594 0.21128472222222214
0 0.4656539351851851 0.6407118055555555 0.11950231481481488 0.15954861111111107
0 0.4737847222222221 0.40017361111111105 0.07106481481481489 0.11215277777777781
0 0.29620949074074077 0.8252604166666668 0.22621527777777767 0.26788194444444435
0 0.25677083333333334 0.671701388888889 0.15734953703703702 0.2151041666666668
0 0.15960648148148146 0.5852430555555556 0.0902199074074074 0.12517361111111108
0 0.026041666666666664 0.5389756944444445 0.05208333333333333 0.10920138888888893
0 0.013165509259259255 0.5771701388888889 0.02633101851851851 0.13940972222222214