0 0.6784606481481481 0.04386574074074074 0.2368287037037037 0.08773148148148148
0 0.7402256944444444 0.5139409722222222 0.3523263888888888 0.47348379629629633
0 0.49921875 0.24527777777777776 0.26328703703703693 0.3009722222222223
0 0.4962962962962963 0.11630208333333333 0.16209490740740745 0.17258101851851854
0 0.4342476851851852 0.08584780092592592 0.1514814814814814 0.17169560185185184
0 0.2711747685185185 0.22225694444444444 0.2742824074074074 0.3099652777777778
0 0.37895833333333334 0.3152025462962963 0.20150462962962967 0.22319444444444442
0 0.16391203703703705 0.1634837962962963 0.1719675925925926 0.19817129629629632
0 0.07403645833333333 0.3342650462962963 0.14807291666666667 0.2401851851851852
0 0.039768518518518516 0.5210185185185185 0.07953703703703703 0.2829629629629629
0 0.22001157407407407 0.7251388888888889 0.44002314814814814 0.4989583333333334