0 0.7408854166666666 0.55203125 0.0853587962962962 0.0875
0 0.6869791666666666 0.4564583333333333 0.16855324074074077 0.1716666666666667
0 0.6487037037037038 0.54453125 0.05710648148148145 0.059375
0 0.6222685185185185 0.5236979166666667 0.0810300925925926 0.08083333333333335
0 0.5609201388888889 0.49838541666666664 0.08409722222222218 0.08885416666666668
0 0.5603703703703704 0.52890625 0.0741782407407408 0.07687500000000007
0 0.5445949074074073 0.42901041666666667 0.13711805555555542 0.15072916666666672
0 0.4728298611111111 0.47359375000000004 0.0822337962962962 0.08708333333333336
0 0.4496180555555556 0.42416666666666664 0.11042824074074073 0.12281250000000003
0 0.3946180555555555 0.4726041666666667 0.05428240740740744 0.06052083333333336
0 0.3465740740740741 0.46911458333333333 0.05271990740740744 0.06031249999999986
0 0.3371180555555556 0.43916666666666665 0.07135416666666669 0.07802083333333325
0 0.2565335648148148 0.43468750000000006 0.06702546296296293 0.07135416666666675
0 0.24900462962962963 0.39078124999999997 0.10489583333333333 0.1098958333333333
0 0.15393518518518517 0.3943229166666667 0.07351851851851854 0.08135416666666657
0 0.14325231481481482 0.34703125 0.10670138888888889 0.1192708333333333
0 0.06151909722222222 0.29484374999999996 0.12303819444444444 0.1520833333333334