0 0.30584490740740744 0.21982060185185187 0.18298611111111107 0.21290509259259255
0 0.2803819444444445 0.367824074074074 0.15920138888888893 0.18796296296296297
0 0.5133969907407407 0.3252893518518518 0.20243055555555553 0.2189814814814815
0 0.48376736111111107 0.46649305555555554 0.14519675925925918 0.1560185185185185
0 0.4930555555555555 0.534519675925926 0.10931712962962976 0.12245370370370381
0 0.4765046296296296 0.5934027777777778 0.09832175925925916 0.11082175925925916
0 0.4838831018518519 0.6805266203703704 0.09832175925925916 0.11082175925925916
0 0.36788194444444444 0.5532696759259259 0.11244212962962959 0.12268518518518512
0 0.30627893518518523 0.47332175925925923 0.12025462962962959 0.12326388888888892
0 0.17282986111111112 0.3402488425925926 0.13240740740740745 0.14270833333333338
0 0.08810763888888888 0.4721064814814815 0.054918981481481485 0.13078703703703703
0 0.19470486111111113 0.48790509259259257 0.10526620370370372 0.11597222222222214
0 0.19675925925925927 0.6243923611111111 0.09918981481481484 0.10625
0 0.3221643518518519 0.6498553240740741 0.09091435185185182 0.10254629629629619
0 0.3389178240740741 0.7362847222222222 0.07314814814814818 0.07650462962962959
0 0.659230324074074 0.49930555555555556 0.1653935185185187 0.17760416666666679
0 0.6603298611111111 0.5813657407407408 0.11961805555555553 0.1293981481481481
0 0.6155381944444445 0.6202256944444444 0.11516203703703702 0.13061342592592595
0 0.7356770833333334 0.6634548611111111 0.11423611111111107 0.12436342592592595
0 0.7934895833333334 0.6165219907407408 0.12795138888888893 0.14392361111111107
0 0.8491898148148149 0.5713252314814815 0.13582175925925916 0.15532407407407406
0 0.8269965277777779 0.38420138888888883 0.20358796296296297 0.2267939814814815
0 0.9471643518518519 0.4604166666666667 0.1056712962962962 0.2169560185185185
0 0.9358506944444445 0.6604745370370371 0.11157407407407405 0.12725694444444446
0 0.980078125 0.74609375 0.03984375 0.11035879629629619
0 0.883449074074074 0.695949074074074 0.10844907407407404 0.12702546296296297
0 0.8155381944444444 0.8186631944444445 0.08460648148148131 0.09126157407407405
0 0.9407118055555557 0.821238425925926 0.08350694444444429 0.09427083333333322
0 0.881105324074074 0.8880497685185185 0.08217592592592596 0.09571759259259274
0 0.8272569444444444 0.9244212962962962 0.06990740740740727 0.054629629629629764
0 0.7190393518518519 0.9190104166666666 0.07181712962962976 0.07795138888888893
0 0.13512731481481483 0.7095196759259259 0.07256944444444445 0.0934606481481481
0 0.19016203703703705 0.7078125 0.08460648148148145 0.09126157407407405
0 0.1565104166666667 0.7845486111111111 0.06643518518518521 0.07291666666666678
0 0.22074652777777776 0.7703125 0.07858796296296297 0.09236111111111107
0 0.23081597222222222 0.8169560185185185 0.06105324074074074 0.06788194444444429
0 0.3401909722222222 0.8515046296296298 0.06961805555555553 0.08396990740740762
0 0.3512731481481482 0.8783275462962962 0.055208333333333394 0.05972222222222214
0 0.4569155092592593 0.8183738425925926 0.09021990740740744 0.0978587962962962
0 0.34699074074074077 0.7854456018518519 0.0682291666666666 0.07459490740740726
0 0.43197337962962956 0.8739293981481481 0.07112268518518516 0.07326388888888893
0 0.42387152777777787 0.904542824074074 0.06550925925925921 0.06666666666666679
0 0.5449074074074074 0.8631944444444443 0.07384259259259256 0.08119212962962977
0 0.5458912037037037 0.7951967592592591 0.08547453703703703 0.08668981481481489
0 0.5896412037037038 0.7279803240740741 0.09832175925925934 0.11082175925925916
0 0.6518229166666667 0.8331597222222223 0.07789351851851851 0.08767361111111108
0 0.6353877314814815 0.892824074074074 0.06487268518518512 0.07280092592592595
0 0.5946469907407408 0.9377025462962962 0.06012731481481488 0.06163194444444429
0 0.5156828703703704 0.932494212962963 0.058333333333333216 0.05995370370370381
0 0.5177662037037037 0.8825810185185186 0.057233796296296366 0.06296296296296297
0 0.689670138888889 0.9393518518518519 0.06070601851851851 0.04467592592592595