0 0.5542534722222221 0.9069126157407407 0.15659722222222214 0.1861747685185186
0 0.5999131944444445 0.791255787037037 0.11770833333333322 0.1488194444444444
0 0.6577256944444445 0.7321238425925927 0.07795138888888893 0.09452546296296305
0 0.691579861111111 0.7057002314814815 0.07708333333333321 0.10050925925925931
0 0.6064236111111111 0.6498032407407408 0.058854166666666784 0.07440972222222228
0 0.5618055555555556 0.6759259259259259 0.06736111111111107 0.08199074074074061
0 0.5734375 0.6495486111111111 0.056770833333333395 0.06945601851851854
0 0.46701388888888895 0.6919675925925926 0.11753472222222214 0.1472569444444444
0 0.48680555555555555 0.6631481481481482 0.07274305555555553 0.08903935185185183
0 0.5034722222222222 0.4889351851851852 0.0359375 0.047511574074074046
0 0.4444444444444445 0.46125000000000005 0.040972222222222146 0.051435185185185264
0 0.4614583333333334 0.5591898148148149 0.04427083333333322 0.05353009259259274
0 0.39565972222222223 0.532650462962963 0.060243055555555536 0.07311342592592603
0 0.3563368055555555 0.5305497685185185 0.05833333333333339 0.06972222222222228
0 0.3255208333333333 0.5222337962962963 0.08194444444444446 0.10287037037037035
0 0.2813368055555555 0.48328125 0.056770833333333395 0.06945601851851854
0 0.25954861111111105 0.4941319444444444 0.06163194444444446 0.07181712962962976
0 0.2660590277777778 0.4492534722222222 0.06145833333333339 0.07025462962962976
0 0.16944444444444445 0.5109722222222223 0.10017361111111112 0.1151736111111111
0 0.17526041666666667 0.4460474537037037 0.06701388888888889 0.07886574074074063
0 0.20034722222222223 0.4441898148148148 0.056770833333333305 0.06945601851851854
0 0.13012152777777777 0.3916030092592592 0.05451388888888893 0.06293981481481481
0 0.07048611111111111 0.399837962962963 0.061111111111111095 0.08092592592592593
0 0.21684027777777776 0.7788773148148148 0.2078125 0.25614583333333324
0 0.8463541666666666 0.7811226851851851 0.05920138888888893 0.0775347222222221
0 0.87109375 0.7968344907407408 0.07135416666666679 0.0903356481481481
0 0.9200520833333332 0.9270428240740742 0.10572916666666643 0.13758101851851876
0 0.9491753472222222 0.9451938657407407 0.10164930555555571 0.10961226851851862
0 0.9753472222222221 0.9213194444444444 0.04930555555555571 0.09921296296296304