0 0.88046875 0.8515625 0.11796875 0.21875
0 0.61328125 0.9109375 0.1421875 0.17265625
0 0.515625 0.7703125 0.103125 0.17421875
0 0.4234375 0.6421875 0.08203125 0.14921875
0 0.3625 0.54921875 0.06640625 0.121875
0 0.4734375 0.51171875 0.053125 0.10234375
0 0.51640625 0.50625 0.0390625 0.08359375
0 0.56171875 0.62421875 0.0640625 0.115625
0 0.62109375 0.47109375 0.04296875 0.08359375
0 0.79609375 0.7078125 0.08125 0.17734375
0 0.828125 0.6140625 0.0546875 0.10546875
0 0.828125 0.5109375 0.0390625 0.07734375