0 0.1697511574074074 0.4372685185185185 0.032187500000000036 0.04328703703703703
0 0.23778935185185182 0.3809606481481481 0.028414351851851906 0.03223379629629628
0 0.27817129629629633 0.4098668981481482 0.025289351851851903 0.03211805555555554
0 0.3218460648148148 0.37005208333333334 0.038530092592592526 0.04508101851851851
0 0.38848958333333333 0.35043402777777777 0.05177083333333332 0.05804398148148149
0 0.37675925925925924 0.3773726851851852 0.03172453703703706 0.03547453703703703
0 0.35408564814814814 0.41796875 0.02822916666666666 0.02910879629629637
0 0.3872685185185185 0.4105034722222222 0.02822916666666675 0.02910879629629619
0 0.41200231481481475 0.3877604166666667 0.0367824074074075 0.041898148148148094
0 0.42390046296296297 0.3974537037037037 0.03659722222222221 0.0387731481481481
0 0.4604803240740741 0.3984375 0.03641203703703706 0.035648148148148096
0 0.44310185185185186 0.41545138888888894 0.034756944444444396 0.03402777777777781
0 0.46996527777777775 0.3567708333333333 0.05829861111111114 0.06296296296296297
0 0.5128703703703704 0.39571759259259254 0.04487268518518519 0.046875
0 0.5004513888888888 0.4211226851851852 0.038530092592592526 0.04508101851851851
0 0.5663136574074075 0.4015335648148148 0.04671296296296301 0.051620370370370414
0 0.5581770833333334 0.30205439814814816 0.08753472222222225 0.08275462962962958
0 0.5794386574074075 0.44314236111111105 0.02887731481481488 0.04004629629629619
0 0.6959895833333334 0.31799768518518523 0.0841435185185185 0.10445601851851852
0 0.7512847222222222 0.2925636574074074 0.10372685185185197 0.11921296296296298
0 0.7336284722222223 0.4195023148148148 0.047083333333333324 0.05787037037037042
0 0.7023263888888889 0.434693287037037 0.03687500000000003 0.043460648148148096
0 0.6893923611111111 0.3767071759259259 0.060231481481481455 0.06927083333333331
0 0.6581770833333334 0.40358796296296295 0.055173611111111145 0.06284722222222214
0 0.891261574074074 0.29829282407407404 0.1091550925925926 0.13188657407407406
0 0.8360474537037037 0.3486689814814815 0.07402777777777772 0.09160879629629629
0 0.7932060185185185 0.3744212962962963 0.0654745370370371 0.07881944444444447
0 0.8190046296296296 0.43894675925925924 0.05177083333333314 0.05804398148148149
0 0.7437210648148149 0.45966435185185184 0.038530092592592526 0.04508101851851851
0 0.8819560185185186 0.45532407407407405 0.0421180555555555 0.053009259259259166
0 0.9289699074074076 0.45124421296296297 0.05020833333333315 0.05798611111111107
0 0.9390740740740741 0.35966435185185186 0.08240740740740726 0.12777777777777777
0 0.9522916666666668 0.1892361111111111 0.0781944444444445 0.16192129629629629