0 0.13507523148148148 0.5856655092592593 0.08734953703703704 0.10989583333333322
0 0.24937499999999999 0.5413657407407408 0.09725694444444448 0.11434027777777764
0 0.3334201388888889 0.5135243055555556 0.10118055555555552 0.11946759259259263
0 0.41554976851851855 0.5103530092592592 0.08289351851851845 0.10164351851851841
0 0.4933680555555555 0.44297453703703704 0.09752314814814814 0.11590277777777783
0 0.6010185185185184 0.40189814814814817 0.11082175925925916 0.12234953703703706
0 0.7150520833333334 0.3591608796296296 0.10979166666666665 0.12525462962962966
0 0.8124131944444445 0.42323495370370373 0.0818287037037038 0.09539351851851859
0 0.7369386574074074 0.49028356481481483 0.08834490740740737 0.09783564814814802
0 0.6642303240740741 0.5142418981481482 0.0844560185185184 0.10186342592592582
0 0.5623148148148148 0.5529861111111112 0.08472222222222214 0.10342592592592581
0 0.4911168981481481 0.5904571759259258 0.08655092592592588 0.10520833333333321
0 0.39350694444444445 0.6263078703703704 0.08681712962962962 0.10677083333333322
0 0.32372106481481483 0.6689178240740741 0.0844560185185185 0.10186342592592582
0 0.2561689814814815 0.6715625000000001 0.09386574074074075 0.11233796296296301
0 0.18713541666666667 0.6873784722222223 0.0857523148148148 0.10052083333333321
0 0.1190162037037037 0.7023032407407408 0.07950231481481483 0.09964120370370359
0 0.05097800925925926 0.7301793981481481 0.09439814814814813 0.11546296296296284
0 0.28858796296296296 0.7363888888888889 0.08472222222222223 0.10342592592592599
0 0.1575636574074074 0.7982928240740741 0.10094907407407408 0.12706018518518522
0 0.40014467592592595 0.6947627314814815 0.09383101851851845 0.10318287037037041
0 0.461400462962963 0.6708912037037037 0.09462962962962962 0.10787037037037042
0 0.54375 0.6440509259259259 0.09489583333333336 0.10943287037037024
0 0.6471296296296296 0.5967129629629631 0.08628472222222214 0.10364583333333321
0 0.7277314814814815 0.5846064814814815 0.09596064814814831 0.11568287037037042