0 0.09036458333333333 0.5377604166666667 0.18072916666666666 0.34375
0 0.14979166666666666 0.5634895833333333 0.17760416666666665 0.2647916666666667
0 0.07979166666666666 0.7901215277777778 0.12354166666666666 0.1921180555555555
0 0.1794791666666667 0.6736284722222223 0.13791666666666663 0.23107638888888893
0 0.36395833333333333 0.6326909722222223 0.12114583333333329 0.18562499999999993
0 0.44734375000000004 0.32288194444444446 0.2445833333333333 0.3195833333333333
0 0.49515624999999996 0.4577430555555555 0.13177083333333323 0.19645833333333332
0 0.5801562499999999 0.6005902777777777 0.09718750000000007 0.16659722222222229
0 0.4572916666666667 0.7015625 0.08812499999999997 0.13305555555555557
0 0.7244270833333333 0.4021875 0.2852083333333333 0.41770833333333324
0 0.7658854166666667 0.5847048611111111 0.1304166666666667 0.19777777777777777
0 0.8038541666666668 0.6269965277777778 0.08416666666666676 0.1492708333333333
0 0.8878125000000001 0.5940451388888889 0.035208333333333286 0.08045138888888878
0 0.8485416666666665 0.6361111111111111 0.03802083333333357 0.0671180555555555
0 0.6358333333333334 0.6707291666666666 0.04937500000000004 0.0719444444444445
0 0.6444791666666667 0.7091666666666667 0.03197916666666671 0.044756944444444356
0 0.6915625000000001 0.6888368055555556 0.04489583333333336 0.07277777777777779
0 0.6635937500000001 0.7207291666666666 0.025729166666666713 0.04378472222222207
0 0.75859375 0.6852951388888889 0.026875000000000072 0.04090277777777782
0 0.7273958333333332 0.7069791666666667 0.03354166666666671 0.04499999999999993
0 0.75 0.7210590277777778 0.027187499999999965 0.031770833333333214
0 0.7191145833333333 0.7289236111111111 0.018229166666666786 0.03343749999999997
0 0.7088020833333333 0.7603645833333333 0.022291666666666644 0.029479166666666678
0 0.6879166666666666 0.7620833333333333 0.019895833333333356 0.022986111111111106
0 0.6894270833333334 0.7220659722222222 0.028229166666666573 0.039583333333333394
0 0.64375 0.7605381944444444 0.0140625 0.025138888888889
0 0.5648958333333333 0.8011111111111111 0.020937500000000143 0.03079861111111093
0 0.27802083333333333 0.7952430555555555 0.049270833333333285 0.08263888888888893
0 0.36984374999999997 0.7434722222222222 0.10104166666666661 0.13812500000000014
0 0.45479166666666665 0.7776909722222223 0.05927083333333325 0.08878472222222218
0 0.5609375 0.7045659722222222 0.03677083333333329 0.0577430555555555
0 0.5446354166666667 0.6719097222222222 0.030104166666666644 0.05364583333333321
0 0.18416666666666665 0.8450347222222222 0.05239583333333333 0.08312500000000007
0 0.20864583333333334 0.8106249999999999 0.031875000000000056 0.05545138888888905
0 0.2325520833333333 0.7747743055555556 0.03166666666666664 0.053888888888888965
0 0.25526041666666666 0.7651215277777779 0.027291666666666714 0.044027777777777645
0 0.12911458333333334 0.8161111111111111 0.030416666666666668 0.044513888888888783
0 0.22973958333333333 0.8417708333333334 0.02468750000000002 0.035972222222222426
0 0.20479166666666665 0.83953125 0.02041666666666666 0.03836805555555571
0 0.25234375 0.8099479166666667 0.02156250000000002 0.03548611111111093
0 0.2591145833333333 0.8394965277777778 0.019374999999999965 0.030555555555555714
0 0.3171875 0.8687152777777779 0.022916666666666606 0.03416666666666686
0 0.30744791666666665 0.7983159722222222 0.022916666666666606 0.03416666666666686
0 0.33276041666666667 0.780607638888889 0.02468750000000002 0.03597222222222225
0 0.3221354166666667 0.8143923611111111 0.02531249999999998 0.04065972222222207
0 0.3578645833333333 0.8333159722222223 0.02156250000000002 0.03548611111111129
0 0.3772916666666667 0.8310590277777777 0.017812500000000054 0.03031250000000014
0 0.4197916666666667 0.8221527777777776 0.017395833333333322 0.027187500000000142
0 0.4831250000000001 0.8061805555555555 0.016458333333333287 0.031631944444444574
0 0.5003645833333333 0.7973784722222222 0.02052083333333332 0.027673611111111107
0 0.5287499999999999 0.7394097222222222 0.02906249999999986 0.04583333333333339
0 0.5402083333333334 0.7567534722222222 0.030624999999999857 0.046076388888888785
0 0.5565104166666667 0.7549826388888888 0.025937500000000037 0.045347222222222074
0 0.49744791666666666 0.7159722222222222 0.04010416666666679 0.059791666666666646
0 0.5108333333333333 0.7360763888888889 0.02375000000000007 0.04041666666666668
0 0.5784375 0.7110243055555555 0.027291666666666714 0.044027777777777645
0 0.5823958333333333 0.7387152777777778 0.02312499999999993 0.03572916666666668
0 0.6021354166666667 0.7341145833333333 0.02375000000000007 0.04041666666666668