0 0.11592013888888889 0.2314409722222222 0.08621527777777778 0.11309027777777773
0 0.23136574074074073 0.19006944444444446 0.09905092592592588 0.1165972222222222
0 0.23128472222222224 0.1408333333333333 0.08062500000000002 0.09409722222222222
0 0.3499189814814815 0.2232986111111111 0.10675925925925922 0.13138888888888883
0 0.40490162037037036 0.13723958333333336 0.0807407407407407 0.10166666666666666
0 0.506875 0.1609375 0.09179398148148152 0.1109375
0 0.6107986111111111 0.17868055555555556 0.14081018518518515 0.15631944444444446
0 0.8427719907407407 0.24755208333333334 0.13489583333333321 0.15690972222222221
0 0.8771006944444444 0.15178819444444444 0.10094907407407412 0.11840277777777777
0 0.9451099537037038 0.33763888888888893 0.10978009259259239 0.17569444444444446
0 0.970954861111111 0.46605902777777775 0.058090277777778 0.17899305555555553
0 0.9435243055555557 0.6010763888888888 0.11295138888888871 0.24791666666666679
0 0.7883680555555556 0.8098611111111111 0.2685185185185187 0.23055555555555562