0 0.31615162037037037 0.21236111111111108 0.04611111111111103 0.08065972222222226
0 0.3966840277777778 0.23477430555555556 0.04744212962962955 0.07288194444444444
0 0.1183275462962963 0.35416666666666663 0.07814814814814816 0.10791666666666666
0 0.1344675925925926 0.4154861111111111 0.07856481481481481 0.12197916666666675
0 0.2384837962962963 0.43581597222222224 0.10743055555555558 0.1476041666666667
0 0.3084722222222222 0.4451909722222222 0.07971064814814817 0.10795138888888882
0 0.32625000000000004 0.5829861111111111 0.14200231481481485 0.20770833333333344
0 0.39655092592592595 0.42371527777777773 0.06371527777777768 0.09510416666666668
0 0.45082754629629634 0.5154166666666666 0.08238425925925927 0.14548611111111107
0 0.4601678240740741 0.4636805555555556 0.06697916666666667 0.099861111111111
0 0.5172511574074073 0.4343055555555556 0.06366898148148152 0.09354166666666668
0 0.5911747685185185 0.5216666666666667 0.09120370370370381 0.1269444444444444
0 0.5833275462962962 0.4703125 0.07626157407407419 0.0969444444444445
0 0.6141724537037037 0.4305902777777778 0.058657407407407366 0.08249999999999993
0 0.6751504629629629 0.45421875 0.04436342592592588 0.07437500000000004
0 0.6493807870370369 0.6125 0.12402777777777771 0.18076388888888886
0 0.7419270833333333 0.5456423611111111 0.09309027777777779 0.13791666666666663
0 0.8182233796296297 0.5002256944444444 0.042754629629629545 0.07277777777777779
0 0.8382754629629631 0.5349131944444444 0.0673495370370368 0.112361111111111
0 0.8773726851851851 0.5855729166666667 0.11299768518518505 0.17739583333333328
0 0.8981192129629629 0.49142361111111105 0.04748842592592588 0.07444444444444435
0 0.9455324074074074 0.5512673611111112 0.06560185185185183 0.10607638888888893
0 0.9721527777777779 0.4960243055555555 0.026435185185185263 0.048993055555555644