0 0.49021990740740745 0.7818981481481482 0.02207175925925924 0.03209490740740737
0 0.53453125 0.7643344907407407 0.018483796296296262 0.02391203703703688
0 0.5511226851851851 0.7631539351851852 0.021886574074074083 0.028969907407407368
0 0.5765451388888889 0.7457118055555556 0.01692129629629626 0.023726851851851905
0 0.5796122685185185 0.773611111111111 0.02013888888888893 0.025659722222222216
0 0.604068287037037 0.7592013888888889 0.020231481481481593 0.027222222222222214
0 0.6262673611111111 0.7563252314814815 0.020324074074074085 0.028784722222222215
0 0.6250347222222222 0.7372974537037036 0.023912037037037058 0.036967592592592524
0 0.6364872685185186 0.7166261574074074 0.023449074074074084 0.029155092592592524
0 0.6565567129629629 0.7496875 0.025196759259259238 0.03246527777777786
0 0.6775 0.7812789351851852 0.020324074074074085 0.028784722222222215
0 0.7069155092592594 0.7761111111111111 0.020416666666666573 0.030347222222222213
0 0.7309548611111112 0.7687326388888889 0.017106481481481594 0.026851851851851904
0 0.7166377314814815 0.7182581018518518 0.030347222222222213 0.04083333333333332
0 0.5875231481481482 0.6533912037037037 0.03209490740740737 0.04414351851851848
0 0.6261689814814815 0.5588425925925926 0.049108796296296296 0.06943287037037038
0 0.6477719907407408 0.6589583333333333 0.03246527777777786 0.050393518518518476
0 0.666232638888889 0.58640625 0.06125000000000007 0.09104166666666665
0 0.6995023148148147 0.5958564814814815 0.03761574074074083 0.05876157407407412
0 0.7180381944444444 0.6680729166666667 0.027222222222222214 0.04046296296296301
0 0.7625115740740741 0.7008796296296296 0.03053240740740737 0.04395833333333332
0 0.7558564814814815 0.574212962962963 0.052696759259259096 0.0776157407407407
0 0.779513888888889 0.5998321759259259 0.032094907407407544 0.04414351851851848
0 0.8151736111111111 0.6087789351851851 0.042025462962962834 0.054629629629629764
0 0.8500810185185184 0.6569733796296295 0.036967592592592524 0.047824074074074116
0 0.8694502314814816 0.608917824074074 0.03365740740740719 0.044328703703703634
0 0.9040567129629629 0.7152951388888888 0.028692129629629904 0.03908564814814817
0 0.9190509259259259 0.5817534722222222 0.05995370370370381 0.06916666666666664
0 0.9094270833333333 0.5184606481481481 0.06924768518518505 0.09509259259259259
0 0.8232581018518518 0.4059722222222222 0.13030092592592588 0.15663194444444453
0 0.959513888888889 0.6424074074074074 0.02171296296296319 0.05222222222222221
0 0.9590914351851852 0.6628125 0.019409722222222214 0.03953703703703706
0 0.9532233796296297 0.7352835648148148 0.022442129629629548 0.03834490740740737
0 0.9275983796296297 0.7959722222222222 0.02712962962962955 0.03890046296296283
0 0.9049074074074074 0.7673206018518519 0.030347222222222213 0.04083333333333332
0 0.8750057870370369 0.7275868055555555 0.028692129629629904 0.03908564814814817
0 0.8605150462962963 0.7596990740740741 0.023634259259259237 0.0322800925925927
0 0.8346354166666666 0.7715798611111111 0.023634259259259237 0.03228009259259253
0 0.8003935185185185 0.7785358796296297 0.025567129629629547 0.038715277777777855
0 0.7947106481481482 0.7416724537037037 0.026851851851851904 0.034212962962962834
0 0.7677256944444444 0.7589293981481481 0.02538194444444457 0.03559027777777786
0 0.40431134259259255 0.70484375 0.0305324074074075 0.0439583333333335
0 0.3996412037037037 0.6641666666666667 0.04239583333333332 0.06087962962962958
0 0.3595775462962963 0.6366030092592593 0.04763888888888897 0.07081018518518523
0 0.3307465277777778 0.5655266203703704 0.08506944444444446 0.12644675925925916
0 0.3583449074074074 0.7237847222222221 0.03402777777777786 0.050578703703703806
0 0.31787037037037036 0.6898784722222222 0.039270833333333324 0.060509259259259277
0 0.31794560185185183 0.7284375 0.031909722222222214 0.041018518518518475
0 0.29513888888888895 0.75484375 0.028506944444444394 0.035960648148148165
0 0.2844849537037037 0.7354861111111111 0.030347222222222213 0.04083333333333332
0 0.26399884259259265 0.7094560185185185 0.0389930555555555 0.05582175925925927
0 0.24067708333333332 0.6516203703703705 0.057384259259259274 0.07817129629629634
0 0.16402199074074075 0.6441087962962964 0.07964120370370367 0.1133912037037037
0 0.2416550925925926 0.7280497685185185 0.03043981481481488 0.04239583333333332
0 0.23323495370370367 0.7506539351851852 0.02887731481481488 0.042210648148148164
0 0.23028356481481485 0.7739062499999999 0.02547453703703706 0.037152777777777854
0 0.1264641203703704 0.7734027777777778 0.0424884259259259 0.062442129629629764
0 0.060040509259259266 0.6994444444444443 0.07421296296296295 0.10033564814814824
0 0.035734953703703706 0.7909722222222222 0.0490162037037037 0.06787037037037039
0 0.022164351851851855 0.7225694444444445 0.04432870370370371 0.085798611111111