0 0.910546875 0.2322858796296296 0.17890625 0.3672569444444444
0 0.88109375 0.25215856481481486 0.06593750000000007 0.08265046296296301
0 0.7971875 0.28424189814814815 0.18874999999999992 0.23351851851851854
0 0.6971875000000001 0.2976157407407407 0.12156249999999993 0.16777777777777772
0 0.6489062499999999 0.28780671296296295 0.08718749999999993 0.13486111111111115
0 0.6096874999999999 0.29629050925925926 0.0703125 0.0968055555555555
0 0.58125 0.2814814814814815 0.055312499999999966 0.08356481481481488
0 0.566875 0.28294560185185186 0.040000000000000036 0.06104166666666675
0 0.55640625 0.28078125 0.027187500000000142 0.04329861111111111
0 0.45328125 0.11255208333333333 0.10406249999999986 0.12659722222222225
0 0.46953125 0.2941608796296296 0.0453125 0.06444444444444439
0 0.41531250000000003 0.3202835648148148 0.07937499999999993 0.10351851851851848
0 0.39546875 0.2866840277777778 0.06906249999999999 0.07511574074074075
0 0.35234375 0.29879629629629634 0.09875000000000007 0.1154745370370371
0 0.26953125 0.27458912037037037 0.1265625 0.17733796296296295
0 0.21046874999999998 0.33439236111111115 0.2296875 0.27608796296296295
0 0.10015625000000002 0.27304398148148146 0.16343749999999999 0.36171296296296296