0 0.7053125 0.6103993055555555 0.20635416666666676 0.20399305555555552
0 0.49390625000000005 0.5915972222222223 0.12177083333333343 0.1304513888888888
0 0.6115625 0.5495486111111111 0.10041666666666664 0.09881944444444439
0 0.5353125000000001 0.49848958333333326 0.09145833333333328 0.10173611111111107
0 0.40786458333333336 0.5669618055555555 0.12093749999999996 0.12420138888888896
0 0.4265625 0.49137152777777776 0.06812500000000003 0.06694444444444443
0 0.33770833333333333 0.35854166666666665 0.05062499999999996 0.0525347222222222
0 0.2800520833333333 0.5500173611111111 0.07979166666666666 0.08434027777777775
0 0.17427083333333332 0.6087847222222222 0.08208333333333337 0.07815972222222226
0 0.27307291666666667 0.6023611111111111 0.08312500000000007 0.08597222222222226
0 0.04401041666666667 0.6513368055555555 0.07864583333333333 0.0874305555555555
0 0.743125 0.4208333333333334 0.05281249999999993 0.0572569444444444
0 0.65328125 0.4305902777777778 0.07229166666666664 0.07482638888888893
0 0.8703125 0.37194444444444447 0.0669791666666665 0.07003472222222226