0 0.8953125 0.3255902777777778 0.0328125 0.04934027777777779
0 0.77578125 0.3772048611111111 0.046875 0.07361111111111115
0 0.740625 0.36522569444444447 0.0421875 0.06500000000000003
0 0.68203125 0.4189583333333333 0.03125 0.04126157407407405
0 0.646875 0.39916666666666667 0.0421875 0.06812499999999995
0 0.58984375 0.4354456018518519 0.0484375 0.0676273148148148
0 0.55 0.3547337962962963 0.096875 0.1524421296296296
0 0.55546875 0.46552083333333333 0.028125 0.04854166666666675
0 0.52265625 0.4656423611111111 0.034375 0.04960648148148152
0 0.4078125 0.4398958333333334 0.0796875 0.12920138888888885
0 0.33828125 0.5361168981481482 0.0515625 0.07753472222222228
0 0.2734375 0.4057581018518519 0.1015625 0.1610532407407408
0 0.09921875 0.4815335648148148 0.09375 0.12534722222222214
0 0.07265625 0.5923090277777778 0.0671875 0.11144675925925931
0 0.1421875 0.658587962962963 0.040625 0.0616087962962963
0 0.1640625 0.605642361111111 0.040625 0.0647337962962963
0 0.19296875 0.5764988425925927 0.0390625 0.05821759259259274