0 0.9862731481481483 0.19411458333333334 0.027453703703703525 0.1823958333333333
0 0.9981568287037037 0.35572916666666665 0.0036863425925925952 0.11729166666666666
0 0.9867129629629631 0.43494791666666666 0.026574074074073906 0.07010416666666668
0 0.9623003472222222 0.3577083333333333 0.07539930555555543 0.12885416666666663
0 0.9144039351851851 0.403125 0.06499999999999986 0.09604166666666672
0 0.8681770833333335 0.4513020833333333 0.05089120370370352 0.06895833333333332
0 0.8297685185185186 0.38817708333333334 0.08298611111111107 0.10958333333333332
0 0.83328125 0.2730208333333333 0.11119212962962957 0.15791666666666665
0 0.8306655092592592 0.12489583333333334 0.19807870370370387 0.2497916666666667
0 0.6296701388888889 0.27229166666666665 0.15309027777777776 0.22010416666666668
0 0.7214756944444445 0.3653645833333333 0.095150462962963 0.14052083333333334
0 0.7495833333333334 0.4604166666666666 0.05131944444444443 0.08802083333333321
0 0.7883101851851853 0.48177083333333337 0.04385416666666675 0.06416666666666657
0 0.7181423611111112 0.47130208333333334 0.0493287037037037 0.06854166666666668
0 0.6765104166666667 0.4648958333333334 0.054826388888889 0.08458333333333332
0 0.6918518518518519 0.5225 0.04385416666666657 0.06416666666666657
0 0.6092766203703703 0.45614583333333336 0.057951388888889 0.08541666666666661
0 0.6068055555555556 0.4959895833333333 0.04501157407407401 0.05718750000000004
0 0.6207465277777778 0.5347916666666667 0.039143518518518404 0.05124999999999993
0 0.6090451388888889 0.5479166666666666 0.03328703703703706 0.051145833333333356
0 0.586574074074074 0.5480729166666667 0.0372106481481481 0.0609375
0 0.48267939814814814 0.35734374999999996 0.12292824074074069 0.16979166666666662
0 0.5276678240740742 0.49625 0.06381944444444443 0.09135416666666671
0 0.5406365740740741 0.5378125 0.04032407407407419 0.05593749999999993
0 0.49765625 0.5426041666666667 0.04659722222222236 0.06927083333333321
0 0.45084490740740735 0.47921874999999997 0.08378472222222229 0.11854166666666668
0 0.456232638888889 0.5436458333333334 0.04892361111111114 0.06114583333333332
0 0.41224537037037035 0.5311979166666667 0.05717592592592595 0.08812500000000015
0 0.3721064814814815 0.484375 0.08184027777777772 0.1223958333333334
0 0.3964872685185185 0.57125 0.048958333333333305 0.07864583333333322
0 0.2279976851851852 0.5411458333333334 0.07243055555555555 0.10239583333333328
0 0.261082175925926 0.5765104166666667 0.04934027777777779 0.07437499999999986
0 0.14934027777777778 0.4804166666666667 0.09168981481481482 0.16729166666666662
0 0.17266782407407408 0.5233854166666667 0.09046296296296301 0.1392708333333335
0 0.20734375000000002 0.575 0.057962962962962994 0.09124999999999997
0 0.16927083333333334 0.59265625 0.05756944444444443 0.08968749999999996