0 0.6786979166666667 0.3248900462962963 0.03362268518518512 0.043020833333333286
0 0.766869212962963 0.10648726851851853 0.07793981481481467 0.0967361111111111
0 0.7040104166666667 0.1559201388888889 0.05657407407407398 0.06462962962962963
0 0.757962962962963 0.16976851851851854 0.04209490740740733 0.0488078703703704
0 0.8019097222222221 0.15133101851851855 0.05256944444444463 0.057939814814814826
0 0.8392361111111111 0.16905092592592594 0.038969907407407335 0.048368055555555546
0 0.8469907407407409 0.04641782407407408 0.0859490740740739 0.09283564814814815
0 0.937349537037037 0.03216145833333334 0.10089120370370352 0.06432291666666667
0 0.8866435185185185 0.09881944444444446 0.06458333333333321 0.07800925925925925
0 0.8969386574074074 0.1616956018518519 0.04543981481481474 0.05081018518518521
0 0.9061168981481481 0.17265625 0.04409722222222214 0.052152777777777805
0 0.39216435185185183 0.1408449074074074 0.048981481481481556 0.06509259259259262
0 0.3832465277777778 0.09538773148148148 0.05032407407407415 0.06375
0 0.35975115740740743 0.07189236111111111 0.07996527777777782 0.08936342592592592
0 0.30853587962962964 0.13653356481481482 0.04453703703703704 0.05527777777777776
0 0.27024305555555556 0.1365625 0.05410879629629628 0.06887731481481482
0 0.2977951388888889 0.038735532407407416 0.08594907407407408 0.07747106481481483
0 0.21428819444444444 0.12605902777777778 0.05567129629629628 0.06909722222222223
0 0.18997106481481482 0.13560763888888888 0.05054398148148147 0.06531250000000002
0 0.11954861111111112 0.14628472222222225 0.04409722222222222 0.052152777777777805
0 0.16280092592592593 0.027262731481481485 0.07752314814814816 0.05452546296296297
0 0.10730324074074074 0.05917824074074074 0.06614583333333335 0.07822916666666666
0 0.06788194444444444 0.1053125 0.04185185185185185 0.05796296296296295
0 0.0571238425925926 0.13822337962962963 0.036967592592592594 0.04502314814814814