0 0.04140625 0.5140625 0.0828125 0.175
0 0.03359375 0.40625 0.06640625 0.12890625
0 0.0734375 0.84296875 0.14296875 0.30390625
0 0.16328125 0.59609375 0.11015625 0.2203125
0 0.22890625 0.44921875 0.1015625 0.1390625
0 0.33515625 0.5 0.08359375 0.16953125
0 0.43046875 0.46484375 0.08515625 0.14921875
0 0.4625 0.57734375 0.125 0.2328125
0 0.340625 0.83671875 0.19140625 0.30625
0 0.6171875 0.5046875 0.09140625 0.18515625
0 0.678125 0.45859375 0.0796875 0.15703125
0 0.56015625 0.221875 0.08359375 0.14453125