0 0.44221064814814814 0.8530208333333335 0.21809027777777779 0.28560185185185183
0 0.7395833333333334 0.7150925925925926 0.2560300925925926 0.3410763888888889
0 0.8676736111111112 0.6295196759259258 0.26465277777777774 0.40663194444444456
0 0.9004050925925926 0.5001331018518519 0.19918981481481488 0.4706828703703703
0 0.972199074074074 0.8645775462962962 0.05560185185185205 0.27084490740740746
0 0.9904918981481481 0.9697482638888889 0.019016203703703737 0.060503472222222146
0 0.979866898148148 0.9975925925925926 0.04026620370370395 0.004814814814814739
0 0.944375 0.9696875 0.11125000000000007 0.06062499999999993
0 0.6900289351851852 0.9584780092592592 0.10799768518518534 0.08304398148148166
0 0.6554861111111111 0.7671296296296296 0.29842592592592593 0.40510416666666665
0 0.601556712962963 0.9782262731481481 0.09752314814814814 0.04354745370370381
0 0.5493344907407407 0.9886342592592593 0.0894444444444444 0.022731481481481453
0 0.4629918981481481 0.9457175925925926 0.1349305555555556 0.10856481481481488
0 0.29347222222222225 0.9084780092592591 0.15078703703703705 0.17218749999999972
0 0.18710648148148148 0.5833854166666667 0.24164351851851854 0.38864583333333336