0 0.20363425925925926 0.496875 0.23912037037037032 0.309375
0 0.22301504629629626 0.6758969907407407 0.18306712962962965 0.2607060185185185
0 0.34508680555555554 0.7280671296296296 0.18239583333333337 0.19311342592592595
0 0.409519675925926 0.6175636574074075 0.23219907407407409 0.24131944444444428
0 0.40206018518518516 0.4217592592592593 0.38954861111111116 0.4064814814814815
0 0.5625173611111112 0.6928819444444445 0.2807291666666666 0.29710648148148133
0 0.7942881944444444 0.7114872685185185 0.31745370370370374 0.3289930555555557
0 0.7672743055555555 0.8255787037037037 0.18128472222222208 0.18842592592592594
0 0.7163020833333333 0.9056712962962962 0.16646990740740736 0.12592592592592594
0 0.8875810185185184 0.8648148148148149 0.2248379629629631 0.18472222222222215
0 0.8920659722222222 0.5862268518518519 0.21586805555555558 0.4393518518518519