0 0.0953125 0.52734375 0.07578125 0.12265625
0 0.1546875 0.425 0.046875 0.0828125
0 0.23125 0.45078125 0.04453125 0.08671875
0 0.25 0.40703125 0.0375 0.07890625
0 0.30859375 0.425 0.0359375 0.0515625
0 0.3234375 0.3953125 0.03359375 0.05546875
0 0.3296875 0.5296875 0.06875 0.1265625
0 0.37578125 0.409375 0.0265625 0.0515625
0 0.36640625 0.38359375 0.021875 0.04765625
0 0.43359375 0.3046875 0.03125 0.05546875
0 0.4359375 0.3796875 0.0359375 0.05546875
0 0.47421875 0.40703125 0.0375 0.07109375
0 0.4921875 0.38515625 0.0375 0.0671875
0 0.66015625 0.37734375 0.0265625 0.059375
0 0.678125 0.403125 0.0359375 0.07109375
0 0.7109375 0.4390625 0.03984375 0.07890625
0 0.7390625 0.38125 0.03359375 0.059375
0 0.77109375 0.39921875 0.0359375 0.06328125
0 0.815625 0.38359375 0.03125 0.05546875
0 0.83984375 0.4625 0.053125 0.09453125
0 0.88984375 0.3796875 0.0421875 0.07109375
0 0.9546875 0.58515625 0.078125 0.134375
0 0.96640625 0.4640625 0.053125 0.090625
0 0.978125 0.4015625 0.03984375 0.075