0 0.9224131944444445 0.5463194444444445 0.0655555555555555 0.07430555555555554
0 0.951423611111111 0.5465451388888889 0.04631944444444471 0.061701388888888965
0 0.8725868055555555 0.5732638888888889 0.0577430555555555 0.07361111111111107
0 0.8171180555555555 0.6036284722222222 0.05760416666666677 0.07048611111111107
0 0.7813020833333333 0.5447569444444444 0.0689583333333335 0.08083333333333335
0 0.7314409722222222 0.572482638888889 0.054479166666666676 0.07020833333333343
0 0.70078125 0.556423611111111 0.05611111111111118 0.07190972222222207
0 0.6957986111111112 0.6155902777777778 0.05107638888888886 0.06368055555555543
0 0.8269618055555557 0.7880381944444445 0.044479166666666715 0.05531250000000014
0 0.7882118055555556 0.7775347222222223 0.047812500000000036 0.060277777777777784
0 0.7496527777777777 0.7803819444444444 0.04298611111111104 0.05673611111111114
0 0.6954340277777777 0.7826215277777777 0.049583333333333354 0.06510416666666678
0 0.6708506944444445 0.8063194444444445 0.03312500000000007 0.044965277777777854
0 0.622638888888889 0.5675173611111111 0.057673611111111 0.07204861111111108
0 0.6413194444444444 0.6060416666666667 0.046111111111111214 0.05701388888888879
0 0.6354166666666666 0.6329687500000001 0.04916666666666671 0.05572916666666679
0 0.6480902777777777 0.8066493055555555 0.034756944444444396 0.046666666666666766
0 0.5736458333333333 0.6110069444444445 0.052569444444444356 0.06225694444444443
0 0.5522569444444445 0.6334201388888889 0.041284722222222216 0.05347222222222214
0 0.5455729166666666 0.6602777777777777 0.046111111111111214 0.05701388888888879
0 0.5165972222222223 0.5886805555555557 0.059513888888889 0.07843750000000008
0 0.4922222222222222 0.6076909722222222 0.0546180555555555 0.07333333333333343
0 0.41015625 0.6011805555555556 0.05923611111111118 0.07218750000000007
0 0.4217361111111112 0.6406423611111111 0.04590277777777776 0.052326388888888783
0 0.42758680555555556 0.6678298611111112 0.03788194444444457 0.0469444444444445
0 0.37338541666666664 0.6520312500000001 0.04468750000000003 0.05999999999999996
0 0.34208333333333335 0.6327777777777778 0.0561805555555555 0.07347222222222208
0 0.4405034722222222 0.8360416666666666 0.04965277777777786 0.06666666666666643
0 0.36421875 0.8582812499999999 0.04284722222222222 0.053611111111111144
0 0.5085416666666667 0.8405208333333334 0.03930555555555557 0.04395833333333314
0 0.5296180555555555 0.8251388888888889 0.02631944444444443 0.031909722222222214
0 0.5526388888888889 0.8365972222222222 0.03270833333333343 0.03559027777777786
0 0.5973958333333333 0.8178298611111112 0.04277777777777771 0.05204861111111114
0 0.6167534722222222 0.823472222222222 0.03440972222222225 0.038854166666666856
0 0.5834895833333333 0.8307118055555556 0.03121527777777775 0.03701388888888886
0 0.26390625 0.8564236111111111 0.13010416666666663 0.16097222222222235
0 0.10107638888888888 0.6905729166666668 0.04993055555555555 0.07291666666666678
0 0.04383680555555556 0.6548958333333333 0.06447916666666667 0.08510416666666672