0 0.8865393518518518 0.5196759259259259 0.0809606481481481 0.11013888888888879
0 0.8803761574074074 0.47114004629629636 0.057222222222222285 0.08270833333333343
0 0.7921990740740741 0.45135995370370363 0.04773148148148145 0.07204861111111108
0 0.7812210648148148 0.49780092592592595 0.06204861111111111 0.09350694444444443
0 0.7519907407407407 0.4671469907407408 0.05885416666666661 0.08787037037037031
0 0.7075115740740741 0.5096354166666667 0.07468749999999993 0.10667824074074073
0 0.7717766203703704 0.5952604166666667 0.09378472222222207 0.13581018518518526
0 0.699681712962963 0.45359375 0.041412037037036956 0.06546296296296301
0 0.6476851851851851 0.4611342592592592 0.04456018518518512 0.06797453703703696
0 0.6387615740740741 0.48875578703703704 0.05248842592592595 0.07815972222222207
0 0.6434837962962963 0.5975173611111112 0.1047685185185184 0.1422569444444445
0 0.5935011574074075 0.5310069444444444 0.07466435185185176 0.10511574074074073
0 0.5659143518518518 0.5062962962962964 0.04934027777777779 0.07564814814814831
0 0.5359722222222223 0.48009259259259257 0.04453703703703695 0.06641203703703695
0 0.5589583333333333 0.4567418981481481 0.03658564814814813 0.05466435185185183
0 0.5954918981481482 0.45539351851851856 0.04295138888888879 0.06437500000000007
0 0.5392534722222222 0.4390914351851851 0.039733796296296295 0.05717592592592595
0 0.5008622685185184 0.4725405092592593 0.04134259259259263 0.06077546296296301
0 0.47368055555555555 0.47517361111111106 0.0350462962962963 0.05575231481481495
0 0.4692592592592593 0.4917187500000001 0.04297453703703695 0.06593750000000007
0 0.46256365740740735 0.5122395833333333 0.05248842592592595 0.07815972222222226
0 0.49144097222222227 0.5715625 0.07638888888888892 0.11652777777777779
0 0.3829166666666667 0.5432696759259259 0.06675925925925927 0.09649305555555561
0 0.3449305555555556 0.499068287037037 0.050856481481481454 0.0729976851851852
0 0.3236979166666667 0.48328703703703707 0.03656249999999996 0.05310185185185183
0 0.3983275462962963 0.48106481481481483 0.04295138888888896 0.06437500000000007
0 0.2843634259259259 0.5055613425925926 0.04929398148148145 0.07252314814814813
0 0.2777604166666666 0.532332175925926 0.05570601851851844 0.0853587962962962
0 0.22316550925925926 0.5219733796296296 0.04609953703703704 0.0668865740740742
0 0.15451967592592591 0.5081249999999999 0.0461689814814815 0.07157407407407401
0 0.5565625 0.8199942129629629 0.16690972222222217 0.24201388888888892
0 0.35694444444444445 0.6800405092592593 0.12724537037037037 0.18952546296296297
0 0.2082638888888889 0.6185532407407408 0.09550925925925924 0.14722222222222214
0 0.17285300925925925 0.5906886574074074 0.07471064814814814 0.1082407407407409
0 0.2683101851851852 0.8648668981481482 0.23812499999999998 0.2702662037037037
0 0.1353703703703704 0.7379629629629629 0.13186342592592593 0.18626157407407398
0 0.08057291666666667 0.5564409722222222 0.07475694444444445 0.11136574074074072
0 0.031261574074074074 0.5352430555555555 0.04793981481481482 0.08611111111111107
0 0.03818865740740741 0.6353414351851852 0.059155092592592586 0.1081828703703703
0 0.024913194444444446 0.5792013888888888 0.03385416666666667 0.08027777777777771