0 0.0390625 0.63359375 0.05 0.06640625
0 0.03984375 0.5796875 0.02421875 0.0421875
0 0.07109375 0.5703125 0.02578125 0.0484375
0 0.08125 0.778125 0.0859375 0.13828125
0 0.15390625 0.63671875 0.04375 0.06640625
0 0.21875 0.59296875 0.04609375 0.075
0 0.24921875 0.66484375 0.05390625 0.08125
0 0.2890625 0.6125 0.0421875 0.078125
0 0.3421875 0.63984375 0.04765625 0.084375
0 0.371875 0.6234375 0.0359375 0.06875
0 0.440625 0.62890625 0.04609375 0.08125
0 0.46875 0.684375 0.0578125 0.1078125
0 0.51015625 0.48203125 0.028125 0.0453125
0 0.53828125 0.64140625 0.05234375 0.09296875
0 0.609375 0.9234375 0.10625 0.12890625
0 0.671875 0.71328125 0.0640625 0.1109375
0 0.6671875 0.64140625 0.05 0.075
0 0.63671875 0.60625 0.0421875 0.06640625
0 0.71796875 0.63984375 0.04765625 0.071875
0 0.71328125 0.59609375 0.0421875 0.06328125
0 0.859375 0.6453125 0.0421875 0.078125
0 0.90078125 0.74609375 0.07421875 0.1109375