0 0.6926041666666667 0.880613425925926 0.07854166666666665 0.08067129629629619
0 0.7307812499999999 0.8684027777777779 0.0958333333333334 0.11174768518518548
0 0.65234375 0.8153645833333334 0.13010416666666663 0.13333333333333322
0 0.6190104166666667 0.8185474537037039 0.08416666666666668 0.09050925925925943
0 0.5526041666666666 0.759982638888889 0.07937499999999993 0.08379629629629619
0 0.5069270833333334 0.7515914351851852 0.075 0.07864583333333339
0 0.4547395833333333 0.6975694444444445 0.09635416666666678 0.09681712962962959
0 0.4294791666666667 0.7222511574074074 0.04802083333333336 0.05063657407407405
0 0.3193229166666667 0.48666087962962956 0.1979166666666666 0.2019097222222222
0 0.24270833333333336 0.417650462962963 0.2630208333333333 0.2715856481481481
0 0.01786458333333334 0.5146122685185185 0.03572916666666668 0.08628472222222214
0 0.20145833333333335 0.14597800925925924 0.30645833333333333 0.26001157407407405