0 0.24765625 0.27890625 0.1515625 0.38203125
0 0.440625 0.42734375 0.0484375 0.1015625
0 0.52109375 0.43828125 0.0453125 0.08515625
0 0.49765625 0.3609375 0.03515625 0.0796875
0 0.575 0.36796875 0.03984375 0.07109375
0 0.55546875 0.3046875 0.03828125 0.06015625
0 0.61484375 0.44921875 0.046875 0.08515625
0 0.61796875 0.33515625 0.03671875 0.065625
0 0.65 0.2953125 0.03359375 0.05234375
0 0.6484375 0.371875 0.03359375 0.06328125
0 0.71328125 0.453125 0.046875 0.08203125
0 0.73515625 0.3875 0.03671875 0.07109375
0 0.69765625 0.328125 0.03203125 0.06328125
0 0.72890625 0.30234375 0.025 0.065625
0 0.775 0.32578125 0.03671875 0.06875
0 0.82578125 0.45625 0.0546875 0.09921875
0 0.83671875 0.384375 0.04296875 0.08203125
0 0.8484375 0.32421875 0.0296875 0.0546875
0 0.93359375 0.30625 0.0296875 0.05234375
0 0.9390625 0.37890625 0.03828125 0.07109375
0 0.94765625 0.33671875 0.025 0.05234375
0 0.94296875 0.46953125 0.05 0.09921875