0 0.17002314814814815 0.169375 0.12598379629629627 0.17718749999999997
0 0.19939236111111108 0.26890625 0.09334490740740739 0.13343749999999996
0 0.2725694444444445 0.290625 0.09016203703703703 0.13125
0 0.33405671296296297 0.28796875 0.11111111111111108 0.15250000000000002
0 0.43967013888888895 0.26265625 0.2876157407407408 0.395625
0 0.5395543981481481 0.39203125 0.18628472222222214 0.25593750000000004
0 0.6364293981481481 0.47515625000000006 0.1442708333333332 0.2103124999999999
0 0.6708333333333334 0.545 0.11440972222222215 0.1578125
0 0.5918402777777778 0.6378125 0.07679398148148149 0.10531249999999996
0 0.8814525462962963 0.48953125000000003 0.22424768518518512 0.31781249999999994
0 0.9056712962962962 0.621875 0.13535879629629619 0.17906250000000004