0 0.3069849537037037 0.4920949074074074 0.06377314814814819 0.08395833333333336
0 0.42383101851851845 0.5091724537037037 0.04931712962962962 0.06234953703703709
0 0.4526967592592593 0.5385300925925925 0.05214120370370381 0.05954861111111107
0 0.506076388888889 0.5274710648148149 0.05214120370370381 0.05954861111111107
0 0.5400173611111111 0.5357870370370371 0.04916666666666671 0.0607870370370371
0 0.5839293981481481 0.5083506944444445 0.07501157407407408 0.08821759259259263
0 0.5822106481481482 0.5724421296296296 0.04589120370370381 0.05890046296296294
0 0.7014236111111112 0.5403530092592593 0.09229166666666658 0.10702546296296304
0 0.6713368055555555 0.5884490740740741 0.068611111111111 0.0860069444444445
0 0.7138020833333333 0.6361226851851851 0.04775462962962962 0.06218749999999993
0 0.7432349537037037 0.6385937500000001 0.0473032407407409 0.057499999999999926
0 0.8076041666666667 0.5695833333333333 0.08387731481481495 0.09996527777777793
0 0.8412500000000002 0.6158043981481481 0.074861111111111 0.08665509259259263
0 0.9419328703703703 0.6534953703703703 0.07687500000000007 0.09150462962962962
0 0.9828645833333333 0.6694849537037036 0.03427083333333343 0.07221064814814823
0 0.7772048611111112 0.6390162037037037 0.03471064814814824 0.03917824074074083
0 0.7867476851851851 0.6561747685185185 0.03158564814814824 0.0388541666666665