0 0.1004050925925926 0.2546875 0.13570601851851852 0.19461805555555553
0 0.09484953703703704 0.34913194444444445 0.0804861111111111 0.11666666666666661
0 0.18420717592592592 0.37907986111111114 0.07881944444444447 0.10243055555555554
0 0.2626099537037037 0.30234375 0.10261574074074079 0.15347222222222223
0 0.25230902777777775 0.38949652777777777 0.08993055555555554 0.12708333333333338
0 0.3047048611111111 0.3907118055555555 0.08684027777777778 0.13142361111111106
0 0.33520833333333333 0.3920138888888889 0.0899537037037037 0.13020833333333331
0 0.3745138888888889 0.42048611111111106 0.0805092592592593 0.11979166666666674
0 0.40578125 0.31380208333333337 0.08520833333333329 0.121875
0 0.45164351851851847 0.38298611111111114 0.08834490740740737 0.12378472222222223
0 0.5338946759259259 0.40355902777777786 0.05999999999999996 0.09097222222222219
0 0.5280960648148149 0.4651909722222222 0.058391203703703806 0.08454861111111107
0 0.6074189814814815 0.3015625 0.15003472222222208 0.23211805555555554
0 0.7113888888888888 0.4041666666666667 0.12791666666666668 0.196875
0 0.7883680555555556 0.45190972222222225 0.1042476851851852 0.1630208333333334
0 0.8721064814814815 0.46215277777777775 0.08690972222222229 0.14079861111111108
0 0.9633680555555555 0.41501736111111115 0.07326388888888893 0.16163194444444445
0 0.9774942129629629 0.27899305555555554 0.04501157407407419 0.2770833333333334