0 0.18097222222222226 0.36094907407407406 0.05887731481481482 0.06693287037037035
0 0.39651620370370366 0.4226273148148148 0.05498842592592599 0.06206018518518519
0 0.4996064814814815 0.41927083333333337 0.05731481481481495 0.06684027777777782
0 0.5941898148148148 0.43907407407407406 0.058368055555555645 0.06380787037037035
0 0.7595428240740741 0.4457175925925926 0.058333333333333216 0.07309027777777785
0 0.7818981481481482 0.6134780092592592 0.07392361111111115 0.08329861111111114
0 0.6003877314814815 0.6382175925925926 0.11957175925925938 0.13552083333333337
0 0.650775462962963 0.6049189814814815 0.08868055555555561 0.10738425925925928
0 0.6164814814814814 0.5539814814814814 0.07704861111111114 0.08348379629629629
0 0.4765046296296297 0.686880787037037 0.15399305555555554 0.19481481481481494
0 0.30149305555555556 0.7443460648148148 0.2690625 0.35018518518518515
0 0.17313078703703705 0.6365624999999999 0.15638888888888886 0.1810300925925926
0 0.20483217592592595 0.5485185185185185 0.08715277777777777 0.09800925925925927
0 0.053229166666666675 0.5639872685185185 0.1016898148148148 0.11125000000000007
0 0.07358796296296297 0.5068229166666667 0.07679398148148149 0.0819212962962963