0 0.8536284722222222 0.5322974537037036 0.0683101851851852 0.09888888888888889
0 0.7276909722222222 0.5271412037037037 0.07796296296296301 0.1094444444444445
0 0.6808912037037037 0.5042361111111111 0.08127314814814816 0.11608796296296298
0 0.7187731481481482 0.4340856481481481 0.05989583333333322 0.07759259259259257
0 0.6733159722222222 0.26079282407407406 0.09456018518518512 0.14422453703703705
0 0.5321527777777778 0.3229340277777778 0.07322916666666668 0.1072916666666667
0 0.5162037037037036 0.4409143518518519 0.10393518518518512 0.14540509259259263
0 0.6079224537037037 0.4713946759259259 0.08113425925925917 0.11140046296296298
0 0.531707175925926 0.46931712962962957 0.05893518518518519 0.09770833333333329
0 0.40472222222222226 0.42070601851851847 0.06527777777777781 0.10162037037037042
0 0.4098611111111111 0.4574189814814815 0.05677083333333326 0.07719907407407404
0 0.33451967592592596 0.45211805555555556 0.11069444444444443 0.16337962962962962
0 0.3255034722222222 0.3886516203703704 0.07346064814814816 0.1151041666666666
0 0.29618055555555556 0.4063541666666667 0.04583333333333339 0.0758217592592592
0 0.16528356481481482 0.38469907407407405 0.05075231481481479 0.0842245370370371
0 0.14713541666666666 0.3667476851851852 0.06537037037037034 0.10474537037037042
0 0.1178587962962963 0.3828877314814815 0.0848611111111111 0.13210648148148146
0 0.05860243055555555 0.3156597222222222 0.1172048611111111 0.18916666666666665