0 0.8785011574074073 0.26666666666666666 0.14010416666666642 0.14322916666666669
0 0.9534664351851851 0.41986111111111113 0.09306712962962962 0.1258333333333333
0 0.8110706018518519 0.33402777777777776 0.11412037037037023 0.12708333333333338
0 0.8518923611111111 0.5267881944444445 0.13385416666666677 0.14309027777777777
0 0.7399074074074073 0.4602777777777778 0.11103009259259267 0.11767361111111115
0 0.6630555555555555 0.36397569444444444 0.0959837962962963 0.10177083333333332
0 0.6754861111111111 0.4883680555555555 0.11619212962962955 0.13024305555555565
0 0.5640740740740741 0.47829861111111105 0.12189814814814817 0.1365972222222222
0 0.6503877314814815 0.6567187499999999 0.13723379629629626 0.14472222222222228
0 0.4690625 0.54 0.11153935185185179 0.12079861111111115
0 0.5324479166666667 0.7220659722222222 0.14217592592592593 0.14638888888888885
0 0.3607986111111111 0.6647222222222222 0.14679398148148143 0.16517361111111112
0 0.26677662037037037 0.45824652777777775 0.13359953703703703 0.14152777777777778
0 0.1354108796296296 0.5278125 0.12160879629629626 0.14437499999999998