0 0.7473958333333334 0.9738136574074074 0.1494212962962962 0.05237268518518512
0 0.8195891203703702 0.9626880787037038 0.08773148148148158 0.07462384259259239
0 0.6885416666666666 0.8425347222222221 0.11568287037037024 0.14866898148148158
0 0.5616319444444444 0.9096643518518519 0.17303240740740744 0.1806712962962962
0 0.5735243055555556 0.847193287037037 0.1276041666666668 0.17725694444444465
0 0.5035011574074074 0.762644675925926 0.11255787037037024 0.14809027777777786
0 0.40625 0.9387152777777779 0.20219907407407406 0.12256944444444429
0 0.3677662037037037 0.7320023148148148 0.13576388888888893 0.18807870370370364
0 0.38475115740740745 0.4008391203703704 0.09797453703703703 0.13142361111111106
0 0.21316550925925926 0.55234375 0.10613425925925926 0.1422453703703704
0 0.14010416666666664 0.6772569444444445 0.17285879629629627 0.2259837962962962
0 0.0828125 0.766724537037037 0.165625 0.26782407407407405
0 0.05571469907407407 0.4696180555555555 0.11142939814814815 0.160474537037037
0 0.03723958333333333 0.4801215277777778 0.07447916666666667 0.17274305555555552