0 0.2797395833333333 0.17484375000000002 0.3907291666666667 0.3471875
0 0.3783159722222222 0.1872164351851852 0.14250000000000007 0.18450231481481483
0 0.48557291666666663 0.3205324074074074 0.11937500000000015 0.156099537037037
0 0.5339583333333333 0.39607638888888885 0.16114583333333332 0.1941319444444444
0 0.42708333333333337 0.5207638888888889 0.2208680555555556 0.2573726851851852
0 0.5650694444444444 0.2803993055555556 0.12718749999999995 0.15621527777777774
0 0.7471180555555555 0.3633796296296296 0.13850694444444436 0.16885416666666675
0 0.812326388888889 0.47190972222222227 0.17652777777777767 0.19280092592592588
0 0.7101909722222223 0.6270659722222222 0.20003472222222207 0.23368055555555572
0 0.7870833333333334 0.25952546296296297 0.13187500000000013 0.15628472222222226
0 0.9470659722222223 0.4766840277777778 0.10586805555555542 0.20042824074074073
0 0.9838020833333333 0.6569386574074073 0.03239583333333336 0.23762731481481475
0 0.9369444444444444 0.38524305555555555 0.12611111111111128 0.21768518518518523