0 0.48515625 0.43984375 0.01796875 0.0328125
0 0.82265625 0.7609375 0.10625 0.17109375
0 0.87421875 0.67890625 0.071875 0.1078125
0 0.9578125 0.625 0.05234375 0.10234375
0 0.87734375 0.56015625 0.03828125 0.06328125
0 0.8609375 0.54375 0.0296875 0.05390625
0 0.7796875 0.578125 0.04375 0.08125
0 0.75625 0.5421875 0.0359375 0.06328125
0 0.7296875 0.65625 0.06796875 0.08671875
0 0.703125 0.5859375 0.04609375 0.06015625
0 0.671875 0.56015625 0.0359375 0.05078125
0 0.6828125 0.5421875 0.034375 0.06328125
0 0.6546875 0.60390625 0.05 0.084375
0 0.63984375 0.65 0.04765625 0.08671875
0 0.6078125 0.67734375 0.071875 0.1109375
0 0.6828125 0.8828125 0.1859375 0.228125
0 0.45 0.696875 0.0796875 0.13828125
0 0.534375 0.60625 0.05234375 0.084375
0 0.55 0.56015625 0.03203125 0.05703125
0 0.603125 0.5453125 0.0296875 0.0453125
0 0.47421875 0.58125 0.03984375 0.075
0 0.50078125 0.56328125 0.03828125 0.05703125
0 0.515625 0.5421875 0.02421875 0.05078125
0 0.428125 0.53125 0.03203125 0.0484375
0 0.41484375 0.609375 0.0703125 0.1140625
0 0.36875 0.64296875 0.05390625 0.10234375
0 0.3546875 0.5796875 0.0421875 0.078125
0 0.36796875 0.5453125 0.03203125 0.05078125
0 0.28828125 0.5375 0.03984375 0.071875
0 0.28828125 0.615625 0.04765625 0.09609375
0 0.28125 0.7640625 0.10234375 0.16484375
0 0.23828125 0.6859375 0.071875 0.1234375
0 0.209375 0.55390625 0.0421875 0.06875
0 0.1109375 0.60390625 0.065625 0.1140625
0 0.0703125 0.78046875 0.11171875 0.18046875
0 0.040625 0.546875 0.04609375 0.06640625
0 0.078125 0.5375 0.0359375 0.06015625
0 0.15 0.5484375 0.03203125 0.05703125
0 0.12109375 0.52109375 0.0296875 0.0390625
0 0.02734375 0.66640625 0.05390625 0.14453125
0 0.02265625 0.51640625 0.0296875 0.0421875