0 0.8609548611111112 0.9034085648148149 0.117326388888889 0.16390046296296318
0 0.7196527777777778 0.9034809027777777 0.17770833333333336 0.1930381944444445
0 0.7870659722222222 0.8037442129629631 0.08788194444444439 0.10871527777777779
0 0.779079861111111 0.7503703703703704 0.06930555555555565 0.08952546296296297
0 0.7292708333333333 0.47826967592592595 0.051875000000000074 0.06597222222222214
0 0.6715277777777777 0.8235416666666666 0.10642361111111107 0.14476851851851852
0 0.6431770833333333 0.7396874999999999 0.08204861111111121 0.11210648148148153
0 0.6325000000000001 0.6897337962962963 0.08434027777777775 0.10337962962962965
0 0.3793576388888889 0.556869212962963 0.06746527777777782 0.086076388888889
0 0.3085590277777778 0.5835590277777778 0.08090277777777777 0.11646990740740755
0 0.22456597222222224 0.5796643518518518 0.1064236111111111 0.14476851851851863
0 0.19479166666666664 0.5297280092592593 0.07354166666666666 0.1026736111111111
0 0.2528125 0.5035706018518519 0.06645833333333329 0.09200231481481484
0 0.06837673611111111 0.6209895833333333 0.13675347222222223 0.20540509259259263
0 0.045668402777777777 0.5006076388888889 0.09133680555555555 0.14131944444444428
0 0.04182291666666667 0.39774884259259263 0.08305555555555558 0.10618055555555558