0 0.9567737268518519 0.7318749999999999 0.08645254629629626 0.19846064814814818
0 0.8439409722222223 0.708894675925926 0.10245370370370362 0.12531250000000008
0 0.7994212962962963 0.7666319444444445 0.07054398148148149 0.08797453703703706
0 0.6902777777777778 0.8239930555555557 0.09594907407407405 0.12268518518518512
0 0.8194907407407408 0.5262326388888889 0.1792476851851852 0.2143518518518519
0 0.5128587962962963 0.5742534722222222 0.1024537037037037 0.12531250000000008
0 0.44893518518518516 0.42436342592592596 0.20494212962962965 0.2415162037037037
0 0.40162615740740737 0.5302372685185185 0.135162037037037 0.15822916666666664
0 0.34518518518518515 0.5707523148148148 0.07803240740740743 0.1059606481481481
0 0.2422337962962963 0.507638888888889 0.09053240740740742 0.10809027777777765
0 0.18899305555555554 0.35804976851851855 0.26461805555555556 0.30940972222222224
0 0.1055034722222222 0.41902199074074076 0.0915162037037037 0.12344907407407409