0 0.9626041666666666 0.3675636574074074 0.07479166666666685 0.21579861111111115
0 0.9744618055555556 0.2620949074074074 0.05107638888888886 0.18298611111111115
0 0.9344126157407407 0.14707754629629627 0.13117476851851856 0.1763310185185185
0 0.9469068287037036 0.11183449074074073 0.10618634259259281 0.15208333333333335
0 0.841724537037037 0.04233217592592592 0.1066782407407409 0.08466435185185184
0 0.8078993055555556 0.023017939814814804 0.08527777777777779 0.04603587962962961
0 0.7001620370370369 0.11449652777777777 0.10166666666666657 0.11047453703703702
0 0.794681712962963 0.40326967592592594 0.18328703703703705 0.21192129629629625
0 0.6209837962962963 0.2840567129629629 0.1369791666666666 0.15659722222222222
0 0.5751099537037037 0.1910011574074074 0.1013425925925926 0.10891203703703703
0 0.5731944444444445 0.4030671296296296 0.1250115740740741 0.14270833333333327
0 0.7095659722222223 0.5519675925925925 0.2140625 0.2361689814814815
0 0.7565046296296296 0.727806712962963 0.3133101851851851 0.35688657407407404
0 0.5132523148148149 0.572193287037037 0.16684027777777785 0.18373842592592596
0 0.5223842592592594 0.7326967592592593 0.20241898148148146 0.22384259259259257
0 0.38039351851851855 0.4984664351851852 0.16624999999999995 0.18819444444444447
0 0.42817708333333326 0.31342592592592594 0.12371527777777769 0.1364583333333334
0 0.3547164351851852 0.27760416666666665 0.1013425925925926 0.10891203703703703
0 0.30953125000000004 0.323755787037037 0.10328703703703698 0.11828703703703702
0 0.27350694444444446 0.3170138888888889 0.09476851851851853 0.10642361111111116
0 0.2460243055555556 0.3669849537037037 0.09886574074074075 0.11157407407407405
0 0.2502430555555556 0.4533275462962963 0.12409722222222222 0.1456018518518519
0 0.17897569444444444 0.3310185185185185 0.08846064814814811 0.0979166666666667
0 0.12751736111111112 0.3313946759259259 0.07837962962962966 0.08582175925925925
0 0.3331539351851852 0.6938946759259259 0.19083333333333333 0.21909722222222214
0 0.23653935185185185 0.6357349537037037 0.15994212962962964 0.1796875
0 0.21659722222222225 0.5162905092592592 0.14856481481481482 0.16134259259259257
0 0.14184606481481482 0.5402488425925925 0.08146990740740741 0.12262731481481488