0 0.9603414351851851 0.5437384259259259 0.0793171296296297 0.21796296296296305
0 0.8557638888888889 0.577962962962963 0.1372106481481481 0.18062499999999987
0 0.8694907407407408 0.7568923611111111 0.08589120370370366 0.10527777777777772
0 0.8462442129629629 0.7731192129629629 0.06962962962962962 0.12077546296296297
0 0.9003414351851852 0.7899189814814814 0.06824074074074069 0.09733796296296297
0 0.6483738425925927 0.7021527777777778 0.09444444444444429 0.11783564814814813
0 0.5090277777777777 0.8940046296296297 0.08285879629629633 0.10681712962962955
0 0.452193287037037 0.6069907407407407 0.12994212962962964 0.1633912037037037
0 0.4097858796296296 0.7347453703703704 0.08929398148148149 0.10998842592592588
0 0.45040509259259254 0.7217708333333334 0.076701388888889 0.10833333333333339
0 0.34576967592592595 0.7350520833333333 0.08083333333333335 0.09899305555555564
0 0.26294560185185184 0.7078877314814814 0.09168981481481478 0.12406250000000014
0 0.32026041666666666 0.5154282407407408 0.1453935185185185 0.18693287037037046
0 0.15271412037037038 0.3236458333333333 0.22006944444444448 0.28744212962962956
0 0.1689351851851852 0.6369097222222222 0.10346064814814815 0.13820601851851855
0 0.11468750000000001 0.6966377314814814 0.07476851851851853 0.1020717592592593
0 0.05431134259259259 0.7188368055555555 0.029178240740740734 0.09704861111111107