0 0.8072106481481482 0.4035474537037037 0.31076388888888895 0.378287037037037
0 0.7595891203703704 0.37014467592592587 0.24097222222222214 0.30718750000000006
0 0.7124016203703704 0.5586226851851852 0.2695949074074072 0.3294097222222222
0 0.8295949074074074 0.5899421296296297 0.19898148148148148 0.2614120370370371
0 0.8867361111111112 0.6273784722222222 0.22230324074074082 0.3006828703703704
0 0.9072424768518518 0.6499479166666667 0.1855150462962964 0.31975694444444436
0 0.9426678240740742 0.5606886574074075 0.11466435185185161 0.31196759259259255
0 0.9707581018518517 0.548917824074074 0.05848379629629648 0.3661689814814814
0 0.9679484953703703 0.7484606481481482 0.06410300925925938 0.2017824074074074
0 0.9968952546296297 0.9241493055555555 0.00620949074074062 0.14350694444444442
0 0.9545630787037037 0.9213946759259259 0.09087384259259253 0.15607638888888892
0 0.9516521990740742 0.7904687499999999 0.09669560185185162 0.1404050925925926
0 0.8064062499999999 0.7055960648148148 0.1278240740740741 0.14513888888888893
0 0.7739699074074073 0.6311574074074074 0.11861111111111118 0.13254629629629627