0 0.10234375 0.77265625 0.06640625 0.11015625
0 0.22109375 0.8625 0.096875 0.15625
0 0.29375 0.77265625 0.084375 0.1390625
0 0.33515625 0.828125 0.071875 0.11640625
0 0.3296875 0.62890625 0.05625 0.09453125
0 0.47109375 0.2265625 0.04453125 0.0921875
0 0.41015625 0.7171875 0.06484375 0.10703125
0 0.43125 0.86328125 0.090625 0.1296875
0 0.49375 0.66875 0.0703125 0.109375
0 0.4796875 0.57265625 0.05078125 0.09296875
0 0.61953125 0.80859375 0.0875 0.15234375
0 0.5640625 0.80859375 0.0828125 0.15234375
0 0.5953125 0.72578125 0.05390625 0.09296875
0 0.6390625 0.73125 0.07109375 0.11484375
0 0.653125 0.6546875 0.0578125 0.10390625
0 0.603125 0.58203125 0.0546875 0.0921875
0 0.71875 0.590625 0.065625 0.1015625
0 0.75 0.75078125 0.08515625 0.178125
0 0.82109375 0.7609375 0.06796875 0.13828125
0 0.7765625 0.628125 0.0578125 0.1015625
0 0.8296875 0.5828125 0.0546875 0.0984375
0 0.9078125 0.80625 0.103125 0.1984375
0 0.9078125 0.584375 0.0453125 0.0875
0 0.953125 0.5484375 0.04609375 0.07421875