0 0.7393402777777778 0.5586805555555555 0.231574074074074 0.3612268518518519
0 0.5006134259259258 0.26883680555555556 0.22135416666666674 0.31915509259259267
0 0.6979861111111111 0.7500578703703704 0.16314814814814813 0.24965277777777786
0 0.8161400462962962 0.9484953703703705 0.10898148148148153 0.10300925925925916
0 0.8518344907407407 0.6995659722222223 0.18631944444444457 0.27557870370370363
0 0.9253125000000001 0.9363136574074075 0.06659722222222228 0.12737268518518513
0 0.834837962962963 0.7864583333333333 0.13233796296296277 0.19913194444444446
0 0.63609375 0.8215277777777779 0.13243055555555544 0.20069444444444437
0 0.7291203703703704 0.9763744212962961 0.10584490740740744 0.04725115740740762
0 0.6340682870370371 0.9894386574074074 0.09251157407407398 0.02112268518518512
0 0.5334259259259259 0.8080439814814815 0.10704861111111122 0.16354166666666678
0 0.4092013888888889 0.9050925925925928 0.10879629629629624 0.16695601851851832
0 0.4053472222222222 0.970066550925926 0.07780092592592598 0.05986689814814809
0 0.23169560185185184 0.9204571759259259 0.10925925925925925 0.1590856481481481
0 0.18829282407407408 0.9404513888888889 0.11072916666666668 0.11909722222222215
0 0.1017476851851852 0.9566550925925925 0.0938888888888889 0.08668981481481489