0 0.9718721064814815 0.6955729166666667 0.05625578703703695 0.0874305555555555
0 0.9397511574074073 0.6617708333333333 0.04569444444444457 0.08402777777777785
0 0.9272395833333335 0.719392361111111 0.06342592592592596 0.0994791666666666
0 0.8881886574074074 0.7464756944444444 0.06781250000000014 0.09927083333333328
0 0.8825752314814814 0.6636979166666667 0.05572916666666643 0.08249999999999993
0 0.8496122685185185 0.6534375 0.04611111111111086 0.07086805555555546
0 0.8070023148148149 0.6352256944444444 0.04611111111111095 0.07086805555555546
0 0.7743344907407408 0.60734375 0.046956018518518584 0.08291666666666675
0 0.808767361111111 0.7095138888888888 0.06318287037037038 0.0905555555555555
0 0.7578935185185185 0.6867013888888889 0.052604166666666605 0.08159722222222232
0 0.7327199074074074 0.6019618055555556 0.04328703703703703 0.07152777777777786
0 0.6999421296296295 0.6079861111111111 0.051701388888889 0.07690972222222214
0 0.703113425925926 0.762361111111111 0.07400462962962955 0.10843749999999996
0 0.6376620370370369 0.62171875 0.04947916666666678 0.08069444444444436
0 0.6377893518518519 0.5457638888888889 0.051041666666666784 0.08114583333333343
0 0.5952488425925926 0.5585590277777778 0.04791666666666679 0.08024305555555564
0 0.5754861111111111 0.5823611111111111 0.048518518518518405 0.08336805555555564
0 0.5384664351851851 0.5701909722222223 0.04791666666666679 0.08024305555555564
0 0.5112673611111112 0.6434895833333334 0.05410879629629619 0.08940972222222214
0 0.5067361111111112 0.5625 0.047256944444444574 0.08447916666666658
0 0.4654108796296296 0.5203125 0.049537037037037025 0.07333333333333343
0 0.4400115740740741 0.5838020833333333 0.05164351851851841 0.08427083333333343
0 0.42085648148148147 0.5303125 0.04641203703703702 0.07243055555555564
0 0.3912268518518519 0.514375 0.04082175925925924 0.06638888888888897
0 0.40076967592592594 0.5754166666666667 0.04479166666666674 0.07934027777777786
0 0.3717766203703704 0.5781076388888888 0.046354166666666606 0.07979166666666675
0 0.32862268518518517 0.5494097222222223 0.05410879629629628 0.08940972222222214
0 0.33422453703703703 0.49421874999999993 0.04641203703703702 0.07243055555555564
0 0.3123148148148148 0.4723958333333334 0.038298611111111124 0.068611111111111
0 0.26772569444444444 0.46689236111111115 0.04641203703703702 0.07243055555555564
0 0.2768287037037037 0.5639583333333332 0.05717592592592595 0.09767361111111121
0 0.22366319444444444 0.5139236111111112 0.054166666666666696 0.08204861111111121
0 0.2268576388888889 0.4462326388888888 0.04454861111111112 0.07041666666666657
0 0.18615162037037036 0.4647222222222222 0.048819444444444485 0.08493055555555565
0 0.16160300925925924 0.45984374999999994 0.044791666666666695 0.07934027777777786
0 0.14066550925925925 0.47371527777777783 0.05175925925925924 0.06954861111111121