0 0.18144675925925924 0.5959375 0.12993055555555558 0.20906249999999993
0 0.2504340277777778 0.6640625 0.10150462962962958 0.13937500000000008
0 0.2872048611111111 0.725 0.0630902777777778 0.08406249999999993
0 0.31568287037037035 0.7478125 0.05231481481481479 0.06999999999999992
0 0.44728009259259255 0.8634375000000001 0.03611111111111107 0.051875000000000074
0 0.41475694444444444 0.76390625 0.10603009259259259 0.15218750000000014
0 0.3750347222222222 0.6465625 0.1699421296296296 0.23343749999999996
0 0.5344502314814814 0.7759375000000001 0.09763888888888879 0.13562499999999994
0 0.659699074074074 0.7109375 0.13486111111111115 0.1921875
0 0.6884143518518518 0.788125 0.08998842592592596 0.12218750000000007
0 0.6833449074074075 0.8295312499999999 0.08003472222222215 0.10531250000000014
0 0.6223090277777776 0.83890625 0.05387731481481488 0.0703125
0 0.58375 0.7798437500000001 0.05840277777777771 0.08312500000000007
0 0.4726331018518518 0.78515625 0.04153935185185187 0.05593749999999993
0 0.4773900462962962 0.8240625000000001 0.038124999999999964 0.047812499999999855
0 0.49727430555555563 0.8451562500000002 0.03923611111111107 0.05249999999999986
0 0.5092939814814814 0.8110937500000001 0.044212962962962975 0.0609375
0 0.7533506944444444 0.8517187500000001 0.0468055555555555 0.071875
0 0.8092534722222222 0.8740625 0.0676157407407409 0.096875
0 0.8516666666666666 0.8803125000000002 0.053715277777777716 0.08218749999999986
0 0.829861111111111 0.8134375 0.10076388888888879 0.13625000000000007
0 0.9154108796296295 0.74421875 0.14839120370370368 0.20531249999999995
0 0.8917824074074074 0.91140625 0.020729166666666642 0.030937500000000284
0 0.9267766203703705 0.9303125 0.024594907407407617 0.03468750000000007
0 0.975083912037037 0.8846875000000001 0.049832175925925884 0.15093749999999986