0 0.9019791666666667 0.8487847222222221 0.122013888888889 0.17326388888888894
0 0.7152604166666667 0.7723090277777779 0.18777777777777782 0.2640625
0 0.7577604166666667 0.5158854166666667 0.13642361111111115 0.19201388888888893
0 0.8088715277777778 0.6819444444444445 0.07361111111111107 0.09409722222222214
0 0.8716666666666667 0.7091145833333334 0.0641319444444445 0.08732638888888893
0 0.9103472222222223 0.7355902777777777 0.059270833333333425 0.07847222222222232
0 0.954861111111111 0.7447048611111111 0.05947916666666657 0.08784722222222215
0 0.9973090277777779 0.77890625 0.0053819444444442865 0.058506944444444285
0 0.5410763888888889 0.5952256944444445 0.09958333333333336 0.14340277777777785
0 0.5121527777777778 0.5180555555555555 0.07861111111111115 0.10920138888888893
0 0.5501041666666667 0.51171875 0.05302083333333343 0.07708333333333321
0 0.6297743055555556 0.5636284722222221 0.06583333333333333 0.09392361111111107
0 0.3007986111111111 0.4874131944444445 0.13937500000000008 0.18489583333333326
0 0.32913194444444444 0.3980902777777778 0.09958333333333336 0.14340277777777785
0 0.17939236111111112 0.4114583333333333 0.11548611111111114 0.159375
0 0.21152777777777776 0.35329861111111105 0.07524305555555558 0.09756944444444446
0 0.14052083333333334 0.34140625 0.09770833333333333 0.12899305555555554
0 0.13911458333333332 0.278125 0.06097222222222225 0.08506944444444446
0 0.18258680555555556 0.31032986111111105 0.06576388888888891 0.09079861111111107
0 0.26019097222222226 0.3392361111111111 0.0593055555555555 0.08003472222222223
0 0.37506944444444446 0.43628472222222225 0.05930555555555559 0.08003472222222215
0 0.44312500000000005 0.49027777777777776 0.07690972222222214 0.10260416666666661
0 0.49029513888888887 0.47899305555555555 0.0578125 0.0828125
0 0.4809374999999999 0.44270833333333337 0.059270833333333425 0.07847222222222214
0 0.43814236111111116 0.44097222222222215 0.0593055555555555 0.08003472222222215
0 0.4490972222222222 0.4092013888888889 0.065625 0.08454861111111112
0 0.39975694444444443 0.3927951388888889 0.059270833333333425 0.07847222222222223
0 0.5247743055555556 0.45633680555555556 0.04340277777777786 0.0640625
0 0.6076909722222222 0.5144097222222223 0.040034722222222284 0.052430555555555536
0 0.6718923611111112 0.5348958333333333 0.03527777777777778 0.048263888888888926