0 0.015567129629629622 0.5260243055555556 0.031134259259259243 0.09150462962962962
0 0.03292824074074073 0.5615046296296295 0.06585648148148146 0.10324074074074083
0 0.06383101851851851 0.5337094907407407 0.053472222222222233 0.07664351851851858
0 0.12841435185185185 0.50390625 0.046932870370370375 0.06296296296296297
0 0.1601273148148148 0.5132175925925926 0.06018518518518521 0.08134259259259266
0 0.1241898148148148 0.5628819444444444 0.07702546296296296 0.10363425925925931
0 0.19571759259259258 0.5065104166666666 0.046932870370370375 0.06296296296296297
0 0.22592592592592592 0.4853645833333333 0.03773148148148149 0.051620370370370414
0 0.2322627314814815 0.46797453703703695 0.03570601851851851 0.048101851851851764
0 0.27291666666666664 0.4727777777777778 0.05283564814814819 0.08249999999999993
0 0.2972222222222222 0.47116898148148145 0.04560185185185191 0.0641319444444445
0 0.2778935185185185 0.5204108796296296 0.06018518518518521 0.08134259259259266
0 0.18359374999999997 0.6238831018518518 0.1558449074074074 0.20922453703703708
0 0.3694444444444444 0.5928703703703704 0.15943287037037032 0.25375000000000014
0 0.3417824074074074 0.47498842592592594 0.06377314814814819 0.08525462962962962
0 0.3870081018518518 0.47939236111111116 0.04560185185185191 0.0641319444444445
0 0.41684027777777777 0.48616898148148147 0.05509259259259256 0.0875810185185184
0 0.4535590277777778 0.4566145833333334 0.04542824074074066 0.07311342592592603
0 0.499681712962963 0.41942708333333323 0.04537037037037024 0.06256944444444446
0 0.5147858796296296 0.46977430555555555 0.07349537037037024 0.11026620370370388
0 0.5600694444444445 0.5245543981481482 0.11793981481481489 0.1665856481481482
0 0.5805844907407407 0.4216145833333333 0.07077546296296297 0.10206018518518523
0 0.5953993055555555 0.3216145833333333 0.042766203703703806 0.07545138888888889
0 0.6262152777777776 0.413130787037037 0.04965277777777786 0.07116898148148146
0 0.6663773148148148 0.44663773148148145 0.0622106481481481 0.08486111111111114
0 0.7193576388888889 0.5205381944444445 0.17233796296296297 0.2494791666666666
0 0.8364583333333334 0.4256134259259259 0.12488425925925917 0.1728472222222223
0 0.7197916666666666 0.40084490740740736 0.05543981481481488 0.06961805555555553
0 0.6917245370370371 0.39738425925925924 0.05347222222222214 0.07664351851851858