0 0.8984664351851851 0.8497395833333332 0.08246527777777786 0.13744212962962968
0 0.8608217592592592 0.8226273148148149 0.05931712962962976 0.09739583333333349
0 0.750173611111111 0.8286458333333334 0.0721064814814815 0.10844907407407404
0 0.5896990740740741 0.6679398148148148 0.054340277777777855 0.08836805555555553
0 0.6998263888888889 0.9489293981481481 0.15891203703703702 0.1021412037037038
0 0.46695601851851853 0.9136574074074074 0.11793981481481489 0.1726851851851851
0 0.2209201388888889 0.786082175925926 0.08402777777777777 0.13784722222222215
0 0.20992476851851852 0.8486979166666666 0.07407407407407404 0.11979166666666678
0 0.22853009259259255 0.9293547453703702 0.12540509259259258 0.1412905092592595
0 0.13828125 0.7599247685185185 0.0723958333333333 0.11626157407407404
0 0.11278935185185186 0.8306134259259259 0.11163194444444446 0.1728587962962962
0 0.10523726851851851 0.7363715277777778 0.06545138888888888 0.09589120370370363