0 0.21576388888888892 0.7628356481481482 0.1417939814814815 0.15437499999999993
0 0.24056134259259263 0.8147743055555555 0.0834259259259259 0.08569444444444443
0 0.2573263888888889 0.8491550925925925 0.07324074074074076 0.07732638888888914
0 0.43029513888888893 0.8174768518518519 0.05755787037037052 0.0608680555555555
0 0.3907523148148148 0.7281712962962963 0.09188657407407401 0.09240740740740741
0 0.5110474537037037 0.7725694444444444 0.050821759259259205 0.05581018518518519
0 0.5695543981481481 0.7527430555555555 0.062407407407407335 0.06270833333333332
0 0.5968634259259259 0.7240798611111111 0.06822916666666679 0.07392361111111115
0 0.6404456018518518 0.7025925925925927 0.06839120370370359 0.07548611111111114
0 0.6836111111111112 0.7369849537037038 0.047372685185185226 0.05249999999999986
0 0.7348726851851852 0.7221643518518518 0.04252314814814824 0.05065972222222222
0 0.7167534722222222 0.6597511574074074 0.07480324074074077 0.07741898148148145
0 0.6767534722222222 0.5735243055555556 0.11608796296296298 0.131111111111111
0 0.782332175925926 0.693142361111111 0.0563194444444445 0.06390046296296284
0 0.8417534722222222 0.6671585648148148 0.050983796296296194 0.05737268518518519
0 0.8110821759259259 0.6109895833333333 0.06650462962962962 0.07226851851851848
0 0.841724537037037 0.5545717592592593 0.09663194444444442 0.10821759259259256
0 0.8971759259259258 0.6999479166666667 0.052870370370370526 0.060590277777777854
0 0.8780324074074073 0.6351446759259259 0.056319444444444144 0.063900462962963
0 0.9228298611111111 0.6253761574074075 0.05443287037037052 0.060682870370370526