0 0.373912037037037 0.75890625 0.570462962962963 0.48218750000000005
0 0.5577430555555555 0.878263888888889 0.08150462962962948 0.09881944444444457
0 0.5711168981481481 0.7798784722222222 0.04250000000000007 0.05135416666666668
0 0.5732581018518518 0.8107465277777777 0.04618055555555571 0.056805555555555644
0 0.6663599537037037 0.8281944444444445 0.039560185185185046 0.052152777777777715
0 0.6980902777777778 0.8078819444444445 0.04866898148148149 0.06499999999999995
0 0.7409606481481481 0.862361111111111 0.03974537037037038 0.053715277777777716
0 0.778269675925926 0.8123090277777777 0.029895833333333323 0.03461805555555557
0 0.7988483796296296 0.8067187499999999 0.034317129629629586 0.04631944444444462
0 0.8770486111111111 0.858454861111111 0.039560185185185046 0.052152777777777715
0 0.8782175925925927 0.8299131944444443 0.04268518518518505 0.052916666666666855
0 0.9295949074074074 0.8409548611111111 0.04268518518518505 0.0529166666666665
0 0.961724537037037 0.8048090277777777 0.04618055555555571 0.056805555555555644
0 0.9768431712962963 0.6572395833333333 0.04631365740740741 0.10934027777777774
0 0.9974305555555556 0.6992881944444445 0.0051388888888887155 0.07468749999999993