0 0.82265625 0.42109375 0.20625 0.334375
0 0.75625 0.2234375 0.09609375 0.13203125
0 0.6359375 0.290625 0.12421875 0.209375
0 0.5609375 0.31171875 0.065625 0.1546875
0 0.3421875 0.34921875 0.06796875 0.13203125
0 0.3578125 0.228125 0.06015625 0.103125
0 0.41796875 0.2171875 0.03984375 0.08046875
0 0.46875 0.271875 0.065625 0.13203125
0 0.546875 0.2125 0.05 0.103125
0 0.5046875 0.20234375 0.04609375 0.07734375
0 0.60703125 0.11875 0.0296875 0.0453125
0 0.5890625 0.08359375 0.02578125 0.0453125
0 0.29296875 0.08515625 0.02578125 0.0421875
0 0.28125 0.02890625 0.02578125 0.03828125
0 0.32265625 0.02109375 0.01796875 0.03515625
0 0.3359375 0.065625 0.0203125 0.0546875
0 0.36015625 0.109375 0.02421875 0.0515625
0 0.29921875 0.2171875 0.034375 0.07421875
0 0.31875 0.13359375 0.0296875 0.0421875
0 0.4140625 0.1109375 0.028125 0.0484375
0 0.446875 0.09140625 0.021875 0.0421875
0 0.4859375 0.109375 0.02421875 0.0453125
0 0.55625 0.0515625 0.02421875 0.03828125
0 0.559375 0.0109375 0.025 0.021875
0 0.52578125 0.03046875 0.0203125 0.0484375
0 0.4890625 0.0453125 0.021875 0.03828125
0 0.50078125 0.02109375 0.01796875 0.02890625
0 0.47890625 0.01484375 0.01796875 0.02890625
0 0.4546875 0.03359375 0.021875 0.0421875
0 0.41484375 0.065625 0.01796875 0.0421875
0 0.40625 0.053125 0.015625 0.03515625
0 0.378125 0.01953125 0.0203125 0.03203125
0 0.3578125 0.05 0.015625 0.03515625
0 0.33984375 0.0109375 0.0203125 0.021875
0 0.4390625 0.01640625 0.021875 0.03203125
0 0.4078125 0.1609375 0.0359375 0.0578125
0 0.4640625 0.14296875 0.02421875 0.0484375
0 0.51015625 0.15234375 0.028125 0.0484375
0 0.51875 0.12578125 0.034375 0.0453125