0 0.21171875 0.384375 0.0296875 0.04453125
0 0.121875 0.45 0.03359375 0.046875
0 0.09296875 0.478125 0.03359375 0.04453125
0 0.09140625 0.5125 0.03359375 0.046875
0 0.046875 0.52109375 0.05703125 0.0640625
0 0.309375 0.49296875 0.04140625 0.053125
0 0.3234375 0.55546875 0.053125 0.07109375
0 0.39765625 0.58984375 0.08515625 0.1
0 0.43515625 0.6609375 0.103125 0.13125
0 0.48515625 0.80703125 0.13984375 0.178125
0 0.3296875 0.45078125 0.03359375 0.0359375
0 0.35 0.43359375 0.0234375 0.03125
0 0.37890625 0.45859375 0.028125 0.0375
0 0.42421875 0.48203125 0.03203125 0.04453125
0 0.43984375 0.52109375 0.053125 0.06015625
0 0.41796875 0.4375 0.0234375 0.0359375
0 0.48515625 0.45859375 0.03359375 0.046875
0 0.50390625 0.478125 0.03203125 0.053125
0 0.5515625 0.5078125 0.046875 0.06015625
0 0.57421875 0.46875 0.03203125 0.04453125
0 0.60078125 0.446875 0.028125 0.03984375
0 0.62421875 0.534375 0.0515625 0.0640625
0 0.66171875 0.50078125 0.03359375 0.05546875
0 0.6390625 0.46015625 0.028125 0.03125
0 0.6609375 0.44765625 0.01796875 0.03359375
0 0.7203125 0.44453125 0.0296875 0.04453125
0 0.73046875 0.53359375 0.0453125 0.0625
0 0.6859375 0.6296875 0.09140625 0.13125
0 0.5453125 0.58671875 0.0703125 0.0796875
0 0.47578125 0.53671875 0.0515625 0.06015625
0 0.83359375 0.5640625 0.06328125 0.0890625
0 0.78671875 0.48671875 0.03359375 0.0625
0 0.790625 0.45078125 0.04140625 0.04921875
0 0.88046875 0.484375 0.03828125 0.0578125
0 0.91015625 0.50234375 0.046875 0.06640625
0 0.95703125 0.54296875 0.046875 0.078125
0 0.95390625 0.71640625 0.08515625 0.13984375
0 0.9328125 0.85234375 0.13203125 0.20234375