0 0.9512557870370371 0.2691493055555556 0.04513888888888893 0.056504629629629655
0 0.9108564814814816 0.28112268518518524 0.05385416666666672 0.06773148148148148
0 0.9151446759259259 0.3256539351851852 0.03858796296296276 0.05189814814814815
0 0.8666319444444444 0.3363541666666666 0.04498842592592567 0.05494212962962965
0 0.8025868055555556 0.36831597222222223 0.05586805555555543 0.07278935185185187
0 0.7773784722222222 0.38867476851851857 0.03657407407407405 0.04684027777777775
0 0.7211574074074074 0.3940104166666667 0.05758101851851869 0.07472222222222218
0 0.7265104166666667 0.42470486111111116 0.04096064814814824 0.04482638888888886
0 0.763599537037037 0.48623263888888885 0.028611111111111143 0.04342592592592602
0 0.9929195601851852 0.263587962962963 0.014160879629629619 0.05033564814814815
0 0.9777430555555554 0.2620717592592593 0.03516203703703695 0.04803240740740744
0 0.6739293981481481 0.4595428240740741 0.03314814814814824 0.04297453703703695
0 0.6610069444444445 0.4498206018518519 0.03657407407407405 0.04684027777777775
0 0.6275347222222222 0.46734375000000006 0.03546296296296294 0.05115740740740726
0 0.5907581018518518 0.49204282407407407 0.048113425925926025 0.05568287037037045
0 0.5341203703703703 0.526244212962963 0.03642361111111114 0.04527777777777775
0 0.5372106481481481 0.3840740740740741 0.132951388888889 0.15976851851851848
0 0.4530613425925926 0.5142939814814815 0.1135069444444444 0.13225694444444436
0 0.362962962962963 0.4333680555555556 0.22785879629629627 0.2891435185185186
0 0.40043402777777776 0.5403530092592593 0.06302083333333339 0.08364583333333328
0 0.3699421296296296 0.5971238425925925 0.04871527777777782 0.06193287037037045
0 0.33077546296296295 0.6135995370370371 0.04171296296296294 0.05263888888888886
0 0.2672569444444445 0.6510300925925926 0.08715277777777777 0.11226851851851852
0 0.286412037037037 0.5346180555555555 0.08760416666666666 0.11695601851851851
0 0.28263310185185186 0.5866550925925926 0.09854166666666667 0.11954861111111122