0 0.2626909722222222 0.684375 0.05009259259259267 0.06062499999999993
0 0.3847743055555556 0.7221875 0.04548611111111116 0.053749999999999964
0 0.6582581018518517 0.8021874999999999 0.05009259259259267 0.06062499999999993
0 0.7157465277777778 0.8375 0.05009259259259267 0.06062499999999993
0 0.5363888888888889 0.30375 0.17458333333333337 0.2090625
0 0.5064699074074074 0.47265625 0.11194444444444436 0.12062500000000007
0 0.38033564814814813 0.5307812500000001 0.09668981481481484 0.11906250000000007
0 0.2303877314814815 0.35343749999999996 0.1685763888888889 0.19000000000000003
0 0.13018518518518518 0.34828125 0.09385416666666666 0.12593750000000004
0 0.2509548611111111 0.49671875 0.0841435185185185 0.09125000000000014
0 0.25505787037037037 0.45437500000000003 0.10347222222222223 0.10999999999999996
0 0.24148726851851848 0.5446875 0.0694212962962963 0.07937499999999993
0 0.19053819444444448 0.5181250000000001 0.0627199074074074 0.08249999999999993
0 0.1737152777777778 0.48796875 0.09454861111111112 0.10374999999999997
0 0.14025462962962962 0.42843749999999997 0.10421296296296294 0.11312499999999996
0 0.19354166666666667 0.42718749999999994 0.0935648148148148 0.11843749999999997
0 0.3359143518518518 0.556875 0.05782407407407408 0.06812499999999985
0 0.3310300925925926 0.5990624999999999 0.0628819444444444 0.07062500000000008
0 0.4050173611111111 0.5878125000000001 0.08763888888888882 0.09343749999999992
0 0.45557291666666666 0.6001562500000001 0.0728356481481482 0.0875
0 0.45142939814814814 0.64546875 0.0732870370370371 0.08312500000000007
0 0.49165509259259255 0.61109375 0.076701388888889 0.09125000000000014
0 0.5149363425925926 0.6559375 0.06979166666666661 0.08093749999999993
0 0.6879456018518518 0.6071875 0.09640046296296294 0.11156250000000015
0 0.6744270833333333 0.650625 0.06436342592592599 0.07687500000000007
0 0.653443287037037 0.68140625 0.05395833333333329 0.06437500000000007
0 0.6916261574074074 0.710625 0.075138888888889 0.09093750000000007
0 0.74703125 0.71203125 0.0659259259259258 0.07718749999999996
0 0.7915104166666667 0.66734375 0.11527777777777767 0.13468750000000007
0 0.7935416666666667 0.748125 0.07974537037037024 0.09781250000000004
0 0.8186747685185185 0.7003125000000001 0.08480324074074082 0.10031250000000007
0 0.7736053240740741 0.37203125 0.2121296296296297 0.241875
0 0.8038657407407406 0.565625 0.14307870370370362 0.1640625
0 0.9240769675925925 0.5800000000000001 0.15184606481481494 0.17624999999999993
0 0.9242013888888888 0.7028125 0.12160879629629662 0.13000000000000006
0 0.8930844907407408 0.74421875 0.08250000000000028 0.096875
0 0.881724537037037 0.78734375 0.0732870370370371 0.08312500000000007
0 0.9383854166666665 0.7971875 0.08361111111111086 0.1015625
0 0.970564236111111 0.79484375 0.058871527777778 0.11031250000000004
0 0.9909693287037037 0.7998437500000001 0.018061342592592667 0.10250000000000004