0 0.022335069444444446 0.5568460648148148 0.04467013888888889 0.09987268518518526
0 0.05825810185185185 0.5866145833333334 0.05944444444444445 0.07664351851851858
0 0.08456597222222223 0.5864930555555555 0.04931712962962964 0.06688657407407402
0 0.14562499999999998 0.5895949074074075 0.04901620370370372 0.06376157407407419
0 0.17951967592592594 0.5934375000000001 0.043726851851851836 0.0565393518518519
0 0.21699074074074076 0.5932407407407407 0.0471527777777778 0.06031249999999986
0 0.24146412037037032 0.6038946759259259 0.03687500000000003 0.048993055555555644
0 0.30375578703703704 0.6024710648148148 0.028460648148148148 0.04112268518518523
0 0.355787037037037 0.5917476851851852 0.032037037037037044 0.04645833333333336
0 0.4144733796296297 0.5863888888888888 0.040300925925925976 0.05276620370370359
0 0.4640104166666667 0.5767418981481482 0.03329861111111114 0.04365740740740733
0 0.5196006944444445 0.5787094907407407 0.03546296296296294 0.05023148148148149
0 0.5794444444444444 0.5696064814814814 0.032187500000000036 0.04802083333333336
0 0.6337442129629629 0.560150462962963 0.03576388888888893 0.05335648148148149
0 0.6603414351851852 0.5321990740740741 0.05118055555555543 0.07033564814814816
0 0.6858217592592593 0.5406712962962963 0.04649305555555561 0.06936342592592588
0 0.7283738425925926 0.5208101851851852 0.0600462962962963 0.08289351851851841
0 0.785318287037037 0.5087152777777778 0.0651851851851852 0.0885532407407407
0 0.826278935185185 0.4805555555555555 0.0767245370370369 0.09707175925925923