0 0.07515046296296297 0.80921875 0.09619212962962961 0.10749999999999993
0 0.03530960648148148 0.6375 0.07061921296296296 0.15010416666666676
0 0.10943287037037037 0.55421875 0.17223379629629632 0.18635416666666665
0 0.28804398148148147 0.2990625 0.29043981481481485 0.33343750000000005
0 0.006548032407407411 0.6771874999999999 0.013096064814814823 0.09197916666666668
0 0.3043518518518519 0.5977083333333334 0.08445601851851858 0.10135416666666668
0 0.40429976851851845 0.5981249999999999 0.06822916666666674 0.07781249999999992
0 0.43539351851851854 0.5321354166666666 0.09596064814814813 0.1151041666666666
0 0.46969907407407413 0.5458854166666667 0.07295138888888886 0.08760416666666657
0 0.5530902777777778 0.5538541666666668 0.0564583333333335 0.0625
0 0.6175289351851851 0.4803645833333333 0.09642361111111111 0.09989583333333325
0 0.5793287037037038 0.39536458333333335 0.15192129629629642 0.18364583333333337
0 0.6586979166666667 0.503125 0.07943287037037035 0.08083333333333335
0 0.7325810185185185 0.5131249999999999 0.05988425925925931 0.0736458333333335
0 0.8217939814814814 0.3928125 0.12528935185185192 0.16177083333333336
0 0.796863425925926 0.4808854166666666 0.05310185185185183 0.06968749999999986
0 0.8224131944444444 0.46984375000000006 0.0433912037037036 0.04854166666666657
0 0.8866608796296296 0.44677083333333334 0.04299768518518512 0.08208333333333329