0 0.10758680555555555 0.3108796296296296 0.08930555555555557 0.12733796296296296
0 0.4158159722222222 0.18833912037037037 0.22347222222222224 0.2683796296296296
0 0.4716145833333334 0.33015625000000004 0.15253472222222225 0.20174768518518515
0 0.5796354166666667 0.3672916666666667 0.08541666666666678 0.10546296296296305
0 0.5241666666666667 0.3767418981481481 0.05440972222222236 0.07593750000000003
0 0.5453125 0.30552662037037037 0.04253472222222214 0.060277777777777784
0 0.6125 0.3303009259259259 0.03774305555555557 0.0503703703703704
0 0.6445138888888889 0.3836053240740741 0.06885416666666658 0.08900462962962959
0 0.664236111111111 0.34965856481481483 0.05486111111111107 0.06995370370370377
0 0.6246875000000001 0.19058449074074074 0.18104166666666668 0.2172106481481481
0 0.8694270833333334 0.4217534722222222 0.09961805555555543 0.14273148148148157
0 0.83671875 0.3645428240740741 0.08027777777777771 0.11064814814814809
0 0.8893402777777778 0.3571875 0.06618055555555565 0.08248842592592594
0 0.9224826388888889 0.3942013888888889 0.07576388888888914 0.10230324074074079
0 0.9576302083333333 0.3659201388888889 0.08473958333333335 0.12162037037037043
0 0.9887152777777779 0.40806712962962965 0.022569444444444288 0.09189814814814809