0 0.8650347222222223 0.3723784722222222 0.09406249999999972 0.13331018518518514
0 0.7838368055555556 0.3347858796296296 0.114201388888889 0.15046296296296297
0 0.62140625 0.4170486111111111 0.20840277777777771 0.2853356481481482
0 0.6613715277777777 0.29900462962962965 0.059375 0.07464120370370368
0 0.6076736111111111 0.3010532407407408 0.07750000000000004 0.10403935185185187
0 0.5228819444444445 0.2777141203703704 0.07708333333333339 0.09935185185185187
0 0.45486111111111105 0.25766203703703705 0.06416666666666657 0.09364583333333334
0 0.3707986111111111 0.27847222222222223 0.13020833333333331 0.17348379629629632
0 0.2184201388888889 0.27382523148148147 0.25170138888888893 0.3012731481481482
0 0.09885416666666666 0.19670138888888888 0.10413194444444444 0.1418865740740741
0 0.14026041666666667 0.2631307870370371 0.13541666666666666 0.1971759259259259