0 0.07894097222222222 0.3129224537037037 0.12934027777777776 0.14931712962962962
0 0.09920138888888888 0.4530902777777778 0.1628125 0.17598379629629637
0 0.17237847222222222 0.5632118055555555 0.22027777777777774 0.24567129629629642
0 0.33984375 0.42410300925925926 0.09868055555555558 0.10965277777777782
0 0.30647569444444445 0.38749421296296294 0.0785069444444444 0.08225694444444454
0 0.23532986111111112 0.3656076388888889 0.10256944444444445 0.11331018518518521
0 0.2326388888888889 0.3000462962962963 0.06527777777777777 0.07101851851851855
0 0.20814236111111112 0.28041087962962963 0.05440972222222218 0.05718750000000004
0 0.15510416666666665 0.287650462962963 0.07340277777777779 0.08587962962962958
0 0.28717013888888887 0.2800405092592593 0.0431597222222222 0.04179398148148152
0 0.3013194444444444 0.2987268518518518 0.04468750000000003 0.04804398148148152
0 0.32942708333333337 0.33688078703703705 0.05281250000000002 0.06290509259259255
0 0.38541666666666663 0.3708333333333333 0.05204861111111105 0.05978009259259256
0 0.410625 0.34094907407407404 0.03923611111111107 0.04412037037037031
0 0.3978472222222222 0.3233101851851852 0.032638888888888926 0.035509259259259275
0 0.3858506944444445 0.2691840277777778 0.025624999999999964 0.0313194444444445
0 0.34092013888888884 0.2965219907407407 0.038854166666666676 0.04255787037037031
0 0.3266840277777778 0.2981655092592593 0.029131944444444446 0.03341435185185189
0 0.43239583333333337 0.3617476851851852 0.032638888888888926 0.035509259259259275
0 0.432795138888889 0.40006365740740735 0.06062499999999993 0.06423611111111112
0 0.46572916666666664 0.42846064814814816 0.0610069444444445 0.06579861111111107
0 0.47770833333333335 0.4793287037037037 0.09440972222222221 0.10443287037037034
0 0.5469791666666667 0.47892361111111115 0.06489583333333329 0.06945601851851854
0 0.56765625 0.3677025462962963 0.047395833333333394 0.052997685185185175
0 0.5078472222222222 0.38599537037037035 0.035381944444444355 0.03447916666666666
0 0.5242361111111111 0.38553240740740735 0.032638888888888926 0.035509259259259275
0 0.4703645833333333 0.38286458333333334 0.03690972222222229 0.040729166666666664
0 0.4866666666666667 0.36611111111111116 0.03225694444444436 0.033946759259259274
0 0.4610590277777778 0.32105902777777773 0.028749999999999963 0.0318518518518518
0 0.5731944444444445 0.4549074074074074 0.04312500000000004 0.04777777777777779
0 0.5774826388888888 0.4173900462962964 0.026423611111111002 0.02846064814814824
0 0.5975694444444445 0.45173611111111106 0.033784722222222285 0.0401967592592591
0 0.6167881944444444 0.4696585648148147 0.046215277777777786 0.054293981481481526
0 0.6285763888888889 0.4480671296296296 0.029131944444444356 0.0334143518518518
0 0.6015625 0.4320717592592592 0.02604166666666661 0.026898148148148237
0 0.6872569444444444 0.4377199074074074 0.026423611111111002 0.02846064814814824
0 0.7265625 0.4533680555555556 0.031076388888888928 0.035243055555555534
0 0.6838888888888889 0.5014351851851852 0.04430555555555564 0.046481481481481526
0 0.6776562500000001 0.5402488425925925 0.05479166666666657 0.05874999999999986
0 0.6676562500000001 0.641082175925926 0.11611111111111114 0.13807870370370362
0 0.7192013888888888 0.5001273148148149 0.040034722222222284 0.04126157407407405
0 0.7528993055555555 0.5253993055555556 0.04701388888888882 0.051435185185185264
0 0.7937326388888889 0.5347974537037037 0.03572916666666668 0.042025462962963014
0 0.8513715277777777 0.5853067129629629 0.058680555555555715 0.062407407407407335
0 0.8688368055555555 0.6403645833333333 0.04996527777777793 0.08188657407407404