0 0.316087962962963 0.5428124999999999 0.13182870370370364 0.14697916666666658
0 0.9501736111111111 0.32697916666666665 0.09965277777777785 0.1564583333333333
0 0.756400462962963 0.2244791666666667 0.19055555555555567 0.19895833333333338
0 0.7176273148148148 0.29776041666666664 0.16356481481481477 0.1694791666666667
0 0.6403125000000001 0.19588541666666667 0.17679398148148148 0.19864583333333333
0 0.5655671296296296 0.14895833333333333 0.1808796296296297 0.19614583333333332
0 0.5372222222222222 0.22645833333333334 0.15334490740740742 0.1559375
0 0.49019097222222224 0.10765625000000001 0.22445601851851843 0.21531250000000002
0 0.5316377314814815 0.06760416666666666 0.23202546296296306 0.13520833333333332
0 0.3468923611111111 0.12442708333333333 0.17101851851851854 0.1765625
0 0.29999421296296297 0.15552083333333333 0.1352546296296296 0.1489583333333333