0 0.1578125 0.64296875 0.09765625 0.15546875
0 0.284375 0.4765625 0.0609375 0.0953125
0 0.4375 0.58671875 0.1078125 0.14765625
0 0.78515625 0.70703125 0.17734375 0.2140625
0 0.671875 0.48515625 0.0765625 0.103125
0 0.85859375 0.4109375 0.08515625 0.1171875
0 0.81171875 0.38359375 0.046875 0.06796875
0 0.78125 0.35546875 0.0375 0.05078125
0 0.7140625 0.3734375 0.04453125 0.04921875
0 0.66171875 0.38515625 0.04296875 0.06171875
0 0.64140625 0.43984375 0.04609375 0.06640625
0 0.61171875 0.4390625 0.0359375 0.05859375
0 0.60390625 0.3984375 0.034375 0.05078125
0 0.534375 0.43125 0.05234375 0.078125
0 0.50546875 0.421875 0.03359375 0.06328125
0 0.390625 0.44453125 0.04609375 0.05703125
0 0.41015625 0.41015625 0.03828125 0.04921875
0 0.4796875 0.4 0.02578125 0.04765625
0 0.34140625 0.42734375 0.03984375 0.06015625
0 0.2921875 0.38984375 0.0296875 0.03359375
0 0.2515625 0.42265625 0.03828125 0.03984375
0 0.20625 0.41171875 0.0359375 0.03984375
0 0.153125 0.4171875 0.0375 0.04765625
0 0.075 0.43671875 0.03828125 0.05078125
0 0.11875 0.4 0.02265625 0.03203125
0 0.096875 0.39140625 0.02109375 0.02734375
0 0.0609375 0.40859375 0.025 0.0234375
0 0.04765625 0.40390625 0.02109375 0.0234375
0 0.178125 0.38671875 0.02265625 0.02734375
0 0.31875 0.384375 0.0234375 0.03203125
0 0.35234375 0.38359375 0.02734375 0.04296875
0 0.4078125 0.36484375 0.02578125 0.03828125
0 0.3796875 0.3578125 0.0171875 0.02734375
0 0.36796875 0.3671875 0.01875 0.03046875
0 0.45703125 0.36171875 0.0234375 0.03203125
0 0.13671875 0.3875 0.01640625 0.021875
0 0.15625 0.38359375 0.0171875 0.0234375
0 0.140625 0.30859375 0.01640625 0.0203125
0 0.240625 0.38671875 0.02109375 0.03046875
0 0.22890625 0.37734375 0.01953125 0.0234375
0 0.2578125 0.37734375 0.02109375 0.03046875
0 0.28984375 0.36953125 0.0171875 0.02890625
0 0.3046875 0.36640625 0.01328125 0.021875
0 0.33203125 0.3671875 0.01328125 0.0234375
0 0.45703125 0.346875 0.0234375 0.0234375
0 0.4859375 0.33984375 0.02109375 0.02578125
0 0.50390625 0.3546875 0.02265625 0.03046875
0 0.4921875 0.3546875 0.01875 0.02734375
0 0.21328125 0.38984375 0.02109375 0.0234375
0 0.546875 0.35 0.025 0.03046875
0 0.596875 0.36953125 0.03203125 0.03515625
0 0.528125 0.334375 0.01484375 0.0234375
0 0.5640625 0.33046875 0.01484375 0.02578125
0 0.60546875 0.33125 0.01640625 0.0203125
0 0.584375 0.33359375 0.02265625 0.021875
0 0.6703125 0.35390625 0.02109375 0.03515625
0 0.65 0.321875 0.01953125 0.02890625
0 0.6328125 0.32265625 0.01328125 0.0203125
0 0.6828125 0.3234375 0.02109375 0.02890625
0 0.70625 0.3328125 0.02578125 0.03359375
0 0.740625 0.31875 0.0234375 0.03203125
0 0.71875 0.31796875 0.01953125 0.02734375
0 0.76015625 0.31484375 0.01953125 0.02734375
0 0.79375 0.31640625 0.01875 0.02734375
0 0.81875 0.3046875 0.01640625 0.02578125
0 0.82421875 0.2765625 0.02734375 0.03203125
0 0.89296875 0.29765625 0.01875 0.02734375