0 0.06578125 0.335625 0.0537962962962963 0.09219907407407409
0 0.04802083333333333 0.3642824074074074 0.06959490740740741 0.11609953703703706
0 0.15744212962962964 0.3672916666666667 0.06633101851851855 0.0972569444444444
0 0.18683449074074074 0.4320601851851852 0.09783564814814812 0.13255787037037034
0 0.19960648148148147 0.36291666666666667 0.061527777777777806 0.08149305555555557
0 0.2420428240740741 0.39526041666666667 0.07266203703703704 0.10837962962962963
0 0.33763310185185186 0.4299363425925925 0.07104166666666671 0.10052083333333325
0 0.3527662037037037 0.3630671296296296 0.052152777777777715 0.08121527777777775
0 0.3865335648148148 0.3855092592592593 0.039548611111111055 0.06678240740740744
0 0.4109259259259259 0.40822916666666664 0.047384259259259306 0.07013888888888893
0 0.4714756944444445 0.45957175925925925 0.07565972222222221 0.09128472222222221
0 0.5227893518518518 0.4244502314814815 0.05062499999999996 0.08585648148148142
0 0.5416261574074074 0.33012152777777776 0.04109953703703706 0.06526620370370369
0 0.5671875 0.5106539351851852 0.13755787037037043 0.2227777777777778
0 0.6121064814814815 0.4561863425925926 0.08369212962962962 0.1212037037037037
0 0.6934143518518519 0.4615914351851852 0.059976851851851795 0.08300925925925924
0 0.781412037037037 0.5261863425925926 0.09311342592592595 0.12773148148148153
0 0.852644675925926 0.6483217592592593 0.18483796296296298 0.27885416666666674
0 0.9218692129629631 0.499363425925926 0.10104166666666643 0.14358796296296283