0 0.01672743055555556 0.4169907407407408 0.03345486111111112 0.15137731481481484
0 0.15318865740740742 0.34999421296296296 0.1431481481481481 0.15553240740740737
0 0.16796875000000003 0.26048032407407407 0.10340277777777777 0.12238425925925929
0 0.21743634259259262 0.2027835648148148 0.06130787037037033 0.0782986111111111
0 0.25096064814814817 0.11920717592592593 0.04946759259259261 0.05769675925925925
0 0.34765625 0.2178877314814815 0.13321759259259255 0.15762731481481482
0 0.477181712962963 0.1775462962962963 0.16493055555555552 0.19480324074074074
0 0.41229166666666667 0.07577546296296298 0.0729166666666666 0.0840162037037037
0 0.6160358796296297 0.038940972222222224 0.09994212962962976 0.07788194444444445
0 0.740943287037037 0.08386284722222223 0.18815972222222221 0.16772569444444446
0 0.8160069444444445 0.22254050925925925 0.2444675925925927 0.3441550925925926