0 0.16651041666666666 0.6915914351851852 0.09364583333333334 0.10609953703703709
0 0.18413194444444442 0.5552604166666667 0.1285763888888889 0.15265046296296295
0 0.24442708333333335 0.4844212962962963 0.15076388888888886 0.1711574074074075
0 0.2852777777777778 0.8346296296296296 0.06527777777777777 0.0743518518518517
0 0.37046875 0.6010821759259259 0.07732638888888888 0.08751157407407409
0 0.5238888888888888 0.6192650462962963 0.08079861111111111 0.09569444444444457
0 0.6191319444444445 0.5914236111111111 0.10374999999999997 0.117326388888889
0 0.6628298611111111 0.5918634259259259 0.08236111111111111 0.09606481481481488
0 0.6018749999999999 0.42533564814814817 0.14958333333333335 0.17234953703703706
0 0.5179861111111111 0.23766782407407402 0.26402777777777775 0.2671875
0 0.8236631944444446 0.5357638888888888 0.11309027777777772 0.12542824074074072