0 0.04921875 0.34765625 0.05390625 0.09375
0 0.14921875 0.44609375 0.1421875 0.240625
0 0.1890625 0.30390625 0.078125 0.1328125
0 0.284375 0.44140625 0.1 0.2015625
0 0.2953125 0.31328125 0.065625 0.10859375
0 0.496875 0.1234375 0.09765625 0.2046875
0 0.63671875 0.3703125 0.08984375 0.16875
0 0.6640625 0.31328125 0.0640625 0.14453125
0 0.709375 0.31328125 0.06171875 0.15078125
0 0.67734375 0.7453125 0.23828125 0.43671875
0 0.84765625 0.5375 0.1796875 0.31015625
0 0.94296875 0.40234375 0.11015625 0.2921875