0 0.8825289351851853 0.6243344907407408 0.0610069444444445 0.08159722222222214
0 0.8354976851851852 0.6437789351851853 0.0563194444444445 0.08142361111111107
0 0.8042071759259258 0.6363425925925925 0.07212962962962957 0.08356481481481488
0 0.7435069444444444 0.625462962962963 0.08666666666666671 0.10121527777777786
0 0.6644618055555556 0.5707465277777778 0.09209490740740733 0.10763888888888892
0 0.6318287037037037 0.5216724537037037 0.08971064814814814 0.1137731481481481
0 0.5025462962962963 0.5796585648148148 0.09881944444444439 0.125
0 0.4422800925925926 0.5452546296296296 0.098738425925926 0.13744212962962976
0 0.29552083333333334 0.512355324074074 0.11144675925925931 0.1659143518518519
0 0.1610300925925926 0.32297453703703705 0.1464814814814815 0.1858796296296296
0 0.0459837962962963 0.5333622685185185 0.0919675925925926 0.13634259259259257
0 0.07940393518518521 0.5945891203703704 0.08777777777777777 0.11059027777777786
0 0.11843171296296298 0.6360532407407408 0.07490740740740742 0.10700231481481488
0 0.28532986111111114 0.6579282407407407 0.08666666666666663 0.10121527777777786
0 0.3895138888888889 0.6594328703703705 0.07554398148148156 0.09924768518518512
0 0.4800462962962963 0.6635706018518519 0.06357638888888886 0.07702546296296298
0 0.5245775462962963 0.6652199074074074 0.07443287037037045 0.08987268518518512
0 0.5977025462962964 0.710300925925926 0.07342592592592592 0.09450231481481489
0 0.6592245370370371 0.727488425925926 0.06431712962962947 0.08327546296296298
0 0.711394675925926 0.717650462962963 0.06164351851851855 0.07384259259259256
0 0.4494444444444444 0.8688078703703704 0.07011574074074076 0.09282407407407404
0 0.4430381944444445 0.7838252314814815 0.04601851851851855 0.07326388888888893
0 0.35291666666666666 0.7828414351851852 0.060266203703703704 0.07534722222222232
0 0.33672453703703703 0.8002893518518519 0.042337962962962904 0.06846064814814809
0 0.2363541666666667 0.9056423611111111 0.054756944444444414 0.08136574074074084
0 0.23869212962962966 0.7535011574074074 0.06606481481481481 0.08489583333333321
0 0.1814236111111111 0.760011574074074 0.06349537037037037 0.08946759259259274
0 0.19245949074074073 0.805931712962963 0.0509722222222222 0.06255787037037024
0 0.12733796296296296 0.8058738425925925 0.05907407407407409 0.0784143518518519
0 0.07345486111111113 0.7771990740740741 0.06405092592592591 0.09415509259259273