0 0.12109375 0.484375 0.05859375 0.08203125
0 0.23203125 0.69765625 0.16171875 0.2375
0 0.19375 0.56171875 0.07734375 0.1125
0 0.3515625 0.609375 0.09609375 0.16953125
0 0.33203125 0.52734375 0.05625 0.0765625
0 0.3484375 0.27890625 0.04296875 0.06015625
0 0.47578125 0.85546875 0.20625 0.2796875
0 0.62109375 0.5734375 0.07578125 0.0984375
0 0.625 0.52890625 0.0640625 0.08515625
0 0.6609375 0.48203125 0.0515625 0.08515625
0 0.88671875 0.77578125 0.1671875 0.25
0 0.859375 0.534375 0.08046875 0.1140625
0 0.95234375 0.534375 0.0625 0.103125
0 0.9453125 0.5 0.05859375 0.0828125