0 0.7047395833333333 0.5889409722222222 0.253125 0.3253819444444444
0 0.6618229166666667 0.39394097222222224 0.16260416666666658 0.20239583333333339
0 0.7597916666666666 0.3106770833333333 0.159375 0.22385416666666674
0 0.77125 0.16210069444444447 0.10906249999999992 0.1448263888888889
0 0.83859375 0.14213541666666668 0.08760416666666657 0.12583333333333338
0 0.49515624999999996 0.33109374999999996 0.13510416666666672 0.18597222222222226
0 0.47197916666666667 0.5040104166666667 0.19677083333333342 0.2722222222222223
0 0.43927083333333333 0.2723784722222222 0.12229166666666665 0.15687499999999996
0 0.23213541666666665 0.30399305555555556 0.10093750000000004 0.1394444444444444
0 0.18171875 0.36128472222222224 0.13447916666666665 0.17659722222222224
0 0.17552083333333335 0.4775520833333333 0.15510416666666665 0.20638888888888896
0 0.3265625 0.8330208333333333 0.25520833333333337 0.2867361111111112
0 0.0521875 0.5635590277777778 0.104375 0.2510069444444444
0 0.09927083333333334 0.3398784722222222 0.10927083333333334 0.14795138888888887