0 0.8948090277777778 0.6088541666666666 0.10217592592592588 0.15798611111111108
0 0.8879166666666667 0.4930555555555555 0.059270833333333425 0.10486111111111107
0 0.8414930555555558 0.4573784722222222 0.049594907407407615 0.08350694444444447
0 0.9698958333333334 0.4528645833333333 0.05090277777777778 0.06649305555555554
0 0.7544618055555555 0.5744791666666667 0.09898148148148156 0.15295138888888893
0 0.7929050925925927 0.46215277777777775 0.04313657407407412 0.06875
0 0.7532118055555556 0.44756944444444446 0.04476851851851862 0.07361111111111107
0 0.6631134259259259 0.45477430555555554 0.059224537037037096 0.10173611111111107
0 0.6065046296296297 0.4727430555555555 0.06715277777777776 0.11041666666666679
0 0.5966782407407407 0.6078125 0.12311342592592603 0.20243055555555553
0 0.5275347222222223 0.41545138888888894 0.05451388888888893 0.09965277777777781
0 0.45885995370370375 0.45555555555555555 0.062465277777777925 0.10989583333333322
0 0.4387731481481481 0.38524305555555555 0.04803240740740726 0.0833333333333334
0 0.3857928240740741 0.4223958333333333 0.06239583333333334 0.10520833333333339
0 0.32167824074074075 0.36597222222222225 0.059224537037037096 0.10173611111111107
0 0.33069444444444446 0.8138020833333333 0.18249999999999994 0.3151041666666665
0 0.21929398148148146 0.6214409722222223 0.13412037037037036 0.2083333333333334
0 0.16760995370370368 0.46545138888888893 0.10224537037037038 0.16267361111111106
0 0.1442476851851852 0.40494791666666663 0.08473379629629632 0.1388888888888889
0 0.11068287037037036 0.34644097222222225 0.07671296296296296 0.12395833333333339
0 0.2923206018518519 0.18194444444444444 0.07027777777777774 0.11076388888888888