0 0.7045543981481481 0.10384548611111111 0.2061689814814816 0.20769097222222221
0 0.5365335648148148 0.07248263888888888 0.2863078703703703 0.14496527777777776
0 0.807818287037037 0.1563194444444444 0.14317129629629627 0.1723263888888889
0 0.9046122685185185 0.2187326388888889 0.08726851851851833 0.11600694444444448
0 0.9000462962962963 0.25664930555555554 0.07724537037037038 0.10340277777777782
0 0.7603703703703704 0.31781249999999994 0.0884606481481482 0.11003472222222221
0 0.7103703703703703 0.3267013888888889 0.06694444444444443 0.08611111111111107
0 0.6850810185185185 0.25776041666666666 0.11935185185185197 0.13562500000000002
0 0.6283796296296297 0.3536458333333333 0.08368055555555554 0.10763888888888892
0 0.5785474537037038 0.2944791666666667 0.1434490740740742 0.1770138888888889
0 0.5326909722222222 0.3899826388888889 0.095451388888889 0.12364583333333332
0 0.49412615740740745 0.41461805555555553 0.090486111111111 0.11812500000000004
0 0.40116319444444437 0.31364583333333335 0.18896990740740738 0.24076388888888883
0 0.4616261574074073 0.4412673611111111 0.06906250000000007 0.0957638888888889
0 0.5160358796296297 0.43623263888888886 0.07310185185185177 0.08565972222222232
0 0.4105092592592593 0.48204861111111114 0.10363425925925931 0.13128472222222226
0 0.36224537037037036 0.5138194444444444 0.08708333333333336 0.11288194444444458
0 0.38855902777777784 0.5524305555555555 0.06960648148148145 0.07885416666666671
0 0.31636574074074075 0.5575347222222222 0.0720949074074074 0.09475694444444435
0 0.26272569444444444 0.48435763888888894 0.12027777777777775 0.15124999999999994
0 0.22796296296296298 0.5361458333333333 0.09379629629629624 0.1218055555555555
0 0.20615162037037038 0.6041840277777778 0.09508101851851851 0.1173958333333335
0 0.5906307870370371 0.6123611111111111 0.04689814814814817 0.06090277777777775
0 0.24896990740740738 0.31210069444444444 0.23633101851851848 0.30947916666666664
0 0.14000578703703703 0.4420138888888888 0.18667824074074071 0.25427083333333333
0 0.050376157407407404 0.47809027777777774 0.10075231481481481 0.2344444444444445
0 0.14579861111111111 0.5399305555555556 0.10979166666666669 0.13083333333333336
0 0.10436342592592593 0.6130034722222222 0.10216435185185184 0.13256944444444443