0 0.0234375 0.5181076388888889 0.046875 0.24503472222222217
0 0.015190972222222227 0.3866145833333333 0.030381944444444454 0.13687500000000002
0 0.023784722222222228 0.31975694444444447 0.047569444444444456 0.08892361111111109
0 0.06805555555555556 0.32784722222222223 0.09739583333333335 0.10055555555555555
0 0.11128472222222223 0.35387152777777775 0.09965277777777777 0.10381944444444446
0 0.18064236111111112 0.3760416666666667 0.10642361111111116 0.11361111111111111
0 0.11497395833333335 0.5753819444444443 0.2299479166666667 0.304826388888889
0 0.19895833333333335 0.5314062500000001 0.1723958333333333 0.1899305555555557
0 0.2684895833333333 0.3322395833333333 0.07013888888888893 0.06750000000000007
0 0.31623263888888886 0.3310590277777778 0.060416666666666695 0.0651041666666666
0 0.3692708333333333 0.3577430555555555 0.05920138888888893 0.06652777777777778
0 0.41519097222222223 0.3406423611111111 0.047222222222222145 0.047083333333333324
0 0.44670138888888894 0.3677083333333333 0.1550347222222222 0.16694444444444442
0 0.4932291666666667 0.3788888888888889 0.07135416666666661 0.07986111111111108
0 0.5341145833333334 0.35687499999999994 0.04670138888888893 0.0516319444444445
0 0.671875 0.29868055555555556 0.056597222222222146 0.061701388888888965
0 0.24496527777777777 0.7723784722222222 0.275 0.31392361111111117
0 0.5178819444444445 0.6332465277777778 0.18836805555555552 0.20666666666666664
0 0.5215277777777778 0.48588541666666674 0.11909722222222215 0.13618055555555558
0 0.6067708333333334 0.433125 0.08854166666666678 0.09517361111111118
0 0.71953125 0.3978298611111111 0.05729166666666661 0.06482638888888888
0 0.74296875 0.4026388888888889 0.055034722222222145 0.061562500000000096
0 0.6905381944444444 0.5076215277777777 0.15121527777777785 0.16354166666666678
0 0.5778645833333333 0.8561284722222222 0.25329861111111107 0.16802083333333329
0 0.7030381944444445 0.7270659722222221 0.15729166666666677 0.17020833333333343
0 0.8225694444444445 0.5441319444444443 0.10694444444444429 0.15041666666666664