0 0.42029513888888886 0.8722222222222221 0.1102662037037037 0.12254629629629647
0 0.4242592592592593 0.5426793981481481 0.10270833333333336 0.12312499999999993
0 0.40020833333333333 0.624525462962963 0.07988425925925924 0.0957638888888889
0 0.3561284722222222 0.6461458333333333 0.06741898148148148 0.08501157407407404
0 0.31831597222222224 0.6715682870370371 0.05444444444444443 0.07113425925925938
0 0.282505787037037 0.6753125 0.052118055555555556 0.06624999999999996
0 0.2845891203703704 0.7094849537037037 0.04539351851851858 0.05315972222222225
0 0.25646412037037036 0.7130266203703703 0.045902777777777716 0.05628472222222225
0 0.29432870370370373 0.5980671296296296 0.06585648148148149 0.08481481481481482
0 0.2951678240740741 0.47552662037037036 0.11361111111111111 0.13368055555555552
0 0.25405092592592593 0.5916608796296297 0.0881712962962963 0.10905092592592602
0 0.22824074074074074 0.6561284722222223 0.04928240740740737 0.058240740740740725
0 0.23293981481481482 0.6930324074074073 0.04124999999999997 0.046516203703703594
0 0.1966377314814815 0.7044907407407408 0.046956018518518536 0.05335648148148149
0 0.10527777777777778 0.6593692129629629 0.03605324074074075 0.04280092592592588
0 0.08385995370370372 0.6452314814814815 0.040451388888888884 0.051006944444444355
0 0.0619212962962963 0.5967245370370371 0.051863425925925896 0.06468750000000015
0 0.05371527777777778 0.5625578703703704 0.07443287037037036 0.090486111111111
0 0.04129050925925927 0.6528877314814815 0.03474537037037038 0.044166666666666646
0 0.01203993055555556 0.611724537037037 0.02407986111111112 0.0633217592592592
0 0.010821759259259262 0.5336226851851851 0.021643518518518524 0.09321759259259252
0 0.003695023148148152 0.49107060185185186 0.007390046296296304 0.10553240740740737
0 0.6912905092592593 0.6743402777777778 0.10739583333333336 0.12371527777777765
0 0.7041608796296297 0.7362326388888889 0.08195601851851855 0.09908564814814813
0 0.6636747685185185 0.7780613425925926 0.058368055555555645 0.06703703703703709
0 0.636892361111111 0.7921469907407407 0.05266203703703702 0.0601967592592592
0 0.5928009259259259 0.7762731481481482 0.04746527777777772 0.05648148148148149
0 0.603443287037037 0.696880787037037 0.07494212962962976 0.09361111111111117
0 0.534068287037037 0.7469386574074074 0.05629629629629633 0.06371527777777786
0 0.5482002314814814 0.7635243055555556 0.05240740740740737 0.05863425925925938