0 0.09647569444444444 0.5693923611111111 0.19295138888888888 0.5856597222222222
0 0.05471064814814815 0.6205902777777779 0.046215277777777786 0.038298611111111214
0 0.034427083333333316 0.6515798611111111 0.04863425925925926 0.041458333333333285
0 0.12287037037037037 0.7447222222222223 0.04394675925925924 0.04135416666666671
0 0.11541666666666665 0.68875 0.028726851851851844 0.025486111111111143
0 0.13034722222222223 0.6772916666666667 0.03313657407407407 0.03024305555555564
0 0.2581365740740741 0.7186458333333333 0.07978009259259267 0.07010416666666668
0 0.31197916666666664 0.7143402777777779 0.1056597222222222 0.09086805555555558
0 0.34652199074074075 0.74890625 0.08930555555555557 0.07652777777777775
0 0.4716261574074075 0.779982638888889 0.10593749999999993 0.08621527777777782
0 0.4632002314814815 0.8135937500000001 0.07494212962962958 0.06378472222222209
0 0.5723495370370371 0.8254513888888889 0.09983796296296284 0.09229166666666658
0 0.6364004629629629 0.8355208333333334 0.16283564814814824 0.14649305555555542
0 0.5341435185185185 0.8214583333333334 0.04906249999999997 0.043020833333333286
0 0.509519675925926 0.8051909722222224 0.044652777777777784 0.038263888888889055
0 0.23012152777777778 0.6889409722222222 0.0563194444444445 0.05250000000000003
0 0.19991898148148152 0.7016319444444444 0.04152777777777779 0.03819444444444446
0 0.16561921296296295 0.6977256944444445 0.028726851851851844 0.025486111111111143