0 0.23125 0.73515625 0.078125 0.1421875
0 0.3109375 0.57265625 0.07109375 0.109375
0 0.334375 0.4890625 0.04296875 0.07265625
0 0.4140625 0.6828125 0.07578125 0.153125
0 0.43671875 0.57109375 0.05546875 0.0984375
0 0.4671875 0.48515625 0.05078125 0.09453125
0 0.5578125 0.47109375 0.0453125 0.07265625
0 0.59453125 0.58359375 0.0578125 0.109375
0 0.66015625 0.66953125 0.0734375 0.128125
0 0.73125 0.565625 0.06796875 0.12421875
0 0.84375 0.715625 0.09609375 0.153125
0 0.06953125 0.4765625 0.04765625 0.0765625
0 0.028125 0.421875 0.03515625 0.0546875
0 0.0875 0.3890625 0.028125 0.03984375
0 0.07734375 0.36484375 0.0328125 0.04375
0 0.1296875 0.43828125 0.04296875 0.07265625
0 0.1265625 0.36640625 0.025 0.04765625
0 0.16796875 0.3796875 0.0328125 0.05859375
0 0.18828125 0.34140625 0.02265625 0.03984375
0 0.20703125 0.4125 0.03046875 0.05078125
0 0.23359375 0.39453125 0.02265625 0.04375
0 0.25859375 0.359375 0.02265625 0.04765625
0 0.28046875 0.359375 0.025 0.04765625
0 0.31171875 0.35234375 0.02265625 0.03984375
0 0.3671875 0.446875 0.0375 0.06953125
0 0.3828125 0.38671875 0.028125 0.04375
0 0.4125 0.378125 0.0328125 0.0546875
0 0.43671875 0.33203125 0.03046875 0.04375
0 0.471875 0.3484375 0.025 0.03984375
0 0.48203125 0.38359375 0.03046875 0.05078125
0 0.45703125 0.403125 0.03046875 0.03984375
0 0.5125 0.33359375 0.025 0.04765625
0 0.5390625 0.38515625 0.028125 0.04765625
0 0.559375 0.37578125 0.02265625 0.04375
0 0.56796875 0.3484375 0.0203125 0.03984375
0 0.590625 0.425 0.03046875 0.0546875
0 0.6328125 0.46171875 0.04765625 0.08359375
0 0.6328125 0.403125 0.028125 0.03984375
0 0.61484375 0.36484375 0.028125 0.05078125
0 0.6984375 0.4234375 0.0375 0.065625
0 0.78515625 0.421875 0.05078125 0.0765625
0 0.7953125 0.3796875 0.03515625 0.05859375
0 0.70546875 0.37421875 0.0328125 0.0546875
0 0.8734375 0.51484375 0.05078125 0.10234375
0 0.95546875 0.58203125 0.06328125 0.11328125
0 0.93203125 0.49453125 0.05546875 0.08359375
0 0.89140625 0.425 0.040625 0.09140625