0 0.9720833333333333 0.3935474537037037 0.05583333333333336 0.13582175925925927
0 0.9592708333333334 0.33849537037037036 0.04750000000000014 0.0617592592592592
0 0.8611458333333333 0.2846759259259259 0.05406249999999986 0.06723379629629633
0 0.7595833333333333 0.2265625 0.20968750000000008 0.2634606481481481
0 0.6913020833333333 0.254068287037037 0.04583333333333339 0.05999999999999996
0 0.6547395833333334 0.23740162037037038 0.040625 0.05159722222222225
0 0.6131249999999999 0.25130787037037033 0.042291666666666575 0.05335648148148149
0 0.5909375 0.22574074074074071 0.06052083333333336 0.07114583333333331
0 0.58515625 0.19810763888888888 0.03531250000000004 0.041631944444444444
0 0.5252083333333333 0.19699074074074072 0.04760416666666671 0.06332175925925924
0 0.5077083333333333 0.20628472222222224 0.038854166666666676 0.04827546296296299
0 0.4695833333333333 0.17799768518518516 0.04572916666666664 0.05843749999999996
0 0.38578124999999996 0.154765625 0.2614583333333334 0.30953125
0 0.31005208333333334 0.11300347222222222 0.05062499999999996 0.062152777777777765
0 0.28630208333333335 0.14671875 0.07104166666666671 0.08951388888888889
0 0.21791666666666668 0.08994212962962962 0.057500000000000016 0.0723148148148148
0 0.15322916666666667 0.08863425925925925 0.04239583333333332 0.054918981481481485