0 0.03125 0.315625 0.02578125 0.06640625
0 0.06953125 0.34140625 0.0328125 0.05546875
0 0.06328125 0.4234375 0.03125 0.0734375
0 0.109375 0.32421875 0.02734375 0.0625
0 0.13828125 0.31015625 0.02734375 0.05546875
0 0.1375 0.4109375 0.0296875 0.0625
0 0.175 0.32578125 0.02734375 0.06640625
0 0.209375 0.30625 0.01796875 0.05546875
0 0.21484375 0.39921875 0.0328125 0.08046875
0 0.28203125 0.421875 0.03125 0.0765625
0 0.26796875 0.31875 0.0296875 0.059375
0 0.33515625 0.32734375 0.02421875 0.05546875
0 0.3625 0.32265625 0.02421875 0.059375
0 0.39609375 0.33984375 0.02578125 0.059375
0 0.39296875 0.41328125 0.0328125 0.0734375
0 0.43828125 0.31328125 0.0296875 0.0625
0 0.48046875 0.3359375 0.0296875 0.059375
0 0.50625 0.31328125 0.02578125 0.0625
0 0.50546875 0.42890625 0.03125 0.0625
0 0.5578125 0.40625 0.0328125 0.0734375
0 0.54765625 0.32421875 0.02734375 0.0625
0 0.58515625 0.32265625 0.021875 0.059375
0 0.6109375 0.32421875 0.021875 0.05546875
0 0.61015625 0.4234375 0.02734375 0.05234375
0 0.6609375 0.421875 0.0328125 0.0625
0 0.65703125 0.3328125 0.0296875 0.06640625
0 0.68828125 0.31171875 0.021875 0.05234375
0 0.7015625 0.4078125 0.03125 0.0625
0 0.73671875 0.33125 0.02421875 0.0625
0 0.7609375 0.3203125 0.02421875 0.05546875
0 0.74921875 0.396875 0.03125 0.0625
0 0.784375 0.4109375 0.03125 0.0625
0 0.79375 0.32421875 0.02421875 0.0625
0 0.828125 0.31015625 0.03515625 0.0625
0 0.8375 0.40625 0.03125 0.06640625
0 0.9 0.35 0.02734375 0.0734375
0 0.92421875 0.4078125 0.03515625 0.06953125