0 0.08125 0.34453125 0.096875 0.18515625
0 0.02734375 0.3828125 0.046875 0.09375
0 0.14765625 0.40078125 0.03671875 0.078125
0 0.17734375 0.409375 0.0390625 0.078125
0 0.2203125 0.3921875 0.0359375 0.07265625
0 0.2734375 0.40078125 0.0390625 0.084375
0 0.25234375 0.3953125 0.03046875 0.046875
0 0.2953125 0.390625 0.0234375 0.04921875
0 0.33828125 0.41875 0.03125 0.053125
0 0.32734375 0.4 0.0234375 0.04296875
0 0.3671875 0.4125 0.02734375 0.0515625
0 0.39375 0.409375 0.02734375 0.05078125
0 0.41328125 0.390625 0.0203125 0.0421875
0 0.43359375 0.39140625 0.0265625 0.0578125
0 0.4609375 0.40078125 0.02890625 0.053125
0 0.48125 0.3703125 0.028125 0.0484375
0 0.49375 0.40390625 0.0265625 0.04921875
0 0.5109375 0.415625 0.02734375 0.053125
0 0.48984375 0.45546875 0.03828125 0.06796875
0 0.53203125 0.4078125 0.025 0.0515625
0 0.54765625 0.42109375 0.0203125 0.04296875
0 0.5640625 0.3890625 0.034375 0.0578125
0 0.54140625 0.38125 0.02109375 0.03828125
0 0.56875 0.45546875 0.03984375 0.06796875
0 0.6 0.41171875 0.0328125 0.06171875
0 0.6421875 0.45 0.04140625 0.071875
0 0.61640625 0.38515625 0.02265625 0.04609375
0 0.63828125 0.3875 0.02265625 0.05078125
0 0.6609375 0.378125 0.0296875 0.06640625
0 0.68125 0.4015625 0.02265625 0.04453125
0 0.7109375 0.40703125 0.03203125 0.06328125
0 0.7 0.365625 0.028125 0.04453125
0 0.74921875 0.44453125 0.0390625 0.08046875
0 0.74765625 0.3890625 0.03515625 0.06171875
0 0.76875 0.38203125 0.0234375 0.06953125
0 0.83203125 0.35078125 0.05078125 0.1
0 0.91484375 0.37265625 0.0578125 0.10234375
0 0.8578125 0.38515625 0.0265625 0.0578125
0 0.815625 0.3921875 0.0265625 0.05546875
0 0.4046875 0.5515625 0.0453125 0.07890625
0 0.821875 0.74296875 0.0703125 0.12109375
0 0.93828125 0.77734375 0.08515625 0.14609375