0 0.0765625 0.75234375 0.0578125 0.078125
0 0.228125 0.73515625 0.04609375 0.065625
0 0.253125 0.79921875 0.06015625 0.08125
0 0.396875 0.82734375 0.0546875 0.0875
0 0.34453125 0.68984375 0.0421875 0.05546875
0 0.4484375 0.73515625 0.04921875 0.071875
0 0.4921875 0.7078125 0.03671875 0.059375
0 0.634375 0.50390625 0.0453125 0.05703125
0 0.6046875 0.75 0.05859375 0.0625
0 0.85078125 0.759375 0.065625 0.06875
0 0.77890625 0.85234375 0.0671875 0.10859375
0 0.85078125 0.68046875 0.0484375 0.06015625