0 0.050706018518518525 0.31743055555555555 0.10141203703703705 0.1202430555555555
0 0.13497106481481483 0.3545486111111111 0.10993055555555556 0.12281250000000003
0 0.04218750000000001 0.44715277777777784 0.07016203703703702 0.0813194444444445
0 0.018174189814814824 0.47156249999999994 0.03634837962962965 0.06486111111111122
0 0.07465856481481482 0.5196875000000001 0.0469675925925926 0.059236111111111
0 0.11999421296296298 0.51390625 0.059016203703703696 0.06586805555555557
0 0.1613425925925926 0.5009027777777778 0.05946759259259258 0.06145833333333339
0 0.18602430555555555 0.4482986111111112 0.0694212962962963 0.0781944444444445
0 0.2363773148148148 0.43852430555555555 0.06621527777777772 0.08361111111111104
0 0.22967013888888888 0.35347222222222224 0.08406249999999996 0.0957638888888889
0 0.2888483796296296 0.4266840277777778 0.10092592592592595 0.12270833333333328
0 0.3297511574074074 0.4876909722222223 0.0697916666666667 0.0797569444444445
0 0.18746527777777777 0.5486979166666667 0.05202546296296293 0.06163194444444446
0 0.23604166666666665 0.584201388888889 0.04972222222222218 0.058229166666666644
0 0.27060185185185187 0.5895312500000001 0.04778935185185187 0.05638888888888882
0 0.313125 0.5612673611111111 0.05469907407407408 0.06659722222222228
0 0.3703356481481482 0.6015625 0.05350694444444439 0.06788194444444447
0 0.40414930555555556 0.6409548611111111 0.049270833333333285 0.062638888888889
0 0.4390046296296296 0.6072569444444444 0.0574537037037036 0.06559027777777775
0 0.465144675925926 0.5622395833333333 0.06288194444444457 0.06954861111111121
0 0.5044560185185185 0.5578298611111111 0.0607870370370371 0.07965277777777775
0 0.5200752314814815 0.5915451388888889 0.06049768518518519 0.07211805555555557
0 0.47037615740740735 0.6226041666666667 0.055891203703703596 0.06531249999999993
0 0.4556481481481482 0.6606944444444445 0.040879629629629474 0.04618055555555554
0 0.5131655092592593 0.71 0.05515046296296298 0.06218749999999993
0 0.5639409722222222 0.6400520833333333 0.06131944444444457 0.06927083333333321
0 0.5817013888888889 0.547951388888889 0.08665509259259263 0.10670138888888889
0 0.6308506944444444 0.5982118055555555 0.07596064814814803 0.08684027777777778
0 0.5590740740740741 0.7189756944444445 0.053587962962962976 0.06190972222222228
0 0.6327835648148149 0.7068402777777777 0.0659259259259258 0.07607638888888886
0 0.6643981481481481 0.7417708333333334 0.04778935185185187 0.056388888888889
0 0.6995254629629629 0.6828819444444445 0.0686805555555555 0.0750694444444445
0 0.7145949074074074 0.5780902777777778 0.10984953703703706 0.1287847222222222
0 0.8508738425925927 0.64546875 0.09973379629629661 0.12399305555555565
0 0.7564525462962963 0.7003298611111111 0.05506944444444439 0.06815972222222229
0 0.8003009259259259 0.7317361111111111 0.06177083333333329 0.06486111111111122
0 0.742806712962963 0.7785069444444445 0.03931712962962948 0.04590277777777789
0 0.7062962962962963 0.7573611111111112 0.04466435185185169 0.05583333333333336