0 0.8838483796296297 0.6214120370370371 0.09452546296296305 0.1543981481481481
0 0.7863425925925925 0.453125 0.1446296296296296 0.1702546296296296
0 0.7112962962962963 0.6138020833333334 0.10313657407407409 0.12204861111111107
0 0.7050289351851852 0.4763599537037037 0.13488425925925931 0.16678240740740743
0 0.5842071759259259 0.5376157407407407 0.10994212962962954 0.12696759259259255
0 0.573119212962963 0.6049189814814815 0.10673611111111114 0.13929398148148148
0 0.5003877314814815 0.5360532407407408 0.09413194444444457 0.12482638888888893
0 0.43235532407407407 0.6638020833333333 0.09863425925925924 0.1234375
0 0.39734375 0.5523148148148148 0.11997685185185177 0.14600694444444445
0 0.3373900462962963 0.5856481481481481 0.08677083333333328 0.11521990740740726
0 0.35594328703703704 0.7047453703703704 0.1155555555555555 0.1349537037037038
0 0.2737962962962963 0.735011574074074 0.10093750000000004 0.12974537037037023
0 0.19464699074074074 0.805613425925926 0.13901620370370366 0.16226851851851834
0 0.0853414351851852 0.7303240740740741 0.11261574074074074 0.136400462962963
0 0.880931712962963 0.4885127314814815 0.10543981481481488 0.1283564814814815
0 0.8208333333333334 0.5296296296296296 0.11150462962962955 0.12702546296296297