0 0.0703125 0.26171875 0.10859375 0.17890625
0 0.08828125 0.1203125 0.053125 0.08125
0 0.04609375 0.090625 0.03828125 0.06953125
0 0.1625 0.103125 0.03671875 0.05703125
0 0.22421875 0.0828125 0.05 0.084375
0 0.3265625 0.17265625 0.07578125 0.1265625
0 0.4640625 0.0890625 0.05 0.0875
0 0.56484375 0.05859375 0.03828125 0.05859375
0 0.596875 0.20859375 0.0828125 0.13515625
0 0.63203125 0.11640625 0.0421875 0.06953125
0 0.67109375 0.078125 0.0453125 0.08125
0 0.81953125 0.565625 0.2203125 0.37109375
0 0.88046875 0.31875 0.14609375 0.240625
0 0.84375 0.0609375 0.04140625 0.06328125