0 0.01640625 0.5640625 0.0328125 0.0875
0 0.06015625 0.575 0.0625 0.1125
0 0.1375 0.6109375 0.075 0.10234375
0 0.16953125 0.53828125 0.05546875 0.08046875
0 0.28359375 0.525 0.04140625 0.07421875
0 0.32578125 0.5703125 0.04375 0.09453125
0 0.28984375 0.61171875 0.046875 0.0734375
0 0.38203125 0.53671875 0.03359375 0.0578125
0 0.41953125 0.51015625 0.03125 0.06640625
0 0.44296875 0.553125 0.0375 0.0703125
0 0.46796875 0.66875 0.08203125 0.1421875
0 0.47421875 0.51015625 0.03125 0.0546875
0 0.503125 0.5375 0.0265625 0.0453125
0 0.5078125 0.4921875 0.021875 0.059375
0 0.5328125 0.51953125 0.0296875 0.0578125
0 0.5515625 0.4875 0.01875 0.0546875
0 0.56875 0.49921875 0.021875 0.059375
0 0.59765625 0.5015625 0.028125 0.0578125
0 0.62109375 0.50625 0.0359375 0.059375
0 0.6140625 0.52734375 0.02421875 0.0390625
0 0.6015625 0.57890625 0.0578125 0.096875
0 0.65546875 0.7078125 0.096875 0.2078125
0 0.6609375 0.5671875 0.04375 0.08125
0 0.66484375 0.51171875 0.02421875 0.0421875
0 0.69375 0.4984375 0.02734375 0.0546875
0 0.71640625 0.50234375 0.028125 0.06171875
0 0.76015625 0.6046875 0.06484375 0.115625
0 0.74140625 0.5390625 0.034375 0.06640625
0 0.74453125 0.4515625 0.02890625 0.05625
0 0.76953125 0.5203125 0.03671875 0.06484375
0 0.809375 0.525 0.028125 0.0546875
0 0.828125 0.49609375 0.0203125 0.0421875
0 0.8390625 0.55390625 0.0375 0.07890625
0 0.86328125 0.55546875 0.03359375 0.06484375
0 0.87734375 0.49140625 0.028125 0.05234375
0 0.91796875 0.50703125 0.02890625 0.06015625
0 0.92890625 0.6375 0.065625 0.1140625
0 0.925 0.8046875 0.121875 0.2359375
0 0.97421875 0.509375 0.03046875 0.05078125
0 0.96015625 0.5609375 0.0421875 0.0703125