0 0.03394097222222222 0.11768518518518518 0.0453125 0.060138888888888874
0 0.06519097222222223 0.13451967592592592 0.06024305555555556 0.07255787037037038
0 0.11163194444444444 0.15487847222222223 0.09079861111111112 0.10052083333333331
0 0.23203125 0.10257523148148148 0.050520833333333307 0.06988425925925927
0 0.25069444444444444 0.08362847222222222 0.0421875 0.05976851851851852
0 0.30303819444444446 0.10480902777777779 0.06388888888888893 0.08211805555555554
0 0.34036458333333336 0.08060763888888889 0.048090277777777767 0.058946759259259275
0 0.4052951388888889 0.05541666666666667 0.028298611111111073 0.03834490740740741
0 0.4345486111111111 0.06412037037037037 0.028298611111111073 0.03834490740740741
0 0.4522569444444445 0.08027777777777778 0.05347222222222214 0.06262731481481483
0 0.49574652777777783 0.045457175925925936 0.03246527777777786 0.043402777777777776
0 0.525173611111111 0.05337962962962963 0.03975694444444429 0.048831018518518524
0 0.5552083333333334 0.0414525462962963 0.02517361111111107 0.037974537037037036
0 0.5981770833333334 0.043206018518518526 0.03732638888888893 0.05158564814814816
0 0.6401041666666666 0.03595486111111112 0.03402777777777786 0.04358796296296295
0 0.6836805555555555 0.031550925925925934 0.0234375 0.030162037037037036
0 0.7174479166666666 0.01994212962962964 0.030729166666666786 0.035590277777777776
0 0.46284722222222224 0.23115740740740742 0.18958333333333338 0.2643634259259259
0 0.6850694444444445 0.11429976851851853 0.11163194444444446 0.1531944444444444
0 0.7681423611111111 0.09304398148148149 0.08003472222222215 0.10685185185185184
0 0.8234375 0.046174768518518525 0.06076388888888893 0.08174768518518519
0 0.873263888888889 0.03418402777777779 0.04982638888888893 0.06675925925925925
0 0.9042534722222222 0.02094618055555556 0.03802083333333357 0.04189236111111112
0 0.9250868055555556 0.019947916666666676 0.033159722222222146 0.03989583333333335