0 0.05548321759259258 0.5659722222222222 0.11096643518518516 0.3078125
0 0.32641782407407405 0.47430555555555554 0.2325231481481481 0.33333333333333326
0 0.3885416666666667 0.4058159722222222 0.16556712962962966 0.22256944444444446
0 0.5675636574074074 0.11484375 0.19542824074074083 0.2296875
0 0.6923032407407407 0.3592881944444445 0.22638888888888892 0.2840277777777779
0 0.8023726851851851 0.17751736111111113 0.13373842592592594 0.1720486111111111
0 0.8722222222222221 0.09157986111111112 0.11452546296296298 0.1572916666666667
0 0.810474537037037 0.09331597222222224 0.05017361111111107 0.06059027777777777
0 0.7853877314814814 0.042708333333333334 0.031655092592592735 0.04149305555555556
0 0.7100983796296296 0.1418402777777778 0.04178240740740726 0.05572916666666665
0 0.41834490740740743 0.24487847222222223 0.045486111111111074 0.05954861111111107
0 0.3824074074074074 0.23263888888888892 0.043634259259259255 0.05763888888888893
0 0.323582175925926 0.27118055555555554 0.04392361111111107 0.05920138888888893
0 0.2749710648148148 0.31119791666666663 0.04988425925925934 0.05902777777777777
0 0.246875 0.3092013888888889 0.03495370370370372 0.05121527777777777
0 0.2153645833333333 0.3296875 0.04976851851851851 0.06649305555555554
0 0.18139467592592592 0.30277777777777776 0.03935185185185186 0.050694444444444466
0 0.11189236111111109 0.3706597222222222 0.05017361111111111 0.06059027777777768
0 0.0761574074074074 0.36137152777777776 0.043634259259259255 0.05763888888888893
0 0.007725694444444442 0.41154513888888894 0.015451388888888884 0.08385416666666674