0 0.03984375 0.4015625 0.07421875 0.11640625
0 0.1890625 0.3375 0.06484375 0.09453125
0 0.29140625 0.3078125 0.05234375 0.08671875
0 0.37109375 0.3921875 0.08359375 0.1203125
0 0.42421875 0.271875 0.03984375 0.07578125
0 0.49453125 0.36328125 0.07890625 0.1140625
0 0.51953125 0.275 0.04921875 0.07890625
0 0.55703125 0.296875 0.0484375 0.06953125
0 0.59375 0.32890625 0.06484375 0.09375
0 0.63125 0.290625 0.046875 0.06953125
0 0.68125 0.29296875 0.059375 0.08203125
0 0.684375 0.23359375 0.03984375 0.065625
0 0.840625 0.2046875 0.04375 0.06796875
0 0.86640625 0.2625 0.0546875 0.0859375
0 0.878125 0.20625 0.03828125 0.05546875
0 0.93984375 0.22734375 0.04921875 0.065625
0 0.9453125 0.18671875 0.03984375 0.05546875