0 0.9966869212962962 0.4523611111111111 0.006626157407407618 0.07107638888888897
0 0.9615625000000001 0.45906828703703706 0.04354166666666685 0.06106481481481474
0 0.9594849537037037 0.4341608796296296 0.026030092592592525 0.05277777777777768
0 0.9195601851851851 0.4373206018518518 0.034004629629629336 0.05682870370370381
0 0.869884259259259 0.4494965277777778 0.036805555555555716 0.05094907407407412
0 0.853408564814815 0.43494212962962964 0.023576388888889 0.03540509259259252
0 0.8179861111111112 0.4642939814814815 0.04715277777777791 0.07081018518518523
0 0.7644444444444445 0.4777141203703704 0.04731481481481481 0.07393518518518523
0 0.7642766203703705 0.4289988425925926 0.03023148148148138 0.04395833333333332
0 0.7264293981481481 0.4570659722222222 0.03368055555555553 0.050578703703703806
0 0.7239351851851852 0.4392824074074074 0.02530092592592581 0.038715277777777855
0 0.6872743055555556 0.4750694444444445 0.033923611111111106 0.05526620370370381
0 0.6797685185185185 0.4515914351851852 0.030150462962962976 0.04239583333333332
0 0.6475347222222222 0.4514814814814815 0.028587962962962975 0.042210648148148164
0 0.6060416666666667 0.5153530092592592 0.05857638888888879 0.08148148148148149
0 0.6356712962962963 0.4803993055555555 0.03376157407407412 0.05214120370370381
0 0.5289525462962963 0.5142708333333333 0.06579861111111107 0.10097222222222228
0 0.5640104166666667 0.47788773148148145 0.028993055555555713 0.050023148148148164
0 0.5503761574074074 0.457494212962963 0.028587962962962975 0.042210648148148164
0 0.48669560185185184 0.5027719907407407 0.03925925925925924 0.06832175925925928
0 0.49717013888888884 0.46222800925925933 0.03195601851851855 0.047268518518518474
0 0.41078125 0.5243460648148147 0.04526620370370371 0.06437500000000007
0 0.41524884259259254 0.48923032407407413 0.037129629629629644 0.05719907407407412
0 0.37657407407407406 0.3649016203703704 0.02923611111111111 0.05471064814814817
0 0.34245370370370376 0.5709606481481482 0.05798611111111107 0.10004629629629633
0 0.3307002314814815 0.5110416666666666 0.0324421296296296 0.056643518518518475
0 0.3562384259259259 0.5032986111111111 0.03087962962962969 0.0564583333333335
0 0.2950347222222222 0.5357060185185185 0.04871527777777773 0.07099537037037038
0 0.27405671296296297 0.49495949074074075 0.03704861111111111 0.055636574074074116
0 0.23476273148148147 0.5860821759259259 0.06908564814814815 0.1044675925925926
0 0.23482060185185186 0.5114004629629629 0.04157407407407412 0.05306712962962958
0 0.16192708333333333 0.5609143518518518 0.053888888888888875 0.08092592592592603
0 0.18395833333333333 0.5158564814814814 0.037129629629629644 0.05719907407407412
0 0.12622685185185184 0.5242708333333332 0.03440972222222225 0.06464120370370381
0 0.09563657407407408 0.5255381944444444 0.037129629629629624 0.05719907407407412
0 0.1191550925925926 0.4182060185185185 0.040011574074074074 0.052881944444444426