0 0.7953645833333333 0.6898263888888889 0.10458333333333343 0.10347222222222233
0 0.7134375000000001 0.6816898148148148 0.07729166666666672 0.0803587962962963
0 0.5952083333333332 0.7342592592592593 0.10906249999999992 0.10302083333333326
0 0.58234375 0.6796296296296296 0.08156250000000007 0.0783449074074074
0 0.6245833333333334 0.7919965277777777 0.17531250000000007 0.16865740740740734
0 0.2778645833333333 0.7388252314814815 0.0682291666666666 0.0691319444444444
0 0.19354166666666667 0.7849247685185186 0.0890625 0.089201388888889
0 0.12880208333333334 0.7566840277777778 0.09624999999999999 0.08636574074074073
0 0.06200520833333334 0.8641956018518518 0.12401041666666668 0.1614583333333332
0 0.04145833333333333 0.8118055555555556 0.08291666666666667 0.11231481481481502
0 0.3599479166666667 0.6188541666666667 0.06583333333333333 0.06251157407407408