0 0.10546875 0.36640625 0.1296875 0.2125
0 0.1171875 0.14296875 0.08046875 0.12578125
0 0.23828125 0.14375 0.08671875 0.140625
0 0.32734375 0.45625 0.15859375 0.23125
0 0.32421875 0.0703125 0.05078125 0.090625
0 0.4421875 0.0875 0.07109375 0.10703125
0 0.48359375 0.2203125 0.08203125 0.15546875
0 0.5859375 0.084375 0.06484375 0.13046875
0 0.64375 0.2734375 0.0921875 0.1640625
0 0.80625 0.11171875 0.0625 0.13046875
0 0.7671875 0.0609375 0.04140625 0.08828125
0 0.61484375 0.0421875 0.05078125 0.084375
0 0.84453125 0.040625 0.0390625 0.08125
0 0.9234375 0.08125 0.07265625 0.11953125