0 0.04522569444444444 0.60703125 0.09045138888888889 0.1546875
0 0.1513599537037037 0.60390625 0.08506944444444442 0.09375
0 0.22745949074074073 0.546875 0.0888888888888889 0.103125
0 0.2876736111111111 0.54609375 0.10445601851851852 0.1234375
0 0.40164930555555556 0.515625 0.06527777777777785 0.0796875
0 0.4924768518518518 0.46015625 0.18796296296296297 0.2171875
0 0.6472800925925926 0.54296875 0.05978009259259274 0.06875
0 0.5521412037037037 0.45625 0.05196759259259256 0.06875
0 0.665943287037037 0.428125 0.10671296296296298 0.1328125
0 0.6167534722222222 0.43828125 0.05509259259259256 0.06875
0 0.788599537037037 0.428125 0.22181712962962977 0.2734375
0 0.047149884259259256 0.81484375 0.09429976851851851 0.146875