0 0.17074652777777777 0.609375 0.09401620370370374 0.1234375
0 0.14155671296296296 0.5375 0.06377314814814819 0.0859375
0 0.07462962962962963 0.50234375 0.04472222222222224 0.065625
0 0.04633101851851852 0.490625 0.051018518518518505 0.06875
0 0.013616898148148149 0.44453125 0.014687499999999997 0.0421875
0 0.0725636574074074 0.415625 0.020682870370370355 0.025
0 0.08885416666666666 0.4078125 0.02075231481481481 0.0296875
0 0.09435185185185185 0.4625 0.035092592592592606 0.0484375
0 0.12487847222222222 0.46640625 0.04138888888888888 0.0515625
0 0.1783738425925926 0.49140625 0.0542824074074074 0.078125
0 0.15339699074074073 0.3875 0.031921296296296295 0.0453125
0 0.12081597222222222 0.403125 0.019120370370370354 0.025
0 0.19674768518518518 0.41328125 0.025486111111111143 0.0328125
0 0.23115162037037038 0.46796875 0.03987268518518512 0.0546875
0 0.2399247685185185 0.5328125 0.050995370370370455 0.0671875
0 0.3225925925925926 0.57578125 0.08604166666666666 0.1125
0 0.33097222222222217 0.50859375 0.04626157407407412 0.0640625
0 0.25175925925925924 0.43515625 0.023969907407407474 0.0359375
0 0.26828124999999997 0.44296875 0.030243055555555554 0.0375
0 0.2977488425925926 0.428125 0.02401620370370363 0.0390625
0 0.29901041666666667 0.4078125 0.01912037037037031 0.025
0 0.33219328703703704 0.4328125 0.02714120370370372 0.0390625
0 0.3222511574074074 0.39453125 0.017534722222222233 0.0234375
0 0.3645717592592592 0.45625 0.03353009259259263 0.0484375
0 0.4304224537037037 0.52421875 0.05423611111111111 0.075
0 0.5383159722222223 0.5296875 0.05915509259259259 0.090625
0 0.3526736111111111 0.39140625 0.019212962962962977 0.03125
0 0.39879050925925924 0.39296875 0.0159259259259259 0.0203125
0 0.4146354166666667 0.4078125 0.02075231481481481 0.0296875
0 0.4032638888888888 0.43125 0.0302430555555556 0.0375
0 0.42063657407407407 0.44375 0.03658564814814813 0.04375
0 0.4500578703703704 0.42578125 0.02238425925925931 0.034375
0 0.45036458333333335 0.39375 0.014340277777777643 0.01875
0 0.4783969907407407 0.3875 0.01755787037037031 0.025
0 0.4918171296296297 0.396875 0.022268518518518476 0.0265625
0 0.5282407407407408 0.4296875 0.0350462962962963 0.0453125
0 0.5033680555555555 0.43828125 0.0287962962962963 0.0453125
0 0.4838831018518519 0.44140625 0.03357638888888879 0.0515625
0 0.46275462962962965 0.4390625 0.02394675925925931 0.034375
0 0.5407581018518519 0.378125 0.01604166666666664 0.028125
0 0.5472395833333333 0.39375 0.017581018518518475 0.0265625
0 0.5605439814814815 0.3953125 0.020775462962962975 0.03125
0 0.5755844907407408 0.40859375 0.02557870370370381 0.0390625
0 0.5846122685185186 0.38515625 0.019166666666666644 0.028125
0 0.5467939814814815 0.41640625 0.022291666666666644 0.028125
0 0.5420775462962963 0.4671875 0.03989583333333328 0.05625
0 0.6029803240740741 0.46484375 0.03677083333333329 0.05625
0 0.6279456018518518 0.4625 0.043206018518518616 0.06875
0 0.6187384259259259 0.42109375 0.03182870370370381 0.0390625
0 0.6410243055555556 0.39609375 0.025532407407407476 0.0359375
0 0.6642418981481482 0.38125 0.017604166666666643 0.028125
0 0.6721527777777778 0.440625 0.03835648148148145 0.0578125
0 0.6934606481481481 0.40234375 0.030405092592592452 0.0484375
0 0.7190682870370371 0.390625 0.017581018518518475 0.0265625
0 0.7458043981481481 0.40234375 0.02557870370370381 0.0390625
0 0.7348611111111112 0.4546875 0.04472222222222229 0.065625
0 0.7719097222222222 0.42421875 0.02557870370370381 0.0390625
0 0.7918171296296296 0.396875 0.0318518518518518 0.040625
0 0.7774884259259259 0.37890625 0.019166666666666644 0.028125
0 0.8160706018518518 0.39921875 0.02399305555555529 0.0375
0 0.8165393518518519 0.378125 0.019143518518518476 0.0265625
0 0.8339467592592593 0.39296875 0.020775462962962975 0.03125
0 0.8600289351851853 0.41328125 0.027187500000000142 0.0421875
0 0.8021990740740741 0.46484375 0.05106481481481495 0.071875
0 0.8333101851851851 0.45546875 0.04483796296296276 0.0734375
0 0.8877546296296297 0.4390625 0.04467592592592595 0.0625
0 0.8887847222222224 0.403125 0.033460648148147955 0.04375
0 0.9182002314814814 0.4375 0.03373842592592595 0.0625
0 0.9438888888888888 0.43125 0.03530092592592595 0.0625
0 0.9267303240740741 0.38046875 0.02075231481481481 0.0296875
0 0.9376099537037037 0.3765625 0.01918981481481481 0.0296875