0 0.04597800925925925 0.3195543981481482 0.046064814814814815 0.0648032407407408
0 0.06675347222222221 0.32333333333333336 0.06116898148148149 0.08238425925925927
0 0.1328125 0.28252314814814816 0.09409722222222223 0.12423611111111113
0 0.14389467592592592 0.31865162037037037 0.046932870370370375 0.0694907407407408
0 0.21631944444444445 0.28345486111111107 0.06018518518518514 0.08506944444444446
0 0.2778935185185185 0.26686342592592593 0.0737268518518519 0.10221064814814813
0 0.23744212962962963 0.3093518518518519 0.03339120370370372 0.05234953703703704
0 0.300318287037037 0.2857291666666667 0.04392361111111107 0.06123842592592599
0 0.3466724537037037 0.2993402777777778 0.04079861111111107 0.06035879629629637
0 0.38469328703703703 0.28197337962962965 0.04907407407407405 0.07305555555555561
0 0.4434606481481482 0.27653935185185186 0.04976851851851851 0.06880787037037032
0 0.4901331018518518 0.24044560185185188 0.0642939814814815 0.08326388888888889
0 0.6633680555555556 0.4686400462962964 0.1974537037037038 0.2584837962962963