0 0.15390625 0.74140625 0.03203125 0.06328125
0 0.0875 0.8328125 0.0453125 0.065625
0 0.2609375 0.8390625 0.0515625 0.07421875
0 0.30859375 0.74296875 0.03359375 0.0609375
0 0.43984375 0.79921875 0.03359375 0.0578125
0 0.453125 0.91328125 0.03671875 0.06328125
0 0.4828125 0.584375 0.028125 0.0609375
0 0.6203125 0.81640625 0.03671875 0.065625
0 0.65390625 0.91953125 0.0484375 0.0765625
0 0.7875 0.8625 0.0453125 0.07421875
0 0.89609375 0.78203125 0.03828125 0.065625
0 0.96640625 0.86640625 0.046875 0.0765625