0 0.1109375 0.7140625 0.05 0.14921875
0 0.19453125 0.82578125 0.0984375 0.23203125
0 0.3171875 0.61015625 0.034375 0.09921875
0 0.40078125 0.64296875 0.0421875 0.1328125
0 0.37734375 0.5828125 0.0359375 0.0875
0 0.2078125 0.56875 0.025 0.0578125
0 0.2296875 0.5703125 0.015625 0.0453125
0 0.2765625 0.57265625 0.015625 0.04140625
0 0.40859375 0.4375 0.0140625 0.02890625
0 0.4328125 0.425 0.009375 0.0375
0 0.45546875 0.41875 0.0140625 0.0328125
0 0.4796875 0.40859375 0.015625 0.0375
0 0.53046875 0.49375 0.0171875 0.0578125
0 0.509375 0.50234375 0.0125 0.04140625
0 0.4921875 0.5125 0.015625 0.0375
0 0.57734375 0.4546875 0.0140625 0.0625
0 0.721875 0.475 0.025 0.0703125
0 0.76953125 0.4484375 0.0296875 0.0578125
0 0.76328125 0.51640625 0.0453125 0.10390625
0 0.89375 0.41484375 0.0375 0.09140625
0 0.9265625 0.3546875 0.028125 0.0703125
0 0.909375 0.3296875 0.025 0.07890625
0 0.9234375 0.25546875 0.021875 0.05390625
0 0.98203125 0.4171875 0.0328125 0.11171875
0 0.87265625 0.203125 0.0140625 0.0328125