0 0.06985532407407406 0.5269791666666667 0.08354166666666667 0.11409722222222225
0 0.38734953703703706 0.5990277777777777 0.07755787037037036 0.1014930555555555
0 0.44377314814814817 0.5532986111111111 0.09200231481481484 0.1205208333333335
0 0.5452777777777778 0.5712152777777778 0.09873842592592581 0.12534722222222214
0 0.5310937499999999 0.51921875 0.08461805555555557 0.1094444444444445
0 0.6342881944444445 0.5661458333333333 0.10111111111111111 0.13319444444444456
0 0.6104571759259259 0.5241145833333333 0.07615740740740744 0.10302083333333342
0 0.7045891203703704 0.5074131944444444 0.08585648148148159 0.10635416666666657
0 0.6809895833333333 0.508454861111111 0.07071759259259255 0.11069444444444443
0 0.7558912037037038 0.4733159722222222 0.08181712962962955 0.1125
0 0.811076388888889 0.5301388888888889 0.08634259259259247 0.11104166666666657
0 0.8142476851851852 0.4542534722222221 0.07518518518518533 0.09364583333333343
0 0.8842592592592592 0.5795312499999999 0.11539351851851834 0.1506597222222222
0 0.8659664351851852 0.4765451388888889 0.09307870370370352 0.11586805555555557
0 0.9256134259259259 0.5734027777777777 0.05090277777777778 0.16013888888888878
0 0.9372858796296295 0.43819444444444444 0.050567129629629906 0.11180555555555553
0 0.9247627314814814 0.42303819444444446 0.0681828703703701 0.10128472222222218