0 0.6623090277777777 0.5472974537037038 0.12292824074074069 0.13952546296296298
0 0.5621990740740741 0.7409895833333333 0.24395833333333333 0.16177083333333328
0 0.7535127314814816 0.4957638888888889 0.08229166666666679 0.08966435185185198
0 0.8025636574074074 0.4405787037037038 0.05644675925925924 0.07056712962962966
0 0.6593171296296296 0.5052835648148148 0.07760416666666678 0.08834490740740737
0 0.6907002314814814 0.45359375 0.062094907407407265 0.0692013888888889
0 0.6690393518518519 0.44712962962962965 0.05368055555555564 0.06387731481481485
0 0.6198263888888889 0.44177083333333333 0.047789351851851694 0.05630787037037024
0 0.5907870370370369 0.49280092592592595 0.09275462962962955 0.11329861111111103
0 0.5748090277777778 0.472175925925926 0.05674768518518523 0.07212962962962947
0 0.5418518518518518 0.4629803240740741 0.08289351851851859 0.0927893518518518
0 0.5099305555555556 0.5059548611111111 0.08469907407407415 0.1021643518518518
0 0.4918923611111111 0.4423148148148148 0.05524305555555564 0.06431712962962965
0 0.5361979166666666 0.3810763888888889 0.05302083333333343 0.06812499999999995
0 0.5216956018518518 0.3489525462962963 0.04743055555555564 0.06211805555555552
0 0.3903009259259259 0.5669675925925926 0.15166666666666676 0.1889930555555555
0 0.3942071759259259 0.46611689814814816 0.0769444444444444 0.09259259259259256
0 0.43898148148148153 0.44464699074074077 0.0682291666666666 0.08570601851851851
0 0.3405902777777778 0.4184027777777778 0.07195601851851849 0.08971064814814814
0 0.31182291666666667 0.4641840277777778 0.0682291666666666 0.08570601851851851
0 0.2634606481481482 0.5273032407407408 0.10640046296296299 0.13043981481481487
0 0.28599537037037037 0.6251446759259259 0.1736689814814815 0.2188310185185184
0 0.19058449074074074 0.5795891203703704 0.17457175925925922 0.2235185185185184
0 0.2707638888888889 0.42032407407407407 0.07105324074074079 0.08502314814814813
0 0.2954629629629629 0.41484953703703703 0.06263888888888891 0.07969907407407409
0 0.1861400462962963 0.4722222222222222 0.0955787037037037 0.11261574074074066
0 0.19925347222222223 0.4271527777777778 0.06949074074074076 0.08458333333333332
0 0.13092592592592595 0.4404745370370371 0.07880787037037038 0.0945949074074075
0 0.0642939814814815 0.5102141203703704 0.1113888888888889 0.13332175925925932
0 0.07237268518518518 0.4222280092592593 0.0676273148148148 0.08258101851851851
0 0.11577546296296297 0.3656770833333334 0.048090277777777767 0.05787037037037042
0 0.022083333333333333 0.4579629629629629 0.04416666666666667 0.11618055555555559
0 0.038125 0.4082233796296296 0.06552083333333333 0.07164351851851851
0 0.005844907407407407 0.44266203703703705 0.011689814814814814 0.10128472222222218