0 0.17311342592592593 0.5426909722222222 0.08171296296296297 0.13569444444444442
0 0.2740972222222222 0.6122048611111112 0.06834490740740744 0.11055555555555543
0 0.30628472222222225 0.8039930555555556 0.04996527777777775 0.08156250000000007
0 0.24307291666666667 0.7503472222222223 0.0549768518518519 0.08541666666666661
0 0.3735879629629629 0.6376736111111111 0.0782060185185185 0.11670138888888885
0 0.3697511574074074 0.8007986111111111 0.052604166666666605 0.07736111111111121
0 0.32078703703703704 0.7363020833333334 0.0631712962962963 0.10513888888888889
0 0.42357060185185186 0.7861111111111111 0.04306712962962962 0.07434027777777778
0 0.49811921296296297 0.8230729166666666 0.04743055555555564 0.0719444444444445
0 0.5336979166666667 0.7955555555555556 0.04619212962962962 0.07482638888888893
0 0.4891030092592592 0.6471875 0.05907407407407419 0.09527777777777775
0 0.3822685185185185 0.4545486111111111 0.06268518518518515 0.1004513888888889
0 0.26222800925925926 0.44586805555555553 0.09206018518518518 0.14652777777777787
0 0.5147569444444444 0.4720833333333333 0.08305555555555558 0.11899305555555557
0 0.5928472222222222 0.5580208333333333 0.08532407407407412 0.14086805555555557
0 0.5800983796296297 0.9465104166666667 0.042581018518518476 0.06965277777777779
0 0.4365219907407408 0.9676128472222223 0.04570601851851848 0.0647743055555555
0 0.7981597222222222 0.8182465277777778 0.044039351851851906 0.08371527777777779
0 0.8555092592592594 0.8079513888888888 0.04791666666666643 0.0766319444444445
0 0.8810358796296296 0.7650347222222222 0.05104166666666643 0.07711805555555547
0 0.9339004629629629 0.8078472222222223 0.0549768518518519 0.08541666666666678
0 0.9388715277777777 0.7594270833333333 0.05104166666666643 0.07711805555555565