0 0.6265625 0.68359375 0.10078125 0.19140625
0 0.73671875 0.525 0.06953125 0.125
0 0.77578125 0.48515625 0.05859375 0.08046875
0 0.81875 0.440625 0.04453125 0.06875
0 0.83828125 0.3953125 0.0359375 0.04453125
0 0.93984375 0.396875 0.04453125 0.07734375
0 0.9171875 0.4 0.03125 0.059375
0 0.734375 0.396875 0.02890625 0.065625
0 0.70625 0.425 0.040625 0.05703125
0 0.6640625 0.45234375 0.040625 0.075
0 0.5953125 0.49375 0.05625 0.08671875
0 0.4875 0.5296875 0.07421875 0.12265625
0 0.33046875 0.625 0.1140625 0.15234375
0 0.07421875 0.5078125 0.0765625 0.0953125
0 0.12578125 0.465625 0.05390625 0.07734375
0 0.26015625 0.4609375 0.05859375 0.08046875
0 0.365625 0.44453125 0.04921875 0.065625
0 0.34453125 0.41328125 0.04296875 0.06875
0 0.41953125 0.36875 0.0359375 0.05703125
0 0.44296875 0.35703125 0.03828125 0.0625
0 0.5109375 0.39375 0.0359375 0.05390625
0 0.571875 0.38984375 0.0359375 0.05703125
0 0.24453125 0.39140625 0.040625 0.04765625
0 0.1796875 0.38984375 0.03125 0.05078125
0 0.14921875 0.41328125 0.03359375 0.0625
0 0.05078125 0.40859375 0.03359375 0.065625
0 0.08515625 0.4015625 0.03125 0.0625