0 0.06601851851851852 0.7897453703703704 0.13203703703703704 0.24371527777777793
0 0.07439814814814816 0.8663194444444444 0.14879629629629632 0.2603935185185186
0 0.06795717592592594 0.638599537037037 0.08732638888888888 0.12099537037037038
0 0.011377314814814816 0.6253298611111111 0.02275462962962963 0.11474537037037039
0 0.02768518518518519 0.6270891203703703 0.05537037037037038 0.09214120370370367
0 0.28259837962962964 0.49159143518518517 0.07885416666666671 0.1019212962962964
0 0.3049247685185185 0.4997511574074075 0.07527777777777782 0.11105324074074083
0 0.3315162037037037 0.5177835648148148 0.06956018518518521 0.08901620370370367
0 0.36983796296296295 0.5220081018518519 0.0995601851851852 0.13249999999999992
0 0.41707175925925927 0.5296527777777778 0.10967592592592598 0.13923611111111106
0 0.3858506944444445 0.4458622685185185 0.06606481481481481 0.08572916666666668
0 0.41882523148148143 0.25935763888888885 0.0668055555555556 0.09197916666666668
0 0.44690972222222225 0.4613310185185185 0.07398148148148138 0.10011574074074084
0 0.5266956018518518 0.5022280092592593 0.12182870370370366 0.16315972222222222
0 0.4896122685185185 0.5530671296296296 0.10398148148148145 0.1435995370370371
0 0.5563657407407407 0.4680787037037037 0.08814814814814813 0.11482638888888896
0 0.4891203703703704 0.4327430555555555 0.06349537037037045 0.09025462962962964
0 0.5418460648148148 0.4137037037037038 0.06320601851851855 0.07471064814814814
0 0.5518923611111111 0.38134837962962964 0.05981481481481481 0.08540509259259252
0 0.6492013888888889 0.4578298611111111 0.12587962962962962 0.1711342592592592
0 0.5951446759259259 0.4225868055555555 0.07315972222222236 0.10628472222222211
0 0.6824594907407407 0.4196122685185185 0.10472222222222224 0.1498495370370371
0 0.7233738425925926 0.4019618055555556 0.09450231481481489 0.1291319444444444
0 0.7783101851851851 0.5870138888888888 0.22716435185185196 0.27887731481481487
0 0.7355208333333334 0.541869212962963 0.15302083333333344 0.20359953703703706
0 0.8026157407407407 0.4343460648148148 0.12450231481481495 0.1726157407407408
0 0.7755324074074075 0.29598958333333336 0.08327546296296298 0.11302083333333339
0 0.8529166666666667 0.2981886574074074 0.07204861111111108 0.09690972222222224
0 0.8379166666666666 0.3199305555555555 0.06542824074074076 0.0934606481481481
0 0.9140277777777779 0.4114872685185185 0.07972222222222243 0.14855324074074083
0 0.8930150462962964 0.3201793981481481 0.09918981481481488 0.12937499999999993