0 0.28359375 0.6046875 0.1265625 0.209375
0 0.22265625 0.3953125 0.07734375 0.121875
0 0.33203125 0.3125 0.0625 0.09921875
0 0.4703125 0.42421875 0.07890625 0.11484375
0 0.5796875 0.378125 0.0640625 0.11484375
0 0.56640625 0.55625 0.11015625 0.1546875
0 0.809375 0.5515625 0.0953125 0.16328125
0 0.9421875 0.4484375 0.0890625 0.15
0 0.878125 0.07109375 0.0953125 0.11953125
0 0.77734375 0.3453125 0.07109375 0.0921875
0 0.82109375 0.328125 0.04609375 0.0671875
0 0.58125 0.24453125 0.0578125 0.0734375
0 0.521875 0.2453125 0.04453125 0.07578125
0 0.5515625 0.240625 0.034375 0.0578125
0 0.43671875 0.22109375 0.0375 0.06484375
0 0.403125 0.246875 0.04609375 0.06875
0 0.34765625 0.19453125 0.034375 0.0578125
0 0.303125 0.20859375 0.034375 0.0578125
0 0.1375 0.26484375 0.04765625 0.0828125
0 0.1671875 0.2109375 0.04140625 0.07109375
0 0.084375 0.18203125 0.04140625 0.06875
0 0.03671875 0.2203125 0.05078125 0.07109375
0 0.04375 0.3125 0.0671875 0.09921875