0 0.1421875 0.328125 0.040625 0.08046875
0 0.19609375 0.3328125 0.03125 0.065625
0 0.21484375 0.409375 0.040625 0.0703125
0 0.25390625 0.50078125 0.03203125 0.065625
0 0.3265625 0.55625 0.0515625 0.0796875
0 0.4640625 0.5390625 0.05390625 0.0875
0 0.5671875 0.54921875 0.05234375 0.090625
0 0.68125 0.509375 0.04296875 0.090625
0 0.246875 0.33828125 0.03671875 0.0546875
0 0.2703125 0.225 0.0296875 0.05234375
0 0.3046875 0.31796875 0.03125 0.0578125
0 0.35703125 0.3140625 0.0359375 0.06953125
0 0.3546875 0.215625 0.028125 0.05703125
0 0.40859375 0.35234375 0.03828125 0.07265625
0 0.44765625 0.31015625 0.03125 0.0609375
0 0.43046875 0.22265625 0.03125 0.0609375
0 0.5171875 0.240625 0.02734375 0.0546875
0 0.49140625 0.33203125 0.0359375 0.0671875
0 0.55546875 0.315625 0.03828125 0.075
0 0.5953125 0.33671875 0.03828125 0.0703125
0 0.58515625 0.23828125 0.034375 0.06640625
0 0.67890625 0.20546875 0.04140625 0.07265625
0 0.6703125 0.32578125 0.040625 0.0796875
0 0.734375 0.30546875 0.04296875 0.0828125
0 0.7640625 0.28984375 0.05078125 0.08359375
0 0.75390625 0.21640625 0.040625 0.06328125
0 0.83984375 0.3109375 0.0578125 0.09140625
0 0.9703125 0.33359375 0.05625 0.10078125