0 0.8714120370370371 0.6241030092592592 0.1610069444444445 0.2390046296296296
0 0.8387615740740741 0.7354166666666667 0.12395833333333348 0.15868055555555555
0 0.8468807870370372 0.8098958333333334 0.09390046296296291 0.12928240740740726
0 0.8657060185185186 0.8703703703703702 0.07475694444444443 0.09994212962962976
0 0.8048263888888888 0.8652488425925926 0.052418981481481455 0.06545138888888893
0 0.8017997685185186 0.8188078703703704 0.0575000000000002 0.09270833333333321
0 0.8059664351851852 0.8895833333333332 0.054027777777777786 0.06880787037037024
0 0.6759780092592592 0.8500578703703703 0.06048611111111111 0.08379629629629619
0 0.4869791666666667 0.7737268518518519 0.04775462962962962 0.06631944444444429
0 0.46723379629629636 0.5985243055555556 0.14491898148148147 0.20543981481481488
0 0.36599537037037033 0.7105902777777777 0.046215277777777786 0.06765046296296298
0 0.3219328703703704 0.6830150462962963 0.049409722222222195 0.07280092592592595
0 0.26346643518518514 0.6829282407407408 0.03987268518518512 0.06047453703703702
0 0.2690219907407408 0.6369791666666667 0.04938657407407412 0.07123842592592596
0 0.2382986111111111 0.6152777777777778 0.05421296296296294 0.08130787037037042
0 0.21836805555555555 0.6380497685185185 0.04138888888888888 0.05758101851851851
0 0.19096064814814814 0.5770833333333334 0.05582175925925927 0.08466435185185191
0 0.1701909722222222 0.5958333333333333 0.04605324074074071 0.05671296296296298
0 0.13938657407407407 0.5686631944444445 0.05428240740740744 0.08599537037037042
0 0.09303819444444444 0.5446469907407407 0.0653125 0.09386574074074065
0 0.04244791666666666 0.49739583333333337 0.06060185185185185 0.09160879629629619
0 0.03722800925925926 0.4607638888888889 0.062372685185185184 0.10590277777777786