0 0.15859375 0.88984375 0.128125 0.19375
0 0.2609375 0.69375 0.06640625 0.13828125
0 0.39140625 0.72890625 0.06484375 0.1609375
0 0.49375 0.67578125 0.05390625 0.10234375
0 0.59921875 0.86484375 0.08359375 0.17734375
0 0.61484375 0.73359375 0.0703125 0.125
0 0.69921875 0.70234375 0.0390625 0.0890625
0 0.77578125 0.88359375 0.11875 0.20703125
0 0.84140625 0.73828125 0.05703125 0.11484375
0 0.9109375 0.6921875 0.06640625 0.0890625
0 0.94296875 0.82578125 0.0890625 0.17109375
0 0.86484375 0.64609375 0.040625 0.06875
0 0.7953125 0.68125 0.05390625 0.07890625
0 0.778125 0.6203125 0.03671875 0.06875
0 0.74140625 0.75859375 0.071875 0.128125
0 0.7 0.6609375 0.0484375 0.07890625
0 0.53046875 0.57421875 0.03125 0.05625
0 0.48984375 0.57109375 0.03515625 0.05625
0 0.49453125 0.475 0.021875 0.04296875
0 0.43671875 0.55625 0.0296875 0.04609375
0 0.42890625 0.590625 0.02421875 0.05625
0 0.40703125 0.54765625 0.021875 0.04921875
0 0.3859375 0.58046875 0.03125 0.05625
0 0.33828125 0.58359375 0.03125 0.04921875
0 0.35078125 0.54765625 0.028125 0.04296875
0 0.31875 0.5375 0.0296875 0.0625
0 0.28984375 0.54453125 0.03125 0.05625
0 0.25546875 0.55078125 0.021875 0.04921875
0 0.26171875 0.51484375 0.0203125 0.04296875
0 0.18828125 0.51171875 0.02421875 0.04921875
0 0.19921875 0.49140625 0.0203125 0.0359375
0 0.14453125 0.42734375 0.01484375 0.0265625
0 0.15703125 0.4953125 0.021875 0.04296875
0 0.17890625 0.57109375 0.03515625 0.0625
0 0.1359375 0.55234375 0.03125 0.059375
0 0.12578125 0.4953125 0.01875 0.04296875
0 0.11015625 0.48828125 0.0203125 0.04296875
0 0.09296875 0.5328125 0.0296875 0.059375
0 0.04296875 0.55625 0.03671875 0.07890625
0 0.06484375 0.49375 0.021875 0.04609375
0 0.06171875 0.40625 0.01640625 0.0359375
0 0.08515625 0.4 0.01484375 0.04921875
0 0.0234375 0.48203125 0.03125 0.0625
0 0.00859375 0.4125 0.01640625 0.0359375