0 0.065625 0.4734375 0.0375 0.059375
0 0.2015625 0.490625 0.0515625 0.0625
0 0.25546875 0.4484375 0.03515625 0.04375
0 0.3625 0.47421875 0.03984375 0.0578125
0 0.3625 0.4359375 0.03046875 0.040625
0 0.44921875 0.4296875 0.028125 0.05
0 0.44609375 0.4765625 0.04140625 0.065625
0 0.48359375 0.49609375 0.06015625 0.0984375
0 0.53359375 0.421875 0.02578125 0.04375
0 0.5859375 0.425 0.03203125 0.04375
0 0.5875 0.46640625 0.0375 0.0515625
0 0.646875 0.509375 0.0578125 0.08125
0 0.67890625 0.45078125 0.0328125 0.0453125
0 0.66171875 0.425 0.025 0.0375
0 0.6421875 0.4125 0.02109375 0.040625
0 0.70234375 0.3984375 0.0234375 0.034375
0 0.73984375 0.42109375 0.028125 0.0390625
0 0.778125 0.4609375 0.04453125 0.071875
0 0.80625 0.40625 0.0203125 0.034375
0 0.83515625 0.42421875 0.03203125 0.0453125
0 0.89296875 0.44765625 0.0421875 0.0640625
0 0.90234375 0.41015625 0.02578125 0.0421875
0 0.8390625 0.61015625 0.1125 0.2078125