0 0.004670138888888886 0.7510358796296297 0.009340277777777772 0.27082175925925933
0 0.095625 0.7213831018518518 0.15600694444444443 0.22564814814814813
0 0.21755208333333337 0.8143923611111111 0.1086458333333333 0.17400462962962954
0 0.3117361111111111 0.8061631944444445 0.09250000000000007 0.1470254629629629
0 0.43987847222222226 0.8112789351851852 0.08555555555555547 0.137638888888889
0 0.40125 0.7336574074074075 0.03628472222222214 0.04732638888888889
0 0.5228993055555555 0.7579050925925926 0.04052083333333343 0.06061342592592602
0 0.5784722222222222 0.8965046296296297 0.08781250000000007 0.14584490740740746
0 0.6185763888888889 0.6789641203703703 0.1874305555555555 0.28702546296296294
0 0.7448263888888889 0.9371383101851851 0.09406250000000008 0.12572337962962976
0 0.8907812499999999 0.940306712962963 0.07503472222222243 0.11938657407407405