0 0.8609606481481482 0.3564351851851852 0.10804398148148167 0.13293981481481482
0 0.8857523148148149 0.5630960648148149 0.16753472222222215 0.19997685185185182
0 0.9190856481481482 0.5235648148148149 0.10998842592592624 0.1285763888888889
0 0.7140914351851853 0.5913194444444445 0.12528935185185192 0.16516203703703702
0 0.6651967592592593 0.5595138888888889 0.07594907407407411 0.09613425925925938
0 0.6144328703703704 0.5743981481481482 0.08491898148148155 0.08945601851851848
0 0.5539467592592593 0.6143402777777778 0.10021990740740741 0.12604166666666677
0 0.5127430555555555 0.6226215277777778 0.11472222222222221 0.1534143518518519
0 0.452025462962963 0.6425462962962963 0.17732638888888896 0.21468749999999998
0 0.3350115740740741 0.64265625 0.11113425925925924 0.11500000000000003
0 0.2649016203703704 0.6539351851851852 0.07361111111111107 0.09893518518518522
0 0.2395891203703704 0.699849537037037 0.12368055555555557 0.14064814814814816