0 0.7366145833333333 0.16802083333333334 0.059965277777777715 0.07072916666666669
0 0.7655729166666667 0.16875 0.05586805555555543 0.0640625
0 0.6906597222222223 0.19786458333333332 0.03937500000000007 0.04656250000000002
0 0.6624826388888889 0.16260416666666666 0.06767361111111114 0.08093750000000002
0 0.6024131944444445 0.22416666666666668 0.04503472222222236 0.053437499999999985
0 0.6242708333333333 0.23119791666666667 0.03888888888888893 0.04343750000000002
0 0.5271354166666666 0.25562500000000005 0.0360069444444445 0.04458333333333329
0 0.5245138888888888 0.27739583333333334 0.030104166666666644 0.03614583333333332
0 0.4907638888888889 0.26812500000000006 0.03239583333333336 0.04104166666666664
0 0.4610416666666667 0.2575520833333333 0.046354166666666606 0.05208333333333339
0 0.4125520833333334 0.25942708333333336 0.04996527777777775 0.055625000000000036
0 0.40159722222222227 0.3052604166666667 0.03781250000000003 0.046354166666666606
0 0.42086805555555556 0.31416666666666665 0.02986111111111107 0.03458333333333332
0 0.3883333333333333 0.3315104166666667 0.02468750000000002 0.03083333333333336
0 0.3816319444444445 0.31557291666666665 0.033958333333333354 0.04124999999999997
0 0.3708333333333333 0.271875 0.05093750000000004 0.061875000000000034
0 0.34296875 0.2641145833333333 0.05250000000000003 0.06208333333333336
0 0.31814236111111105 0.3056770833333333 0.04371527777777775 0.05479166666666666
0 0.3284548611111111 0.31807291666666665 0.033472222222222216 0.038124999999999964
0 0.35137152777777775 0.30354166666666665 0.036249999999999984 0.04614583333333329
0 0.3632638888888889 0.34020833333333333 0.030104166666666644 0.03614583333333332
0 0.2856944444444444 0.3421354166666667 0.041180555555555554 0.04833333333333334
0 0.30171875 0.35223958333333333 0.028784722222222215 0.0375
0 0.3151736111111111 0.35427083333333337 0.030347222222222213 0.03770833333333332
0 0.27651041666666665 0.3716666666666667 0.019027777777777734 0.023958333333333394
0 0.27 0.38401041666666663 0.02673611111111107 0.03416666666666668
0 0.1996527777777778 0.4477083333333334 0.026736111111111117 0.03416666666666668
0 0.2505729166666667 0.2925 0.062013888888888855 0.07406249999999996
0 0.21333333333333332 0.3204166666666667 0.056944444444444464 0.06114583333333332
0 0.24399305555555556 0.34463541666666664 0.04166666666666661 0.05145833333333334
0 0.22880208333333335 0.3734375 0.02986111111111107 0.03458333333333332
0 0.20857638888888888 0.3952604166666667 0.028541666666666642 0.0359375
0 0.20085069444444445 0.3465625 0.04552083333333332 0.05656250000000007
0 0.16038194444444445 0.36572916666666666 0.03166666666666664 0.036354166666666646
0 0.17104166666666668 0.3857291666666667 0.02961805555555559 0.03302083333333332
0 0.14741319444444442 0.395 0.03527777777777778 0.03989583333333328
0 0.13538194444444446 0.36906249999999996 0.047083333333333324 0.056770833333333395
0 0.09444444444444444 0.38140625 0.048402777777777795 0.05541666666666663
0 0.10076388888888888 0.4096354166666667 0.03937499999999999 0.04656249999999993
0 0.11661458333333334 0.41593749999999996 0.028298611111111115 0.034375
0 0.06128472222222222 0.41260416666666666 0.03732638888888888 0.04322916666666661
0 0.041076388888888885 0.42447916666666663 0.03552083333333332 0.041458333333333285
0 0.020798611111111108 0.44171875000000005 0.03937500000000001 0.04656249999999993
0 0.010008680555555555 0.4295833333333333 0.02001736111111111 0.04437499999999996
0 0.0018055555555555546 0.4646354166666667 0.003611111111111109 0.04124999999999997
0 0.012881944444444442 0.3539583333333333 0.025763888888888885 0.07520833333333332
0 0.07383680555555557 0.2778125 0.0792361111111111 0.09625000000000003
0 0.11411458333333332 0.26479166666666665 0.09763888888888887 0.10635416666666667