0 0.17752314814814815 0.6625694444444445 0.22767361111111112 0.3275115740740741
0 0.07211805555555555 0.5407754629629629 0.1442361111111111 0.2565509259259258
0 0.39333912037037033 0.7090682870370371 0.12267361111111112 0.17105324074074063
0 0.39534143518518516 0.7469733796296296 0.08471064814814815 0.12107638888888879
0 0.4532002314814815 0.7177256944444445 0.0764120370370371 0.10932870370370366
0 0.5036342592592592 0.8163657407407408 0.11741898148148149 0.1586921296296296
0 0.689380787037037 0.8918229166666667 0.06827546296296294 0.10070601851851854
0 0.7510416666666666 0.9422916666666665 0.08053240740740755 0.09981481481481466
0 0.7943865740740741 0.96 0.06293981481481481 0.08000000000000007
0 0.7938425925925926 0.9839959490740741 0.052997685185185085 0.032008101851851836
0 0.6697858796296297 0.8565104166666668 0.058090277777777644 0.0822337962962962