0 0.17662615740740742 0.677951388888889 0.1235185185185185 0.1663194444444443
0 0.2760590277777778 0.7217361111111111 0.07777777777777777 0.10597222222222218
0 0.31794560185185183 0.7261111111111112 0.06034722222222229 0.0844444444444445
0 0.36082175925925924 0.7168402777777778 0.0514814814814815 0.07211805555555557
0 0.37627314814814816 0.6619965277777778 0.10936342592592592 0.14690972222222207
0 0.4336400462962963 0.7075173611111112 0.0563194444444445 0.07451388888888885
0 0.45584490740740746 0.706857638888889 0.04417824074074091 0.06006944444444429
0 0.4771354166666667 0.7206250000000001 0.03873842592592602 0.051423611111111
0 0.48072337962962963 0.7020659722222222 0.03344907407407405 0.044340277777777715
0 0.4996412037037038 0.7230902777777778 0.040300925925926025 0.051701388888888825
0 0.49668981481481483 0.6764930555555555 0.042314814814814736 0.05666666666666664
0 0.5464814814814816 0.6991666666666667 0.044027777777777645 0.058506944444444285
0 0.5655902777777777 0.6902777777777779 0.032187499999999855 0.04718750000000007
0 0.53734375 0.5723784722222222 0.14542824074074084 0.20246527777777779
0 0.5889872685185186 0.6222569444444443 0.057523148148148094 0.08701388888888886
0 0.6379340277777777 0.7238715277777777 0.038437500000000034 0.04829861111111118
0 0.6994560185185186 0.6211631944444445 0.056921296296296296 0.08076388888888886
0 0.7186226851851851 0.5969270833333333 0.05893518518518519 0.08572916666666668
0 0.7388657407407407 0.5360243055555556 0.1336458333333333 0.17579861111111122
0 0.7703067129629629 0.6153298611111111 0.04805555555555561 0.06843749999999993
0 0.8066203703703703 0.625625 0.031435185185185247 0.03937500000000007
0 0.8070370370370371 0.5980555555555556 0.03747685185185183 0.05427083333333336
0 0.8311342592592592 0.593125 0.06004629629629647 0.0813194444444445
0 0.8575752314814814 0.5886111111111111 0.06407407407407391 0.09124999999999997
0 0.8708217592592593 0.5587152777777777 0.0668981481481481 0.08868055555555561
0 0.9158912037037037 0.6519618055555556 0.041712962962962764 0.050416666666666644
0 0.8912210648148149 0.43564236111111115 0.1191898148148148 0.15326388888888895
0 0.824855324074074 0.28869791666666667 0.2809606481481481 0.33406250000000004