0 0.20703125 0.65859375 0.0875 0.17421875
0 0.1203125 0.58515625 0.0671875 0.11953125
0 0.0828125 0.51015625 0.05078125 0.08203125
0 0.08671875 0.43203125 0.0453125 0.0859375
0 0.03203125 0.43984375 0.04765625 0.07265625
0 0.16875 0.41953125 0.0328125 0.065625
0 0.20234375 0.42421875 0.0296875 0.06328125
0 0.2265625 0.446875 0.0359375 0.075
0 0.24296875 0.39921875 0.028125 0.04296875
0 0.284375 0.4328125 0.05234375 0.0953125
0 0.30625 0.415625 0.03828125 0.06171875
0 0.33125 0.51953125 0.05703125 0.10859375
0 0.38984375 0.5328125 0.06015625 0.11953125
0 0.40390625 0.475 0.0359375 0.07109375
0 0.3703125 0.44375 0.0328125 0.06171875
0 0.3796875 0.4109375 0.0296875 0.05234375
0 0.35859375 0.3765625 0.02421875 0.046875
0 0.34765625 0.3625 0.01875 0.05234375
0 0.3046875 0.3625 0.02421875 0.04140625
0 0.39921875 0.36484375 0.025 0.0484375
0 0.44453125 0.36640625 0.0296875 0.05234375
0 0.45703125 0.4078125 0.0296875 0.06015625
0 0.4671875 0.45859375 0.0359375 0.08046875
0 0.515625 0.4921875 0.0453125 0.11015625
0 0.5421875 0.45078125 0.0359375 0.075
0 0.51796875 0.40859375 0.0296875 0.06171875
0 0.55546875 0.36171875 0.0265625 0.05390625
0 0.57734375 0.38046875 0.028125 0.0578125
0 0.61015625 0.415625 0.03984375 0.06953125
0 0.6265625 0.36484375 0.02734375 0.06015625
0 0.65078125 0.3796875 0.025 0.06015625
0 0.68828125 0.36015625 0.028125 0.06171875
0 0.6921875 0.88515625 0.12734375 0.22578125
0 0.75703125 0.67421875 0.07890625 0.18515625
0 0.828125 0.5609375 0.07265625 0.13828125
0 0.79921875 0.47578125 0.0515625 0.09140625
0 0.81796875 0.42890625 0.03984375 0.08046875
0 0.8484375 0.403125 0.03125 0.06953125
0 0.8640625 0.37265625 0.03359375 0.06171875
0 0.9796875 0.54921875 0.0390625 0.13828125
0 0.96484375 0.515625 0.0453125 0.1046875
0 0.9671875 0.43515625 0.04140625 0.0859375
0 0.98203125 0.40078125 0.03125 0.06953125
0 0.9734375 0.37109375 0.03359375 0.065625