0 0.5890625 0.82265625 0.08828125 0.15
0 0.59609375 0.6796875 0.06484375 0.11484375
0 0.63046875 0.58984375 0.0453125 0.0703125
0 0.653125 0.5453125 0.03984375 0.0796875
0 0.5625 0.5359375 0.03203125 0.0578125
0 0.53046875 0.5859375 0.03828125 0.0625
0 0.53359375 0.55390625 0.03359375 0.05234375
0 0.4515625 0.65390625 0.06640625 0.1125
0 0.4609375 0.6140625 0.04140625 0.0671875
0 0.42734375 0.43359375 0.01796875 0.0375
0 0.36796875 0.4375 0.0234375 0.03984375
0 0.41015625 0.525 0.0265625 0.03984375
0 0.34453125 0.53515625 0.03515625 0.0546875
0 0.309375 0.55390625 0.03515625 0.05234375
0 0.28046875 0.5625 0.0453125 0.0796875
0 0.23046875 0.5484375 0.03203125 0.05234375
0 0.2140625 0.57109375 0.03828125 0.05234375
0 0.2078125 0.52265625 0.03828125 0.05
0 0.13984375 0.6359375 0.06328125 0.0828125
0 0.1265625 0.56875 0.03984375 0.0578125
0 0.1484375 0.55390625 0.03359375 0.05234375
0 0.071875 0.53984375 0.03359375 0.0453125
0 0.02109375 0.58125 0.03515625 0.0625
0 0.25546875 0.875 0.11796875 0.1953125
0 0.81015625 0.5359375 0.0296875 0.0625
0 0.8359375 0.5375 0.03828125 0.0703125
0 0.915625 0.63984375 0.0546875 0.11015625
0 0.9546875 0.65390625 0.06328125 0.1078125
0 0.975 0.59609375 0.04296875 0.07734375