0 0.15390625 0.259375 0.16796875 0.26328125
0 0.4859375 0.484375 0.03984375 0.059375
0 0.54296875 0.509375 0.03671875 0.07265625
0 0.58984375 0.4703125 0.03359375 0.059375
0 0.6171875 0.540625 0.03984375 0.07265625
0 0.66796875 0.50703125 0.03671875 0.059375
0 0.7484375 0.615625 0.04609375 0.0953125
0 0.765625 0.525 0.03671875 0.06796875
0 0.71171875 0.475 0.02734375 0.05
0 0.76796875 0.484375 0.03046875 0.040625
0 0.77890625 0.46171875 0.02734375 0.040625
0 0.83359375 0.46171875 0.02734375 0.059375
0 0.84765625 0.47265625 0.02421875 0.03671875
0 0.85078125 0.51796875 0.03046875 0.0546875
0 0.8875 0.559375 0.04296875 0.07265625
0 0.95859375 0.54296875 0.03984375 0.06796875
0 0.9359375 0.48828125 0.03046875 0.059375
0 0.90078125 0.484375 0.02734375 0.059375