0 0.9521469907407407 0.41682291666666665 0.0720949074074074 0.17010416666666667
0 0.9073321759259259 0.45567708333333334 0.1602430555555557 0.19781250000000003
0 0.8034606481481481 0.6193229166666667 0.27236111111111116 0.3503125000000001
0 0.7618981481481482 0.49578125 0.15716435185185187 0.19916666666666671
0 0.4997395833333333 0.31755208333333335 0.09395833333333332 0.11854166666666668
0 0.6289236111111111 0.720625 0.1925578703703703 0.23583333333333326
0 0.4296469907407408 0.6832291666666667 0.13601851851851846 0.16968749999999985
0 0.3688078703703704 0.6576562499999999 0.11505787037037037 0.14645833333333336
0 0.39679976851851856 0.8444791666666667 0.25910879629629624 0.27145833333333336
0 0.2767013888888889 0.8189583333333333 0.19913194444444443 0.24718750000000006
0 0.20402777777777778 0.7980729166666667 0.15707175925925923 0.19604166666666673
0 0.1855439814814815 0.5271874999999999 0.13436342592592593 0.1664583333333333