0 0.08125 0.74453125 0.08203125 0.11484375
0 0.065625 0.68125 0.0640625 0.078125
0 0.08984375 0.646875 0.04609375 0.06875
0 0.08515625 0.53984375 0.0265625 0.0390625
0 0.1625 0.51796875 0.03046875 0.05
0 0.23359375 0.54375 0.025 0.04296875
0 0.3125 0.51171875 0.025 0.04609375
0 0.384375 0.51015625 0.02890625 0.05
0 0.45859375 0.5109375 0.028125 0.04453125
0 0.53359375 0.534375 0.025 0.04609375
0 0.59375 0.52890625 0.0265625 0.0390625
0 0.64453125 0.53046875 0.03046875 0.04296875
0 0.70703125 0.53046875 0.025 0.0390625
0 0.76328125 0.53984375 0.02890625 0.04296875
0 0.821875 0.55625 0.021875 0.04296875
0 0.8796875 0.53046875 0.02890625 0.0390625
0 0.91484375 0.67109375 0.040625 0.05390625
0 0.87578125 0.653125 0.0375 0.05703125
0 0.8765625 0.621875 0.0359375 0.040625
0 0.796875 0.65 0.046875 0.059375
0 0.76484375 0.62109375 0.02890625 0.05
0 0.73046875 0.6296875 0.025 0.04453125
0 0.67265625 0.61640625 0.03203125 0.05546875
0 0.628125 0.69453125 0.059375 0.1
0 0.5171875 0.68203125 0.0484375 0.071875
0 0.478125 0.646875 0.0484375 0.06484375
0 0.43828125 0.6890625 0.0515625 0.07421875
0 0.384375 0.67890625 0.05 0.06484375
0 0.4140625 0.61484375 0.03359375 0.05546875
0 0.36328125 0.6484375 0.02890625 0.0484375
0 0.31875 0.64140625 0.03203125 0.0390625
0 0.3140625 0.61484375 0.04140625 0.059375
0 0.221875 0.66796875 0.040625 0.05703125
0 0.234375 0.60625 0.0265625 0.0390625
0 0.509375 0.77578125 0.0734375 0.10390625
0 0.5890625 0.85546875 0.08359375 0.1109375
0 0.69296875 0.809375 0.075 0.1
0 0.865625 0.88125 0.1625 0.2296875
0 0.328125 0.91484375 0.1109375 0.16640625
0 0.334375 0.8046875 0.11796875 0.13515625
0 0.2421875 0.76484375 0.07890625 0.11875
0 0.275 0.709375 0.05546875 0.078125
0 0.17578125 0.6453125 0.040625 0.05
0 0.1421875 0.62109375 0.034375 0.05390625