0 0.14296875 0.24453125 0.0859375 0.1890625
0 0.234375 0.13203125 0.06875 0.1359375
0 0.15 0.04296875 0.0625 0.0859375
0 0.33046875 0.4515625 0.1359375 0.296875
0 0.41171875 0.24296875 0.1015625 0.19140625
0 0.34375 0.0390625 0.06875 0.078125
0 0.46171875 0.14140625 0.0546875 0.128125
0 0.5109375 0.0515625 0.053125 0.096875
0 0.63046875 0.1375 0.0546875 0.153125
0 0.603125 0.4609375 0.109375 0.271875
0 0.69375 0.25859375 0.0875 0.171875
0 0.6875 0.05859375 0.053125 0.09453125
0 0.87578125 0.13203125 0.0734375 0.14140625