0 0.0703125 0.61953125 0.06484375 0.115625
0 0.21875 0.5625 0.0453125 0.08828125
0 0.2515625 0.6171875 0.06484375 0.11171875
0 0.30546875 0.54296875 0.0515625 0.0953125
0 0.26875 0.4953125 0.03828125 0.06796875
0 0.2453125 0.5296875 0.03828125 0.06328125
0 0.38984375 0.5203125 0.04375 0.06796875
0 0.51875 0.51328125 0.03515625 0.0546875
0 0.5375 0.565625 0.04296875 0.08203125
0 0.57578125 0.58203125 0.05703125 0.1046875
0 0.515625 0.48515625 0.03125 0.05234375
0 0.571875 0.48671875 0.03515625 0.059375
0 0.609375 0.5 0.03671875 0.07265625
0 0.66484375 0.559375 0.046875 0.0953125
0 0.70859375 0.60546875 0.05625 0.10234375
0 0.76875 0.4921875 0.03359375 0.06171875
0 0.85859375 0.54453125 0.04140625 0.0796875
0 0.88828125 0.49921875 0.04140625 0.0796875
0 0.97421875 0.575 0.0484375 0.1046875
0 0.975 0.51953125 0.04140625 0.075