0 0.14398726851851854 0.48141782407407413 0.085 0.09215277777777793
0 0.3237152777777778 0.5194386574074075 0.09975694444444443 0.11670138888888885
0 0.46614583333333337 0.5340393518518518 0.078263888888889 0.09591435185185179
0 0.49837384259259265 0.4725 0.06445601851851848 0.08211805555555571
0 0.5520601851851852 0.5639814814814814 0.1027546296296297 0.12313657407407419
0 0.5727256944444445 0.5215914351851852 0.0700925925925926 0.09342592592592602
0 0.5994502314814815 0.4890393518518518 0.054155092592592526 0.05049768518518523
0 0.6540625 0.508431712962963 0.07106481481481489 0.08442129629629633
0 0.7129050925925926 0.5594849537037037 0.10444444444444442 0.1172569444444445
0 0.6745486111111111 0.4652604166666666 0.046932870370370416 0.05876157407407412
0 0.7229108796296296 0.483912037037037 0.06699074074074077 0.073298611111111
0 0.763454861111111 0.4552777777777777 0.046932870370370236 0.05876157407407412
0 0.8259895833333333 0.5356481481481481 0.10252314814814803 0.11550925925925917
0 0.8038136574074073 0.4821006944444445 0.06927083333333348 0.07660879629629633
0 0.82390625 0.46700231481481486 0.06314814814814804 0.0698032407407407
0 0.9817332175925927 0.5124652777777777 0.036533564814814665 0.08672453703703695
0 0.9974594907407408 0.4923611111111111 0.005081018518518476 0.07706018518518505