0 0.44609375 0.32421875 0.13515625 0.25234375
0 0.334375 0.3625 0.05546875 0.0828125
0 0.36953125 0.3203125 0.03203125 0.0625
0 0.57734375 0.23046875 0.0265625 0.03671875
0 0.63359375 0.296875 0.015625 0.02890625
0 0.64609375 0.3046875 0.0171875 0.03671875
0 0.6609375 0.32890625 0.0203125 0.04140625
0 0.68515625 0.27109375 0.04921875 0.08125
0 0.746875 0.321875 0.02109375 0.03984375
0 0.77109375 0.35859375 0.02578125 0.04609375
0 0.79765625 0.4140625 0.040625 0.0703125
0 0.8171875 0.36796875 0.02890625 0.04921875
0 0.80390625 0.35859375 0.01953125 0.04609375
0 0.79296875 0.334375 0.0203125 0.03984375
0 0.8359375 0.33828125 0.0171875 0.03828125
0 0.85546875 0.36015625 0.02890625 0.04921875
0 0.8671875 0.33515625 0.0171875 0.02890625
0 0.87578125 0.325 0.0125 0.02734375
0 0.89609375 0.37578125 0.0359375 0.0640625
0 0.915625 0.3359375 0.02421875 0.03359375
0 0.92109375 0.36640625 0.0203125 0.03984375
0 0.9359375 0.3328125 0.015625 0.03671875
0 0.95234375 0.371875 0.02421875 0.04140625
0 0.984375 0.36015625 0.02265625 0.04296875
0 0.984375 0.42265625 0.02890625 0.071875
0 0.94140625 0.42734375 0.0578125 0.075
0 0.8921875 0.4390625 0.040625 0.0703125