0 0.46171875 0.234375 0.10234375 0.153125
0 0.5578125 0.81171875 0.21171875 0.3515625
0 0.30234375 0.6234375 0.1515625 0.24765625
0 0.22265625 0.45546875 0.0875 0.134375
0 0.17109375 0.43671875 0.0578125 0.09296875
0 0.1421875 0.4 0.05703125 0.09765625
0 0.0890625 0.42578125 0.059375 0.07578125
0 0.26484375 0.4078125 0.03984375 0.07578125
0 0.3078125 0.40859375 0.046875 0.078125
0 0.70546875 0.61796875 0.1203125 0.1890625
0 0.68046875 0.459375 0.05859375 0.09375
0 0.71484375 0.4265625 0.05703125 0.07890625
0 0.80625 0.4578125 0.0546875 0.0953125
0 0.9296875 0.68984375 0.13046875 0.20546875
0 0.93828125 0.55625 0.10390625 0.159375
0 0.925 0.45625 0.05625 0.07265625