0 0.20625 0.13624421296296296 0.13996527777777779 0.21153935185185185
0 0.07835069444444445 0.29962384259259256 0.08888888888888888 0.1718055555555555
0 0.07777777777777777 0.4811516203703704 0.05368055555555555 0.08628472222222214
0 0.17815972222222223 0.4110011574074074 0.057222222222222244 0.09162037037037041
0 0.20855902777777774 0.5113136574074074 0.03795138888888887 0.06461805555555564
0 0.18885416666666668 0.49550925925925926 0.030034722222222233 0.04457175925925938
0 0.2377604166666667 0.49968749999999995 0.050694444444444466 0.08719907407407419
0 0.30366319444444445 0.4892013888888889 0.04704861111111107 0.06343750000000004
0 0.2977951388888889 0.3694791666666667 0.056805555555555644 0.08693287037037037
0 0.32109375 0.3988599537037037 0.044201388888888894 0.0659143518518519
0 0.35519097222222223 0.2811921296296296 0.06673611111111111 0.09512731481481485
0 0.5189930555555555 0.23528356481481483 0.07552083333333322 0.10768518518518518
0 0.5350347222222223 0.30833912037037037 0.058958333333333356 0.07664351851851858
0 0.4134722222222223 0.3908391203703704 0.05597222222222231 0.07755787037037028
0 0.3918576388888889 0.40725694444444444 0.049583333333333354 0.07469907407407402
0 0.422673611111111 0.5122569444444445 0.044062500000000074 0.06435185185185191
0 0.4458854166666667 0.5138078703703703 0.036979166666666785 0.05368055555555564
0 0.47383680555555563 0.5239236111111112 0.030590277777777786 0.05082175925925938
0 0.4965104166666666 0.51046875 0.04277777777777771 0.06715277777777776
0 0.5180729166666667 0.4845138888888888 0.04038194444444443 0.0574537037037036
0 0.5289409722222222 0.5172685185185185 0.030590277777777786 0.050821759259259205
0 0.5676215277777777 0.5227719907407408 0.03229166666666661 0.05270833333333336
0 0.3910590277777778 0.5951967592592593 0.029027777777777784 0.05049768518518523
0 0.3707465277777778 0.5994097222222222 0.031597222222222145 0.04489583333333336
0 0.6116319444444445 0.4181655092592592 0.057083333333333285 0.09005787037037045
0 0.6195833333333333 0.45391203703703703 0.035416666666666784 0.05335648148148149
0 0.6175173611111111 0.4933275462962962 0.030451388888888785 0.04925925925925938
0 0.6186111111111112 0.5145833333333334 0.02704861111111114 0.045486111111111074
0 0.6021875 0.49093749999999997 0.026909722222222144 0.04392361111111107
0 0.6496006944444443 0.49622106481481476 0.03215277777777779 0.051145833333333356
0 0.6715451388888889 0.4566608796296297 0.044340277777777715 0.0674768518518519
0 0.6926909722222222 0.4976273148148148 0.036840277777777784 0.052118055555555466
0 0.6467708333333333 0.24060763888888886 0.0811805555555555 0.11959490740740737
0 0.8608506944444443 0.15164930555555553 0.11673611111111129 0.17451388888888886
0 0.8807638888888889 0.2772106481481481 0.07833333333333314 0.12207175925925924
0 0.9559374999999999 0.28151041666666665 0.06333333333333328 0.09135416666666663
0 0.9642708333333333 0.3394560185185185 0.048993055555555644 0.08531250000000004
0 0.9792881944444446 0.41215856481481483 0.041423611111110856 0.0787962962962963
0 0.8913020833333334 0.33310763888888884 0.052291666666666715 0.07065972222222214
0 0.8395138888888889 0.3860185185185185 0.05045138888888907 0.06721064814814817
0 0.868732638888889 0.43724537037037037 0.05 0.07938657407407415
0 0.8019618055555556 0.56328125 0.048298611111111 0.07749999999999986
0 0.7835243055555555 0.4095659722222222 0.06486111111111122 0.10854166666666672
0 0.7538715277777778 0.4698206018518518 0.03569444444444443 0.05648148148148149
0 0.7332465277777778 0.4526157407407407 0.03284722222222225 0.058958333333333356
0 0.6893402777777778 0.39727430555555554 0.05409722222222228 0.09097222222222223