0 0.065625 0.36015625 0.11484375 0.16171875
0 0.11328125 0.27734375 0.053125 0.0796875
0 0.08671875 0.25234375 0.05625 0.07265625
0 0.2296875 0.2609375 0.0515625 0.0609375
0 0.25078125 0.23359375 0.03671875 0.05859375
0 0.3171875 0.15625 0.0734375 0.10078125
0 0.35234375 0.22265625 0.0296875 0.05625
0 0.378125 0.25390625 0.03828125 0.0609375
0 0.39140625 0.315625 0.06171875 0.10546875
0 0.34921875 0.50859375 0.14921875 0.23671875
0 0.53359375 0.81953125 0.24921875 0.25859375
0 0.66796875 0.39296875 0.0765625 0.12890625
0 0.575 0.32421875 0.06328125 0.075
0 0.59453125 0.27265625 0.03984375 0.065625
0 0.5625 0.25 0.04140625 0.07265625
0 0.49453125 0.29375 0.0546875 0.084375
0 0.48515625 0.24296875 0.03671875 0.07265625
0 0.44609375 0.259375 0.04453125 0.07265625
0 0.70234375 0.0984375 0.03671875 0.065625
0 0.73671875 0.275 0.0515625 0.084375
0 0.85859375 0.34296875 0.0765625 0.140625