0 0.027100694444444445 0.1424074074074074 0.05420138888888889 0.17856481481481482
0 0.01703125 0.21392361111111108 0.0340625 0.11546296296296299
0 0.04495659722222222 0.1915509259259259 0.08991319444444444 0.1267013888888889
0 0.1093576388888889 0.2386574074074074 0.08347222222222221 0.10392361111111112
0 0.1970486111111111 0.14429398148148148 0.1323611111111111 0.1699189814814815
0 0.18333333333333335 0.2070949074074074 0.09475694444444445 0.1135416666666667
0 0.26241319444444444 0.2550462962962963 0.0827430555555555 0.09484953703703702
0 0.30899305555555556 0.1347685185185185 0.16725694444444442 0.15430555555555553
0 0.3290277777777778 0.19670717592592593 0.13635416666666664 0.1557986111111111
0 0.40374999999999994 0.23236689814814815 0.09826388888888893 0.1157060185185185
0 0.4965625 0.18398148148148147 0.1397916666666667 0.1698611111111111
0 0.5373611111111112 0.2613715277777778 0.07107638888888879 0.08366898148148146
0 0.5811631944444444 0.20600115740740743 0.10295138888888893 0.11660879629629628
0 0.6242013888888889 0.2273784722222222 0.11180555555555553 0.14064814814814816
0 0.7059548611111112 0.48526041666666664 0.07538194444444457 0.08300925925925924