0 0.023125000000000007 0.6237673611111111 0.04625000000000001 0.07847222222222214
0 0.08710648148148148 0.6296527777777777 0.11070601851851851 0.1486458333333333
0 0.1283449074074074 0.6627083333333333 0.09100694444444447 0.12086805555555565
0 0.18086805555555557 0.6857118055555556 0.059386574074074085 0.07579861111111104
0 0.16679976851851852 0.7177777777777778 0.04848379629629629 0.06475694444444446
0 0.23376157407407408 0.6669791666666667 0.12186342592592592 0.16125000000000006
0 0.24361689814814813 0.7298263888888888 0.06116898148148149 0.08673611111111121
0 0.2712847222222222 0.7524305555555555 0.04096064814814815 0.05583333333333336
0 0.28968171296296297 0.802326388888889 0.04045138888888884 0.05270833333333336
0 0.32274884259259257 0.8065972222222222 0.040451388888888926 0.05270833333333336
0 0.3329398148148148 0.8180555555555555 0.03111111111111118 0.04194444444444443
0 0.38038194444444445 0.6946527777777778 0.1410185185185185 0.19499999999999992
0 0.4110358796296296 0.7877256944444444 0.060405092592592524 0.08204861111111103
0 0.33818287037037037 0.7562847222222222 0.08122685185185183 0.08878472222222236
0 0.42027777777777775 0.8247395833333332 0.04877314814814819 0.057222222222222195
0 0.4556597222222223 0.7852083333333333 0.09228009259259266 0.12868055555555563
0 0.5202083333333334 0.8232118055555556 0.1570833333333333 0.21909722222222222
0 0.6027488425925926 0.8346701388888889 0.10958333333333332 0.16968749999999994
0 0.5639814814814815 0.9097743055555554 0.04771990740740737 0.06006944444444429
0 0.5716956018518518 0.9561631944444444 0.03732638888888893 0.052152777777777715
0 0.6137789351851852 0.9347048611111111 0.04096064814814824 0.05583333333333336
0 0.6454398148148148 0.8736111111111111 0.07465277777777768 0.10430555555555543
0 0.6691261574074074 0.9107812500000001 0.059097222222222356 0.08333333333333356
0 0.6557465277777779 0.9534201388888889 0.0375810185185184 0.053715277777777716
0 0.6485821759259259 0.9806510416666667 0.03888888888888893 0.038697916666666644
0 0.6158275462962963 0.9615972222222222 0.038124999999999964 0.04774305555555571
0 0.7589930555555556 0.8920052083333333 0.17034722222222207 0.21598958333333335
0 0.6847511574074074 0.9977256944444445 0.04357638888888893 0.004548611111111001