0 0.9929224537037037 0.6069444444444445 0.014155092592592667 0.06062499999999993
0 0.9500665509259261 0.7659374999999999 0.09986689814814795 0.1422569444444443
0 0.8803472222222222 0.6876041666666666 0.09707175925925923 0.11142361111111114
0 0.7754745370370371 0.6379513888888889 0.07370370370370374 0.08680555555555554
0 0.7341550925925926 0.6036805555555554 0.04670138888888893 0.05815972222222214
0 0.6996527777777778 0.59296875 0.04306712962962962 0.05413194444444436
0 0.6958506944444445 0.5650694444444444 0.034236111111111 0.04562500000000007
0 0.47887152777777775 0.5492881944444445 0.04383101851851841 0.058819444444444355
0 0.45556712962962964 0.5753125 0.06018518518518512 0.0769444444444444
0 0.4452546296296296 0.6125347222222223 0.06356481481481495 0.07940972222222235
0 0.46339699074074064 0.673611111111111 0.09630787037037045 0.10673611111111114
0 0.3505613425925926 0.6938715277777778 0.1227662037037037 0.14118055555555564
0 0.35280092592592593 0.8218229166666667 0.1616203703703704 0.20600694444444442
0 0.2885127314814815 0.5598090277777779 0.05160879629629633 0.06999999999999992
0 0.315943287037037 0.5453993055555555 0.045648148148148146 0.06083333333333343
0 0.3352893518518519 0.5316319444444444 0.03787037037037031 0.04965277777777786
0 0.20183449074074072 0.5578472222222223 0.06694444444444443 0.08187500000000014
0 0.19864583333333333 0.5063020833333333 0.04877314814814815 0.061736111111111214
0 0.16887152777777775 0.5200347222222221 0.03241898148148148 0.043611111111111
0 0.11409722222222222 0.526545138888889 0.052407407407407416 0.065763888888889