0 0.04951967592592593 0.25328125 0.028252314814814806 0.04677083333333334
0 0.006400462962962966 0.39666666666666667 0.012800925925925933 0.08375000000000003
0 0.15070601851851853 0.34677083333333336 0.1306134259259259 0.20218749999999996
0 0.3601388888888889 0.281875 0.1410185185185185 0.24312500000000004
0 0.21108796296296295 0.4052083333333334 0.04116898148148147 0.061562500000000096
0 0.1941840277777778 0.48609375000000005 0.05206018518518518 0.08395833333333336
0 0.5142708333333333 0.3465625 0.1107870370370371 0.1822916666666666
0 0.5963946759259259 0.39619791666666665 0.07164351851851851 0.11312499999999996
0 0.6105613425925925 0.4468229166666666 0.08988425925925939 0.14375
0 0.6895775462962963 0.4513020833333333 0.09630787037037045 0.16739583333333333
0 0.734988425925926 0.5544791666666666 0.07564814814814813 0.11958333333333329
0 0.8353530092592593 0.46890625 0.07611111111111128 0.11187499999999986