0 0.34330439814814817 0.15929976851851851 0.10085648148148145 0.13108796296296296
0 0.30202546296296295 0.11368055555555556 0.08141203703703699 0.1029398148148148
0 0.40296875 0.1710127314814815 0.07954861111111104 0.09938657407407407
0 0.424056712962963 0.12353587962962961 0.05571759259259257 0.0730787037037037
0 0.4634432870370371 0.1744849537037037 0.0725462962962963 0.08986111111111113
0 0.4508333333333333 0.25171296296296297 0.1175347222222222 0.14630787037037035
0 0.5514583333333334 0.18083333333333332 0.07768518518518519 0.0958333333333333
0 0.4990393518518518 0.19439814814814813 0.06055555555555543 0.07592592592592595
0 0.4918807870370371 0.14504050925925926 0.05511574074074073 0.06682870370370368
0 0.5555729166666666 0.05701967592592592 0.05184027777777782 0.06440972222222223
0 0.5850810185185186 0.16359953703703703 0.04715277777777764 0.06312499999999996
0 0.5819965277777778 0.23982060185185183 0.08528935185185187 0.1116087962962963
0 0.5923726851851852 0.30593750000000003 0.14912037037037038 0.1899537037037037
0 0.7389583333333334 0.34594907407407405 0.13809027777777771 0.17019675925925934
0 0.6989641203703704 0.2470543981481481 0.09027777777777786 0.1160185185185185
0 0.6464004629629629 0.19250000000000003 0.07440972222222228 0.09341435185185185
0 0.6415393518518518 0.13369212962962962 0.05370370370370381 0.06796296296296296
0 0.6868287037037037 0.17099537037037033 0.054606481481481416 0.07733796296296296
0 0.7430381944444445 0.1884664351851852 0.05571759259259253 0.07307870370370373
0 0.7666435185185185 0.20043981481481482 0.0642824074074074 0.0830324074074074
0 0.7830266203703704 0.24566550925925928 0.09184027777777767 0.11644675925925922
0 0.8409664351851852 0.28110532407407407 0.10443287037037052 0.13663194444444446
0 0.8917418981481482 0.22549189814814813 0.06770833333333356 0.08701388888888886
0 0.9318055555555557 0.28347222222222224 0.09728009259259238 0.12554398148148146
0 0.9883159722222222 0.26681134259259254 0.0233680555555555 0.1067708333333334
0 0.9327141203703704 0.4782060185185185 0.13457175925925924 0.24425925925925931