0 0.9374160879629629 0.18284722222222224 0.12516782407407412 0.1959837962962963
0 0.9272453703703704 0.31 0.14550925925925923 0.1737384259259259
0 0.9697164351851851 0.30276620370370366 0.06056712962962969 0.14982638888888894
0 0.8226793981481482 0.3751331018518519 0.11893518518518534 0.1319791666666667
0 0.7290798611111111 0.3918055555555556 0.14689814814814817 0.1613194444444445
0 0.6747511574074074 0.4612094907407407 0.14011574074074068 0.15745370370370365
0 0.6241377314814814 0.6927662037037037 0.11291666666666664 0.12361111111111107
0 0.2597974537037037 0.6594328703703705 0.14453703703703705 0.15644675925925924
0 0.20752893518518517 0.6146180555555556 0.17638888888888885 0.18165509259259255
0 0.17109953703703704 0.5551736111111112 0.18354166666666671 0.21465277777777772
0 0.10568287037037036 0.40511574074074075 0.11553240740740742 0.26476851851851857