0 0.103125 0.35859375 0.11015625 0.159375
0 0.134375 0.28828125 0.065625 0.103125
0 0.0875 0.25234375 0.06015625 0.09140625
0 0.27421875 0.3 0.06171875 0.1046875
0 0.25546875 0.2609375 0.05078125 0.07421875
0 0.34375 0.34765625 0.09453125 0.1578125
0 0.396875 0.30625 0.06640625 0.11953125
0 0.36953125 0.24375 0.0546875 0.08203125
0 0.4875 0.27734375 0.05703125 0.08671875
0 0.5765625 0.3109375 0.09296875 0.1640625
0 0.5625 0.23046875 0.04453125 0.0609375
0 0.6859375 0.24453125 0.05 0.0640625
0 0.71953125 0.25703125 0.05234375 0.1015625
0 0.79140625 0.253125 0.04375 0.07109375
0 0.86328125 0.36171875 0.12109375 0.18203125
0 0.8453125 0.26640625 0.0546875 0.07890625
0 0.92734375 0.24140625 0.05546875 0.08984375