0 0.3489178240740741 0.6334780092592592 0.13267361111111117 0.15056712962962973
0 0.19280092592592593 0.6081712962962962 0.08440972222222225 0.09341435185185176
0 0.22373842592592594 0.554849537037037 0.06796296296296296 0.07280092592592595
0 0.16403356481481485 0.5986168981481482 0.06327546296296296 0.0715162037037036
0 0.25890625 0.5344155092592592 0.06640046296296295 0.07237268518518505
0 0.25917245370370373 0.5102604166666667 0.05594907407407401 0.0651157407407407
0 0.34511574074074075 0.5373611111111112 0.08668981481481489 0.09696759259259266
0 0.31596064814814817 0.4971875 0.06688657407407402 0.06811342592592595
0 0.3793055555555556 0.4765046296296296 0.07564814814814813 0.08076388888888886
0 0.48250578703703706 0.5462094907407407 0.13052083333333328 0.14119212962962954
0 0.47400462962962964 0.46217592592592593 0.09929398148148146 0.11359953703703703
0 0.4888946759259259 0.4149131944444445 0.07984953703703716 0.08630787037037035
0 0.45610532407407406 0.4023090277777778 0.06327546296296305 0.07151620370370364
0 0.42310185185185184 0.42131944444444447 0.07203703703703698 0.08416666666666668
0 0.5187442129629629 0.3677025462962963 0.07252314814814813 0.0799074074074074
0 0.5207002314814815 0.33644097222222225 0.05366898148148138 0.061562500000000055
0 0.8329224537037037 0.28574652777777776 0.132673611111111 0.15056712962962965
0 0.7444212962962963 0.2909027777777778 0.09714120370370374 0.10422453703703702
0 0.7047395833333333 0.2627488425925926 0.07516203703703717 0.08502314814814813
0 0.6623321759259259 0.2552719907407407 0.06291666666666665 0.06995370370370368
0 0.7436168981481481 0.20060763888888888 0.07203703703703716 0.08416666666666668
0 0.8195023148148148 0.1947569444444444 0.07708333333333321 0.0870138888888889
0 0.8983449074074074 0.1764699074074074 0.11358796296296277 0.12483796296296297
0 0.8261400462962962 0.11155671296296295 0.06447916666666664 0.07038194444444446
0 0.914537037037037 0.09148148148148147 0.07828703703703717 0.08587962962962963
0 0.9341030092592593 0.053732638888888885 0.06627314814814796 0.07819444444444441
0 0.9807291666666668 0.06429976851851851 0.03854166666666643 0.09540509259259262
0 0.9912731481481482 0.1303935185185185 0.01745370370370374 0.1308101851851852