0 0.13055555555555556 0.28596064814814814 0.13046296296296295 0.18322916666666664
0 0.23502893518518517 0.230787037037037 0.09521990740740742 0.12799768518518517
0 0.32555555555555554 0.3000694444444444 0.08510416666666672 0.11910879629629623
0 0.44354166666666667 0.6074131944444445 0.29868055555555556 0.45562500000000006
0 0.5390162037037036 0.20232060185185183 0.07398148148148138 0.11446759259259257
0 0.5699479166666667 0.4187037037037037 0.09503472222222235 0.1264351851851852
0 0.7155555555555556 0.4302372685185185 0.07498842592592592 0.11021990740740736
0 0.750798611111111 0.5874189814814814 0.16395833333333343 0.23645833333333321
0 0.8608159722222222 0.5662789351851851 0.1049884259259258 0.1594444444444445
0 0.9563252314814814 0.5909837962962963 0.0873495370370371 0.13048611111111122
0 0.9825115740740742 0.5707060185185184 0.03497685185185162 0.09820601851851851