0 0.44382523148148145 0.1877488425925926 0.08321759259259273 0.1162962962962963
0 0.5291840277777778 0.5430497685185185 0.16934027777777771 0.21585648148148148
0 0.5619618055555555 0.4656423611111111 0.09038194444444443 0.11079861111111118
0 0.6727893518518518 0.46347800925925925 0.09496527777777786 0.12516203703703715
0 0.801880787037037 0.5686111111111112 0.2428009259259259 0.3126504629629629
0 0.4338020833333333 0.6125636574074074 0.13937500000000008 0.1804861111111112
0 0.3732349537037037 0.7491087962962963 0.20167824074074076 0.2591898148148147
0 0.21336805555555555 0.6871585648148149 0.16185185185185186 0.2182291666666666
0 0.1418113425925926 0.7133854166666668 0.1265972222222222 0.14677083333333343
0 0.11914930555555554 0.6335821759259259 0.10655092592592594 0.13246527777777786
0 0.22727430555555556 0.5605208333333334 0.1024537037037037 0.12278935185185187