0 0.05546875 0.27109375 0.03046875 0.05
0 0.08515625 0.32734375 0.03203125 0.05
0 0.1046875 0.29765625 0.025 0.04765625
0 0.1125 0.265625 0.025 0.03984375
0 0.1265625 0.37265625 0.03203125 0.06171875
0 0.14375 0.3453125 0.0265625 0.03828125
0 0.14765625 0.30703125 0.02109375 0.03828125
0 0.175 0.27578125 0.02421875 0.03984375
0 0.17890625 0.378125 0.0375 0.07578125
0 0.20625 0.3421875 0.028125 0.04375
0 0.22578125 0.371875 0.03359375 0.05625
0 0.21171875 0.3 0.025 0.03984375
0 0.2265625 0.2703125 0.02421875 0.03984375
0 0.25625 0.27890625 0.01875 0.0421875
0 0.265625 0.4046875 0.0375 0.065625
0 0.2625 0.33828125 0.02421875 0.05234375
0 0.27421875 0.3046875 0.025 0.0421875
0 0.2984375 0.2890625 0.01875 0.034375
0 0.30390625 0.37578125 0.0265625 0.06015625
0 0.33828125 0.41015625 0.0359375 0.0640625
0 0.325 0.35 0.0265625 0.05234375
0 0.334375 0.3078125 0.02109375 0.0359375
0 0.35 0.28671875 0.0203125 0.03828125
0 0.38125 0.37578125 0.0265625 0.05625
0 0.384375 0.3390625 0.02265625 0.03828125
0 0.37890625 0.31328125 0.02109375 0.034375
0 0.403125 0.28828125 0.025 0.0359375
0 0.4234375 0.4109375 0.03828125 0.078125
0 0.43671875 0.3359375 0.028125 0.04765625
0 0.43828125 0.3078125 0.02421875 0.03203125
0 0.45703125 0.30390625 0.0171875 0.03984375
0 0.471875 0.365625 0.0296875 0.0640625
0 0.50859375 0.396875 0.04140625 0.078125
0 0.51015625 0.32890625 0.025 0.0421875
0 0.48515625 0.3140625 0.02421875 0.03984375
0 0.50078125 0.284375 0.0171875 0.03203125
0 0.54453125 0.303125 0.0203125 0.03828125
0 0.5609375 0.29765625 0.02265625 0.0359375
0 0.58203125 0.346875 0.025 0.05
0 0.56328125 0.41328125 0.03359375 0.06171875
0 0.58203125 0.46484375 0.03828125 0.0703125
0 0.61953125 0.4 0.03046875 0.06015625
0 0.60078125 0.315625 0.0203125 0.03984375
0 0.58828125 0.309375 0.0203125 0.0296875
0 0.6390625 0.30703125 0.0203125 0.0421875
0 0.64765625 0.3703125 0.02265625 0.04375
0 0.68828125 0.4390625 0.04140625 0.08203125
0 0.68203125 0.37265625 0.03046875 0.05
0 0.6625 0.32421875 0.02421875 0.04375
0 0.671875 0.28515625 0.01875 0.034375
0 0.70390625 0.31796875 0.02109375 0.03984375
0 0.721875 0.33828125 0.025 0.04375
0 0.7203125 0.290625 0.02109375 0.03828125
0 0.75390625 0.30703125 0.025 0.03828125
0 0.75234375 0.38125 0.03359375 0.06171875
0 0.78828125 0.33984375 0.028125 0.05625
0 0.8015625 0.4203125 0.03984375 0.06796875
0 0.77265625 0.26328125 0.02265625 0.03828125
0 0.8125 0.30078125 0.02265625 0.0421875
0 0.825 0.2546875 0.025 0.0421875
0 0.81796875 0.35390625 0.03359375 0.05625
0 0.8765625 0.40625 0.0359375 0.0640625
0 0.8984375 0.36875 0.0296875 0.0578125
0 0.87265625 0.30703125 0.025 0.04609375
0 0.93671875 0.275 0.028125 0.05
0 0.94296875 0.4 0.04140625 0.071875