0 0.9348524305555556 0.5626388888888888 0.13029513888888894 0.17753472222222227
0 0.9416753472222222 0.6887326388888889 0.11664930555555557 0.1194212962962963
0 0.9546354166666667 0.7254224537037037 0.09063657407407391 0.09582175925925931
0 0.9753443287037037 0.757175925925926 0.049311342592592664 0.09899305555555564
0 0.969994212962963 0.6365046296296296 0.06001157407407405 0.1696527777777778
0 0.9952806712962964 0.6848321759259259 0.009438657407407191 0.11157407407407405
0 0.8496122685185185 0.5986400462962963 0.11320601851851855 0.11938657407407405
0 0.802789351851852 0.6060300925925926 0.13457175925925924 0.14450231481481488
0 0.7880902777777778 0.5317939814814815 0.16446759259259255 0.17280092592592594
0 0.7489930555555556 0.6682523148148147 0.07526620370370374 0.08322916666666665
0 0.7295486111111111 0.6449189814814815 0.082951388888889 0.08952546296296297
0 0.7082465277777777 0.6169039351851853 0.08799768518518522 0.09112268518518504
0 0.6784722222222223 0.6406018518518518 0.06386574074074076 0.06754629629629641
0 0.607349537037037 0.719386574074074 0.08787037037037031 0.09736111111111115
0 0.6064351851851852 0.5722685185185185 0.07767361111111111 0.0801273148148148
0 0.5461574074074074 0.5210648148148149 0.09135416666666671 0.0989467592592593
0 0.5449594907407407 0.3590798611111111 0.1941087962962964 0.21357638888888886
0 0.43919560185185186 0.3551678240740741 0.16326388888888882 0.17435185185185187
0 0.377181712962963 0.24528356481481484 0.19987268518518517 0.2182986111111111
0 0.31862847222222224 0.3685821759259259 0.17502314814814818 0.1915972222222222
0 0.26219328703703704 0.2148321759259259 0.17179398148148145 0.17753472222222227
0 0.2078125 0.20975694444444443 0.16723379629629634 0.1712615740740741
0 0.25894675925925925 0.05883101851851852 0.22414351851851855 0.11766203703703704
0 0.20921875 0.39991319444444445 0.10060185185185189 0.10525462962962955
0 0.3370601851851852 0.48974537037037036 0.07646990740740733 0.08167824074074073
0 0.3559664351851852 0.4050868055555556 0.10180555555555557 0.10370370370370377
0 0.4408449074074074 0.4373263888888889 0.08871527777777785 0.09424768518518509
0 0.4181423611111111 0.47818865740740735 0.07155092592592598 0.07384259259259274
0 0.4520138888888889 0.5507175925925927 0.07298611111111111 0.08009259259259274
0 0.49852430555555555 0.5010706018518519 0.09747685185185198 0.10523148148148138
0 0.4761226851851852 0.4887152777777778 0.08943287037037032 0.09737268518518523
0 0.48355902777777776 0.5551793981481481 0.06458333333333321 0.0706712962962964