0 0.2822916666666667 0.36935763888888895 0.1338541666666666 0.18368055555555554
0 0.17171875 0.3043402777777778 0.07249999999999997 0.09461805555555554
0 0.16244791666666666 0.26041666666666663 0.04750000000000001 0.06597222222222224
0 0.34161458333333333 0.22456597222222224 0.047812500000000036 0.07065972222222223
0 0.45005208333333335 0.38836805555555554 0.14416666666666664 0.19982638888888893
0 0.50109375 0.2026041666666667 0.05427083333333336 0.0751736111111111
0 0.67015625 0.22925347222222223 0.09708333333333333 0.11701388888888893
0 0.7443229166666667 0.18819444444444444 0.06614583333333321 0.09166666666666665
0 0.8486979166666668 0.33862847222222225 0.17864583333333348 0.23211805555555554
0 0.9603385416666667 0.23237847222222224 0.07932291666666665 0.14201388888888894
0 0.9436979166666667 0.18194444444444446 0.05916666666666685 0.07934027777777777