0 0.9980439814814815 0.46225694444444443 0.003912037037036953 0.20407407407407413
0 0.8097164351851852 0.3565972222222222 0.1722685185185185 0.18671296296296297
0 0.7072916666666667 0.50859375 0.3325810185185185 0.3662847222222222
0 0.6287847222222223 0.2917476851851852 0.17175925925925917 0.18358796296296295
0 0.76875 0.27077546296296295 0.10739583333333336 0.11975694444444444
0 0.8236111111111111 0.22899305555555555 0.08769675925925924 0.09348379629629629
0 0.7144039351851852 0.24476273148148148 0.07624999999999993 0.08946759259259256
0 0.6018113425925925 0.22556712962962963 0.10685185185185198 0.12587962962962962
0 0.37821180555555556 0.21582754629629627 0.13618055555555558 0.15447916666666667
0 0.21872106481481485 0.2683564814814815 0.269525462962963 0.3010185185185185
0 0.26556712962962964 0.10643518518518517 0.08587962962962967 0.09179398148148148
0 0.2998611111111111 0.06143518518518518 0.08722222222222217 0.08111111111111109
0 0.34148148148148144 0.042471064814814816 0.0485879629629629 0.03325231481481482
0 0.20589120370370367 0.04298611111111111 0.06803240740740739 0.05796296296296296
0 0.13873263888888887 0.20325231481481482 0.12648148148148147 0.17064814814814816