0 0.060555555555555564 0.4337905092592592 0.12111111111111113 0.18993055555555555
0 0.24133680555555553 0.2824826388888889 0.08885416666666668 0.09017361111111111
0 0.32541666666666663 0.31319444444444444 0.08440972222222225 0.0916666666666666
0 0.34901041666666666 0.25672453703703707 0.05465277777777775 0.050694444444444466
0 0.41296875 0.2464236111111111 0.062013888888888855 0.06795138888888888
0 0.4186284722222222 0.2751793981481481 0.08489583333333339 0.09479166666666661
0 0.4149131944444445 0.33914930555555556 0.10031250000000003 0.11372685185185186
0 0.4960590277777778 0.32859375 0.0921180555555555 0.10113425925925927
0 0.47515625000000006 0.28759259259259257 0.070451388888889 0.08210648148148145
0 0.46520833333333333 0.2362962962962963 0.07406250000000014 0.08527777777777779
0 0.5203819444444445 0.26743634259259264 0.06045138888888886 0.0679282407407408
0 0.5482638888888889 0.3036574074074074 0.07069444444444457 0.08366898148148146
0 0.6000694444444445 0.3013310185185185 0.06840277777777785 0.07895833333333328
0 0.5326388888888889 0.4091145833333334 0.1031944444444445 0.11221064814814814
0 0.5907465277777778 0.37629629629629624 0.07322916666666668 0.08994212962962962
0 0.6321875 0.35541666666666666 0.07093750000000014 0.08523148148148145
0 0.6557465277777779 0.3542881944444444 0.06430555555555557 0.07266203703703704
0 0.69296875 0.30541087962962965 0.0792361111111111 0.0884722222222222
0 0.6764756944444444 0.46154513888888893 0.10465277777777775 0.1215856481481481
0 0.7238194444444443 0.4327835648148148 0.07659722222222207 0.09155092592592595
0 0.7522048611111111 0.3855960648148148 0.06611111111111115 0.07424768518518512