0 0.16796875 0.4625 0.12421875 0.240625
0 0.23203125 0.45078125 0.07578125 0.228125
0 0.1109375 0.315625 0.10625 0.1859375
0 0.03984375 0.1625 0.0796875 0.17421875
0 0.14375 0.196875 0.084375 0.153125
0 0.1296875 0.0859375 0.084375 0.1171875
0 0.03828125 0.02578125 0.05625 0.05078125
0 0.1828125 0.046875 0.065625 0.08671875
0 0.26015625 0.0671875 0.07578125 0.1234375
0 0.24609375 0.17109375 0.084375 0.14453125
0 0.21875 0.33046875 0.08984375 0.13203125
0 0.33515625 0.30625 0.08203125 0.16796875
0 0.32734375 0.17265625 0.07421875 0.13515625
0 0.465625 0.16796875 0.0796875 0.15
0 0.403125 0.44765625 0.1140625 0.221875
0 0.49296875 0.47578125 0.09375 0.1890625
0 0.6390625 0.48515625 0.10234375 0.17734375
0 0.709375 0.41328125 0.08984375 0.2015625
0 0.62421875 0.31953125 0.084375 0.17109375
0 0.5859375 0.184375 0.06796875 0.12890625
0 0.525 0.0734375 0.0578125 0.1109375
0 0.725 0.1484375 0.0703125 0.1234375
0 0.70234375 0.2671875 0.06796875 0.1203125
0 0.86171875 0.3921875 0.09609375 0.1953125
0 0.9390625 0.40703125 0.0859375 0.1890625
0 0.88984375 0.29453125 0.0796875 0.12578125
0 0.82578125 0.08828125 0.06015625 0.1171875
0 0.96796875 0.20234375 0.06015625 0.1171875
0 0.965625 0.10078125 0.06015625 0.1171875
0 0.9546875 0.034375 0.04609375 0.06328125
0 0.875 0.0328125 0.046875 0.065625
0 0.7796875 0.02890625 0.03984375 0.05703125
0 0.72890625 0.05390625 0.065625 0.10234375