0 0.26764467592592595 0.44342013888888887 0.1579861111111111 0.16697916666666668
0 0.48368055555555556 0.7230034722222222 0.08976851851851855 0.09229166666666658
0 0.4770775462962963 0.46753472222222225 0.16732638888888896 0.17652777777777776
0 0.6213194444444443 0.4785243055555556 0.10634259259259267 0.11756944444444457
0 0.5446296296296296 0.16078125 0.35800925925925925 0.3053125
0 0.7081712962962963 0.4096180555555556 0.11310185185185198 0.12083333333333326
0 0.7667881944444443 0.43972222222222224 0.08922453703703717 0.0985069444444445
0 0.7946990740740741 0.5680034722222222 0.06614583333333321 0.07152777777777786
0 0.786232638888889 0.3584201388888889 0.15562500000000004 0.17159722222222218
0 0.8470138888888888 0.4018055555555556 0.10739583333333336 0.11447916666666665
0 0.8938252314814814 0.45499999999999996 0.09543981481481474 0.10798611111111107
0 0.9312789351851851 0.32993055555555556 0.13744212962962976 0.16225694444444444
0 0.9509461805555557 0.41298611111111116 0.09810763888888871 0.12267361111111116