0 0.8314814814814815 0.6943923611111111 0.17163194444444443 0.18538194444444436
0 0.6336921296296296 0.5630902777777778 0.1378009259259258 0.1563194444444445
0 0.5226157407407408 0.5204166666666666 0.08442129629629633 0.09333333333333335
0 0.47391203703703705 0.5494270833333333 0.09760416666666671 0.11902777777777782
0 0.43615162037037036 0.5886111111111111 0.09782407407407412 0.11291666666666664
0 0.4043171296296296 0.4330034722222222 0.10597222222222218 0.1151736111111111
0 0.46808449074074077 0.3962847222222222 0.15644675925925924 0.17177083333333334
0 0.24938078703703703 0.5048958333333333 0.1194907407407407 0.14243055555555556
0 0.2497048611111111 0.5916493055555556 0.11826388888888895 0.14385416666666656
0 0.2851273148148148 0.6713020833333333 0.0686805555555555 0.08427083333333343
0 0.2115509259259259 0.6252951388888889 0.10418981481481479 0.12114583333333329
0 0.2376388888888889 0.6763194444444445 0.07303240740740743 0.08312500000000007
0 0.20974537037037036 0.6947222222222222 0.07348379629629624 0.09236111111111107
0 0.1424537037037037 0.5000694444444445 0.0996296296296296 0.149861111111111
0 0.1453761574074074 0.43213541666666666 0.11065972222222223 0.11559027777777775
0 0.12717592592592591 0.3103472222222222 0.15567129629629628 0.1824305555555556
0 0.22847222222222224 0.32602430555555556 0.17821759259259257 0.1875
0 0.26350694444444445 0.41128472222222223 0.1268518518518519 0.13388888888888886
0 0.340162037037037 0.4753298611111111 0.11178240740740737 0.12795138888888893
0 0.2988194444444444 0.2791666666666667 0.12406249999999996 0.13517361111111112
0 0.15155671296296297 0.19034722222222222 0.16548611111111108 0.17104166666666662
0 0.3658159722222222 0.12034722222222223 0.18502314814814813 0.18350694444444443
0 0.5095543981481482 0.19276041666666666 0.14416666666666664 0.1645486111111111
0 0.7310648148148149 0.11574652777777779 0.13210648148148146 0.15121527777777777
0 0.6626736111111111 0.1680034722222222 0.1223842592592593 0.12736111111111112
0 0.604375 0.09675347222222222 0.13165509259259256 0.14197916666666668
0 0.624537037037037 0.05053819444444444 0.18344907407407404 0.10107638888888888
0 0.8483159722222222 0.053315972222222216 0.19350694444444444 0.10663194444444443
0 0.7872974537037037 0.07730902777777778 0.11021990740740736 0.12781249999999997
0 0.7464699074074075 0.22822916666666665 0.10474537037037024 0.1165972222222222
0 0.8705613425925925 0.29442708333333334 0.07548611111111114 0.08027777777777771
0 0.8113194444444446 0.23361111111111113 0.09737268518518513 0.10368055555555555
0 0.8778993055555556 0.3471180555555556 0.06834490740740762 0.08270833333333324
0 0.8401793981481482 0.3568402777777778 0.0849768518518517 0.08878472222222218
0 0.9285937499999999 0.28289930555555554 0.10116898148148153 0.10708333333333328
0 0.9116608796296296 0.23743055555555553 0.0936805555555555 0.08649305555555556
0 0.9943836805555556 0.2539930555555555 0.011232638888888858 0.11152777777777774
0 0.9525462962962962 0.19796874999999997 0.09302083333333329 0.10482638888888891