0 0.9767447916666667 0.787824074074074 0.046510416666666644 0.07817129629629634
0 0.9445196759259259 0.7547685185185184 0.07434027777777778 0.07504629629629633
0 0.9128645833333333 0.7421180555555555 0.05869212962962962 0.060509259259259277
0 0.8859085648148148 0.7362268518518519 0.053217592592592664 0.05662037037037031
0 0.865787037037037 0.7307002314814814 0.06809027777777779 0.07402777777777772
0 0.8425636574074072 0.7366550925925927 0.08099537037037052 0.08362268518518512
0 0.8280324074074074 0.6938310185185185 0.05399305555555571 0.053749999999999964
0 0.787974537037037 0.6775636574074074 0.05712962962962962 0.060254629629629616
0 0.775 0.7331365740740741 0.11112268518518534 0.11400462962962958
0 0.7450115740740741 0.6735590277777778 0.061435185185185225 0.06545138888888893
0 0.7424247685185186 0.8506944444444444 0.20853009259259264 0.20329861111111108
0 0.6989062500000001 0.6600520833333333 0.0680787037037037 0.06803240740740737
0 0.6943576388888889 0.6300925925925925 0.05946759259259267 0.05763888888888893
0 0.6889120370370371 0.7423321759259259 0.1283333333333335 0.12879629629629613
0 0.6129282407407407 0.7262037037037038 0.14791666666666678 0.15895833333333337
0 0.5762152777777778 0.6220775462962964 0.0802083333333334 0.08049768518518512
0 0.5913946759259259 0.5960821759259259 0.07042824074074083 0.07141203703703702
0 0.6022800925925926 0.5708854166666667 0.0606481481481481 0.06232638888888893
0 0.6422511574074073 0.6433275462962963 0.07317129629629626 0.07635416666666668
0 0.6427719907407408 0.6096990740740741 0.05594907407407419 0.05556712962962962
0 0.6503472222222222 0.589207175925926 0.0438194444444445 0.04310185185185169
0 0.5553877314814815 0.5542534722222222 0.04265046296296297 0.04440972222222221
0 0.5743229166666667 0.5520949074074075 0.050868055555555534 0.05324074074074083
0 0.5425578703703704 0.5836284722222222 0.06652777777777778 0.07377314814814824
0 0.5141030092592593 0.6104571759259259 0.09703703703703699 0.09972222222222218
0 0.5087326388888889 0.5593865740740741 0.06377314814814809 0.06283564814814824
0 0.47026041666666674 0.5553645833333334 0.09195601851851869 0.09739583333333339
0 0.48171296296296295 0.5205208333333333 0.052430555555555536 0.05349537037037031
0 0.5031828703703705 0.5165277777777778 0.056342592592592666 0.05712962962962962
0 0.4512905092592593 0.539537037037037 0.06222222222222236 0.06857638888888892
0 0.40861689814814817 0.48313657407407407 0.061828703703703705 0.06701388888888893
0 0.4059837962962963 0.535150462962963 0.08803240740740743 0.08776620370370374
0 0.38557870370370373 0.5850173611111111 0.1165972222222222 0.11789351851851855
0 0.518605324074074 0.7175752314814815 0.1682407407407407 0.16826388888888885
0 0.24997685185185184 0.6355902777777778 0.23240740740740745 0.23266203703703708
0 0.3525636574074074 0.4747511574074075 0.0622106481481481 0.06258101851851841
0 0.36883680555555554 0.5096180555555556 0.07434027777777778 0.07504629629629633
0 0.26370949074074074 0.46701388888888895 0.06612268518518523 0.06621527777777772
0 0.2734375 0.4491203703703704 0.05359953703703706 0.05218749999999996
0 0.2798263888888889 0.420943287037037 0.05986111111111114 0.05920138888888893
0 0.1983738425925926 0.40392361111111114 0.05243055555555558 0.05349537037037031
0 0.19026041666666668 0.4490509259259259 0.07121527777777778 0.07453703703703703
0 0.15280671296296297 0.46692129629629625 0.09156249999999999 0.09583333333333321
0 0.15688078703703706 0.5544907407407408 0.06899305555555557 0.13710648148148152
0 0.17300347222222223 0.4102777777777778 0.0665162037037037 0.06777777777777771