0 0.7035706018518517 0.37223958333333335 0.053032407407407334 0.071875
0 0.6782407407407407 0.40406250000000005 0.059120370370370344 0.07197916666666662
0 0.6302777777777777 0.45635416666666667 0.08903935185185183 0.14072916666666674
0 0.572193287037037 0.48171875000000003 0.1497800925925926 0.22833333333333333
0 0.5845543981481482 0.3918229166666667 0.04629629629629619 0.06552083333333333
0 0.5306944444444445 0.43505208333333334 0.05869212962962962 0.08249999999999993
0 0.41828125 0.3396875 0.041608796296296366 0.06427083333333332
0 0.40016782407407414 0.48505208333333333 0.0894675925925927 0.1302083333333334
0 0.3275925925925926 0.5036458333333333 0.07346064814814816 0.10770833333333343
0 0.21688657407407405 0.4723958333333334 0.035787037037037006 0.05208333333333322
0 0.16163194444444445 0.6847916666666667 0.3232638888888889 0.6304166666666667