0 0.976736111111111 0.7621180555555556 0.046527777777777855 0.25979166666666664
0 0.9100694444444445 0.950138888888889 0.08541666666666678 0.09486111111111128
0 0.926171875 0.7747222222222222 0.14765625 0.2279166666666665
0 0.8571180555555555 0.6921180555555555 0.21215277777777786 0.2703819444444445
0 0.8597222222222222 0.4087847222222222 0.2805555555555556 0.2907638888888888
0 0.812326388888889 0.6747916666666666 0.1772569444444443 0.22520833333333332
0 0.7114583333333333 0.8196527777777778 0.10104166666666661 0.12569444444444428
0 0.6433159722222223 0.6807986111111111 0.16649305555555555 0.20309027777777774
0 0.6917534722222223 0.6487326388888889 0.1604166666666666 0.19548611111111108
0 0.5598090277777777 0.6011111111111112 0.1140625 0.1382291666666667
0 0.48611111111111105 0.5162152777777778 0.16510416666666677 0.19684027777777774
0 0.5440972222222222 0.28366319444444443 0.31006944444444445 0.34253472222222225
0 0.4305555555555555 0.3714930555555555 0.20173611111111106 0.24982638888888892
0 0.43967013888888884 0.5473958333333334 0.12586805555555552 0.15187500000000007
0 0.33758680555555554 0.44333333333333336 0.12725694444444446 0.15812500000000002
0 0.2730902777777778 0.4195833333333333 0.12430555555555553 0.15142361111111105
0 0.19913194444444443 0.18546875 0.2701388888888889 0.33392361111111113
0 0.23515625 0.29822916666666666 0.17430555555555555 0.21850694444444443
0 0.15373263888888888 0.306875 0.16753472222222224 0.20777777777777784