0 0.12421875 0.56640625 0.06171875 0.08359375
0 0.18125 0.61640625 0.06640625 0.1
0 0.35078125 0.61875 0.06953125 0.109375
0 0.46171875 0.63828125 0.0625 0.09609375
0 0.565625 0.628125 0.0609375 0.08203125
0 0.678125 0.625 0.06328125 0.0859375
0 0.021875 0.57578125 0.0421875 0.08046875
0 0.03984375 0.5234375 0.0578125 0.07265625
0 0.0921875 0.49375 0.04375 0.05859375
0 0.121875 0.49921875 0.034375 0.053125
0 0.115625 0.45625 0.0453125 0.053125
0 0.17109375 0.4375 0.0421875 0.05703125
0 0.190625 0.43828125 0.028125 0.053125
0 0.2015625 0.42890625 0.021875 0.0484375
0 0.2359375 0.4171875 0.0234375 0.04296875
0 0.253125 0.4265625 0.02265625 0.03515625
0 0.25625 0.36015625 0.02421875 0.0453125
0 0.48125 0.3109375 0.0234375 0.0390625
0 0.8109375 0.6546875 0.0609375 0.10546875
0 0.87421875 0.6171875 0.05546875 0.078125
0 0.9125 0.634375 0.065625 0.09609375
0 0.96796875 0.5890625 0.05078125 0.0765625
0 0.9265625 0.5453125 0.05546875 0.07578125
0 0.87734375 0.5296875 0.04609375 0.0640625
0 0.8453125 0.5140625 0.053125 0.06796875
0 0.79375 0.50703125 0.0359375 0.04296875
0 0.77109375 0.4703125 0.03828125 0.05078125
0 0.74140625 0.45546875 0.0296875 0.04140625
0 0.7015625 0.44375 0.021875 0.0375
0 0.721875 0.43046875 0.0234375 0.0375