0 0.7776331018518519 0.4898726851851851 0.06552083333333325 0.10318287037037024
0 0.6615682870370371 0.46875 0.060671296296296265 0.09189814814814809
0 0.6912731481481481 0.4149305555555555 0.04640046296296294 0.07679398148148149
0 0.5728298611111111 0.49722222222222223 0.07181712962962976 0.1067708333333334
0 0.5524768518518519 0.44320023148148147 0.057523148148148094 0.09010416666666661
0 0.5740509259259259 0.42126736111111107 0.04309027777777778 0.0640625
0 0.4998206018518518 0.4259837962962963 0.04817129629629626 0.09097222222222232
0 0.4611516203703704 0.45543981481481477 0.07195601851851859 0.11614583333333339
0 0.4445196759259259 0.38862847222222224 0.03677083333333329 0.05891203703703703
0 0.37344907407407407 0.39545717592592594 0.040011574074074116 0.06695601851851851
0 0.3517476851851852 0.514380787037037 0.08459490740740741 0.12644675925925916
0 0.30710069444444443 0.40428240740740745 0.06053240740740744 0.0825231481481481
0 0.2077025462962963 0.4523148148148148 0.11497685185185187 0.1755208333333334
0 0.10447916666666668 0.4005208333333333 0.059293981481481496 0.10428240740740743
0 0.03425925925925925 0.4119791666666666 0.05162037037037037 0.11307870370370376
0 0.03469328703703704 0.5996527777777778 0.05503472222222222 0.23819444444444446
0 0.07534143518518518 0.387037037037037 0.053043981481481484 0.10381944444444446