0 0.01640625 0.41796875 0.03046875 0.05390625
0 0.04921875 0.50390625 0.0609375 0.1203125
0 0.084375 0.44375 0.04375 0.08359375
0 0.11640625 0.4109375 0.0265625 0.046875
0 0.19765625 0.4078125 0.0203125 0.040625
0 0.2328125 0.46953125 0.0390625 0.0703125
0 0.21953125 0.43828125 0.03671875 0.0578125
0 0.2828125 0.42578125 0.02109375 0.03828125
0 0.309375 0.3953125 0.02265625 0.034375
0 0.2828125 0.35859375 0.0203125 0.03125
0 0.20625 0.5671875 0.08203125 0.153125
0 0.35234375 0.471875 0.06015625 0.0984375
0 0.37109375 0.4390625 0.02890625 0.05625
0 0.46015625 0.47890625 0.04765625 0.07890625
0 0.46953125 0.4328125 0.03671875 0.06171875
0 0.4453125 0.43359375 0.02734375 0.04609375
0 0.53984375 0.5265625 0.05859375 0.0984375
0 0.52578125 0.43203125 0.02578125 0.05
0 0.5671875 0.43984375 0.0359375 0.065625
0 0.609375 0.47109375 0.03671875 0.0625
0 0.5859375 0.44140625 0.0234375 0.04296875
0 0.64453125 0.440625 0.0265625 0.05078125
0 0.66015625 0.5296875 0.0546875 0.0828125
0 0.6984375 0.4734375 0.03046875 0.05390625
0 0.73203125 0.44609375 0.03125 0.05
0 0.7 0.45 0.03203125 0.046875
0 0.8265625 0.5015625 0.0453125 0.09453125
0 0.915625 0.4890625 0.03671875 0.0796875
0 0.8890625 0.46171875 0.0296875 0.06171875
0 0.9875 0.46015625 0.0234375 0.06953125