0 0.8052951388888889 0.67734375 0.0515625 0.05972222222222214
0 0.07586805555555556 0.31383680555555554 0.03090277777777777 0.0839236111111111
0 0.10243055555555555 0.3024131944444445 0.09149305555555554 0.1015625
0 0.17135416666666664 0.3506597222222222 0.07534722222222223 0.0771527777777778
0 0.21336805555555555 0.3260590277777778 0.0779513888888889 0.08197916666666663
0 0.2540798611111111 0.30593750000000003 0.08263888888888893 0.08239583333333336
0 0.1506944444444444 0.24390625 0.08628472222222223 0.10569444444444445
0 0.19288194444444445 0.24765625 0.11336805555555558 0.11729166666666666
0 0.2209201388888889 0.21185763888888887 0.1333333333333333 0.14510416666666667
0 0.3012152777777778 0.2664756944444444 0.10208333333333339 0.11475694444444447
0 0.2752604166666667 0.35989583333333336 0.08697916666666669 0.09503472222222227
0 0.3797743055555555 0.2650347222222222 0.12361111111111107 0.14270833333333338
0 0.43420138888888893 0.3548784722222222 0.08923611111111111 0.09829861111111118
0 0.5105034722222221 0.37774305555555554 0.07152777777777786 0.08753472222222225
0 0.440625 0.21147569444444442 0.125 0.13517361111111112
0 0.5085069444444444 0.2343576388888889 0.10434027777777785 0.11802083333333331
0 0.5284722222222222 0.3173090277777778 0.084375 0.09020833333333336
0 0.6223090277777777 0.3432638888888889 0.06788194444444447 0.07802083333333334
0 0.6797743055555555 0.2503472222222222 0.10729166666666679 0.11062500000000001
0 0.7269965277777779 0.30432291666666667 0.11371527777777786 0.11885416666666666
0 0.7705729166666667 0.34878472222222223 0.06336805555555554 0.0714930555555556
0 0.8075520833333332 0.37734375 0.08402777777777777 0.08864583333333335
0 0.6917534722222223 0.12505208333333334 0.16788194444444446 0.14204861111111108
0 0.79453125 0.11887152777777779 0.1703125 0.11163194444444446
0 0.5097222222222222 0.10197916666666666 0.17569444444444446 0.12895833333333334
0 0.3802083333333333 0.098125 0.16024305555555554 0.12145833333333333
0 0.8755208333333332 0.23175347222222223 0.13350694444444428 0.13899305555555558
0 0.911892361111111 0.44711805555555556 0.06996527777777786 0.07361111111111107