0 0.24777199074074074 0.5931712962962964 0.036805555555555536 0.048958333333333215
0 0.1947627314814815 0.7271701388888889 0.03165509259259256 0.03778935185185191
0 0.26472800925925927 0.8594907407407408 0.026388888888888927 0.03431712962962976
0 0.3633969907407407 0.851388888888889 0.03194444444444446 0.0393518518518519
0 0.40109953703703705 0.830295138888889 0.028530092592592694 0.03755787037037024
0 0.43952546296296297 0.8131076388888889 0.03252314814814809 0.042476851851851904
0 0.496730324074074 0.7641782407407407 0.02893518518518512 0.03142361111111107
0 0.29036458333333337 0.7357928240740741 0.02482638888888884 0.03420138888888893
0 0.3216435185185185 0.7465856481481481 0.021817129629629582 0.026273148148148094
0 0.34068287037037037 0.728732638888889 0.023958333333333304 0.02951388888888893
0 0.576851851851852 0.5227719907407408 0.04166666666666678 0.05856481481481488
0 0.9587528935185186 0.8926649305555555 0.08249421296296297 0.21467013888888892
0 0.7164641203703704 0.5069155092592592 0.03778935185185191 0.045949074074074045
0 0.6941840277777778 0.5946469907407408 0.02054398148148149 0.02771990740740744