0 0.2746238425925926 0.6679398148148149 0.19039351851851852 0.2023726851851851
0 0.29476273148148147 0.4233796296296296 0.0868981481481482 0.09768518518518517
0 0.3814409722222222 0.3831597222222222 0.0822106481481482 0.09699074074074066
0 0.34838541666666667 0.332494212962963 0.0537962962962963 0.054918981481481485
0 0.3844618055555556 0.28125 0.060810185185185175 0.07413194444444446
0 0.4131886574074074 0.29551504629629627 0.08162037037037032 0.10144675925925925
0 0.46604166666666663 0.3368055555555555 0.09612268518518512 0.12025462962962959
0 0.513454861111111 0.27421875 0.09040509259259259 0.1072916666666666
0 0.46379629629629626 0.26385995370370374 0.06809027777777779 0.08732638888888893
0 0.41184027777777776 0.2385416666666667 0.07186342592592591 0.09091435185185189
0 0.4778645833333333 0.21909722222222222 0.05892361111111111 0.07233796296296298
0 0.5282465277777778 0.22129629629629627 0.06873842592592591 0.09045138888888893
0 0.5631712962962963 0.183912037037037 0.06587962962962965 0.08396990740740744
0 0.6084085648148149 0.297193287037037 0.10081018518518511 0.12094907407407404
0 0.6207986111111111 0.23657407407407405 0.07127314814814803 0.0953703703703704
0 0.6316087962962962 0.1955150462962963 0.06750000000000007 0.09178240740740744
0 0.6472800925925926 0.1778935185185185 0.06178240740740755 0.07881944444444447
0 0.631707175925926 0.1222222222222222 0.07719907407407404 0.09473379629629633
0 0.7546412037037037 0.22962962962962963 0.1027546296296297 0.13032407407407404
0 0.7633449074074073 0.17841435185185184 0.07348379629629634 0.09872685185185186
0 0.742037037037037 0.1300347222222222 0.06334490740740754 0.07905092592592591