0 0.89140625 0.484375 0.03984375 0.08671875
0 0.79296875 0.56640625 0.02578125 0.04609375
0 0.7484375 0.56484375 0.02734375 0.04296875
0 0.69765625 0.55703125 0.021875 0.03984375
0 0.67265625 0.55859375 0.021875 0.04296875
0 0.5703125 0.54296875 0.0234375 0.03671875
0 0.53359375 0.53671875 0.021875 0.03671875
0 0.51484375 0.58203125 0.03203125 0.05234375
0 0.4859375 0.53125 0.01796875 0.03125
0 0.4765625 0.5078125 0.01796875 0.03359375
0 0.4640625 0.54140625 0.021875 0.03984375
0 0.42734375 0.57734375 0.02734375 0.03671875
0 0.42265625 0.54921875 0.02578125 0.03671875
0 0.434375 0.5171875 0.01796875 0.028125
0 0.40703125 0.5234375 0.021875 0.03359375
0 0.396875 0.490625 0.0140625 0.025
0 0.37265625 0.58671875 0.03203125 0.06171875
0 0.3421875 0.56328125 0.0234375 0.04609375
0 0.3328125 0.59140625 0.03203125 0.04609375
0 0.2953125 0.55234375 0.02734375 0.04921875
0 0.3125 0.5 0.01953125 0.03125
0 0.27265625 0.5234375 0.021875 0.03359375
0 0.265625 0.503125 0.015625 0.03125
0 0.26171875 0.609375 0.0515625 0.07109375
0 0.23671875 0.56796875 0.02578125 0.04296875
0 0.2234375 0.54609375 0.0234375 0.03671875
0 0.2234375 0.5125 0.01953125 0.03671875
0 0.196875 0.515625 0.02578125 0.03671875
0 0.17734375 0.515625 0.01796875 0.03125
0 0.18125 0.5 0.01796875 0.03125
0 0.1546875 0.5015625 0.01953125 0.028125
0 0.13359375 0.496875 0.01796875 0.03671875
0 0.125 0.56015625 0.03984375 0.06484375
0 0.134375 0.55546875 0.0234375 0.05546875
0 0.0234375 0.66640625 0.046875 0.0984375
0 0.06171875 0.55859375 0.03203125 0.05546875
0 0.06953125 0.53203125 0.01953125 0.03984375
0 0.07890625 0.5203125 0.01953125 0.03359375
0 0.0859375 0.4984375 0.01796875 0.03359375
0 0.0515625 0.4953125 0.0234375 0.03359375
0 0.01015625 0.53125 0.01953125 0.04921875
0 0.02890625 0.53359375 0.01796875 0.03671875
0 0.02734375 0.4953125 0.01953125 0.03359375