0 0.17019675925925926 0.6302604166666667 0.0926388888888889 0.21887731481481473
0 0.1329050925925926 0.750474537037037 0.07680555555555556 0.18760416666666657
0 0.20833333333333334 0.8369270833333333 0.08093750000000002 0.18409722222222236
0 0.1516435185185185 0.9407436342592593 0.05038194444444444 0.11851273148148138
0 0.3307465277777778 0.9767476851851852 0.04741898148148147 0.04650462962962969
0 0.4683796296296296 0.9880034722222224 0.05965277777777782 0.02399305555555529
0 0.19697337962962963 0.4149305555555555 0.10479166666666666 0.24467592592592596
0 0.31107060185185187 0.5846412037037038 0.09962962962962969 0.226701388888889
0 0.5677025462962962 0.7675115740740741 0.14135416666666673 0.3357407407407408
0 0.7550347222222222 0.7813425925925926 0.0805092592592592 0.21885416666666657
0 0.7588078703703703 0.8899189814814814 0.07347222222222224 0.15947916666666656
0 0.7476446759259259 0.9548755787037038 0.06695601851851851 0.09024884259259239
0 0.8472685185185185 0.9359317129629631 0.06751157407407433 0.12813657407407392
0 0.8309953703703703 0.984832175925926 0.06483796296296304 0.030335648148147952
0 0.9509606481481481 0.9601475694444446 0.06483796296296304 0.07970486111111086
0 0.9742361111111112 0.9457262731481482 0.051527777777777575 0.10854745370370367
0 0.8953819444444445 0.8144155092592593 0.07211805555555557 0.18642361111111114
0 0.8490914351851853 0.48139467592592594 0.1396064814814814 0.3337847222222223
0 0.8919097222222222 0.3246759259259259 0.14319444444444435 0.2361574074074074
0 0.9741030092592592 0.6332175925925926 0.05179398148148166 0.2810069444444444