0 0.862181712962963 0.4913657407407407 0.08062499999999986 0.09800925925925927
0 0.8749652777777778 0.4438888888888889 0.068888888888889 0.08648148148148156
0 0.9099421296296295 0.3312615740740741 0.05206018518518505 0.06642361111111113
0 0.8061863425925926 0.4446238425925927 0.05675925925925931 0.07339120370370367
0 0.7948726851851852 0.5453298611111111 0.09355324074074076 0.12011574074074076
0 0.7518055555555556 0.4800694444444444 0.06655092592592596 0.08888888888888893
0 0.7081076388888888 0.4402835648148148 0.055196759259259306 0.07303240740740727
0 0.6797916666666667 0.43130208333333336 0.048553240740740654 0.07003472222222218
0 0.6338946759259259 0.5315046296296296 0.09042824074074077 0.11939814814814813
0 0.5890509259259259 0.5881481481481481 0.09982638888888892 0.13333333333333322
0 0.6101678240740741 0.4682060185185185 0.0465856481481481 0.06222222222222218
0 0.5951967592592593 0.42592592592592593 0.04618055555555554 0.05476851851851845
0 0.519369212962963 0.43495949074074075 0.05206018518518505 0.06642361111111121
0 0.5229976851851852 0.4828993055555556 0.05988425925925931 0.0741087962962963
0 0.47369212962962964 0.5211631944444445 0.07516203703703717 0.09969907407407419
0 0.4388136574074074 0.5776157407407407 0.08494212962962973 0.1093055555555555
0 0.4140219907407407 0.4529166666666667 0.04267361111111114 0.058379629629629545
0 0.38524884259259257 0.48184606481481485 0.055208333333333394 0.07892361111111121
0 0.36276041666666664 0.4923842592592592 0.057939814814814826 0.07807870370370366
0 0.3188946759259259 0.5484259259259259 0.07399305555555555 0.10090277777777779
0 0.3243344907407407 0.45463541666666674 0.04423611111111114 0.05873842592592595
0 0.32732060185185186 0.42309027777777786 0.04267361111111114 0.058379629629629594
0 0.2860011574074074 0.4755844907407408 0.057939814814814826 0.07807870370370366
0 0.2321527777777778 0.43016203703703704 0.045798611111111144 0.059097222222222176
0 0.20436921296296298 0.45188078703703705 0.0508912037037037 0.0676273148148148
0 0.18714120370370368 0.47106481481481477 0.055196759259259306 0.07303240740740743
0 0.19796874999999997 0.5363599537037038 0.07280092592592595 0.0903240740740742
0 0.16201388888888887 0.4264525462962963 0.05049768518518518 0.06606481481481481
0 0.10670138888888887 0.43606481481481485 0.05283564814814814 0.06365740740740744
0 0.08729745370370369 0.47045138888888893 0.05715277777777776 0.07495370370370366
0 0.05010995370370369 0.506539351851852 0.06498842592592594 0.08853009259259252