0 0.45703125 0.33828125 0.034375 0.053125
0 0.8796875 0.39296875 0.071875 0.0984375
0 0.95625 0.66015625 0.084375 0.146875
0 0.69765625 0.69765625 0.08828125 0.14140625
0 0.6328125 0.88671875 0.16171875 0.2
0 0.68828125 0.57578125 0.07578125 0.1015625
0 0.71484375 0.525 0.05 0.05859375
0 0.73984375 0.47890625 0.03984375 0.06171875
0 0.81875 0.47578125 0.0421875 0.06640625
0 0.8109375 0.4203125 0.04609375 0.05078125
0 0.48828125 0.47734375 0.04375 0.0640625
0 0.44609375 0.5015625 0.0359375 0.04765625
0 0.42109375 0.475 0.034375 0.04765625
0 0.36015625 0.53984375 0.05625 0.07734375
0 0.353125 0.4890625 0.04609375 0.05625
0 0.2640625 0.60703125 0.071875 0.09296875
0 0.2609375 0.515625 0.05 0.07734375
0 0.1890625 0.4828125 0.04609375 0.04765625
0 0.16796875 0.67890625 0.09609375 0.13046875
0 0.1390625 0.56796875 0.07421875 0.090625
0 0.125 0.4625 0.04609375 0.05078125
0 0.1046875 0.4890625 0.0421875 0.05625
0 0.021875 0.49765625 0.03203125 0.05625