0 0.06462962962962962 0.43517361111111114 0.04107638888888889 0.07026620370370366
0 0.19882523148148148 0.4285358796296296 0.055173611111111145 0.07818287037037042
0 0.25536458333333334 0.37655671296296295 0.037835648148148146 0.05392361111111103
0 0.36060185185185184 0.38358796296296294 0.04262731481481481 0.06906249999999989
0 0.36322916666666666 0.34476851851851853 0.03312499999999998 0.04972222222222218
0 0.4499594907407408 0.32329282407407406 0.031631944444444574 0.05873842592592595
0 0.4441493055555556 0.3706423611111111 0.04581018518518505 0.07759259259259252
0 0.4799247685185185 0.38426504629629626 0.06637731481481488 0.11663194444444444
0 0.5343634259259259 0.3000115740740741 0.02846064814814824 0.05177083333333332
0 0.5866608796296295 0.29424189814814816 0.03471064814814824 0.05320601851851849
0 0.5855729166666667 0.3358275462962963 0.041018518518518475 0.062453703703703664
0 0.6422627314814815 0.36882523148148144 0.06312500000000014 0.0987268518518519
0 0.6778414351851852 0.3037210648148148 0.03472222222222214 0.054768518518518494
0 0.6624131944444445 0.28074652777777775 0.026851851851851904 0.04516203703703701
0 0.6437615740740741 0.27177083333333335 0.02375000000000007 0.04756944444444446
0 0.7039988425925926 0.2470196759259259 0.02526620370370374 0.04167824074074078
0 0.7405381944444445 0.26280671296296293 0.02998842592592581 0.04744212962962964
0 0.7761631944444445 0.2967418981481481 0.048981481481481556 0.08456018518518515
0 0.8078067129629629 0.2364409722222222 0.02214120370370374 0.04096064814814815
0 0.8350057870370371 0.24969328703703703 0.03472222222222214 0.054768518518518494
0 0.8918460648148148 0.2623784722222222 0.045798611111111144 0.07603009259259252
0 0.9030555555555555 0.22314814814814815 0.02844907407407433 0.05020833333333332
0 0.8281597222222222 0.43688657407407405 0.12502314814814816 0.2424074074074074