0 0.9893315972222222 0.5426851851851853 0.02133680555555557 0.04799768518518519
0 0.9798003472222222 0.5645717592592593 0.04039930555555564 0.04615740740740755
0 0.9585069444444445 0.5653645833333334 0.045486111111111074 0.04119212962962955
0 0.9447222222222222 0.5867881944444445 0.055972222222222 0.052592592592592524
0 0.9290277777777778 0.5647337962962963 0.04392361111111107 0.04109953703703706
0 0.9221180555555556 0.5429513888888889 0.04472222222222229 0.03806712962962955
0 0.8914409722222223 0.5114814814814814 0.04743055555555564 0.04284722222222222
0 0.8745312500000001 0.568755787037037 0.05364583333333357 0.04937500000000004
0 0.8861458333333333 0.551423611111111 0.038090277777777716 0.03613425925925924
0 0.8565277777777778 0.5404976851851853 0.045486111111111074 0.04119212962962955
0 0.8338715277777778 0.5418402777777779 0.045486111111111074 0.04119212962962955
0 0.7973090277777778 0.5511400462962962 0.055208333333333394 0.04946759259259252
0 0.7994097222222222 0.524068287037037 0.04468750000000003 0.04422453703703706
0 0.8240277777777777 0.5210243055555555 0.03888888888888857 0.0331018518518519
0 0.7696354166666667 0.5060185185185185 0.04354166666666668 0.03953703703703706
0 0.7643923611111111 0.5364467592592593 0.04704861111111107 0.041284722222222216
0 0.7202777777777778 0.5343055555555555 0.04975694444444443 0.04606481481481488
0 0.7377777777777779 0.511869212962963 0.03965277777777772 0.036226851851851906
0 0.7187152777777778 0.49873263888888886 0.03690972222222229 0.03760416666666657
0 0.6963715277777778 0.4786574074074075 0.039270833333333324 0.034664351851851904
0 0.6953993055555555 0.5135879629629629 0.05444444444444443 0.046342592592592526
0 0.6557465277777779 0.516730324074074 0.056770833333333215 0.04956018518518519
0 0.6709548611111111 0.4849189814814815 0.046666666666666676 0.039722222222222214
0 0.6448611111111111 0.4721990740740741 0.047812500000000036 0.04440972222222221
0 0.6288715277777778 0.504056712962963 0.04354166666666668 0.03953703703703706
0 0.5986284722222222 0.500300925925926 0.04663194444444443 0.04587962962962955
0 0.5991840277777778 0.47015046296296303 0.046666666666666676 0.039722222222222214
0 0.6237673611111111 0.4734490740740741 0.03420138888888893 0.03282407407407408
0 0.5668923611111112 0.4839525462962963 0.05715277777777779 0.05112268518518519
0 0.5564756944444443 0.46079282407407407 0.040034722222222284 0.03778935185185191
0 0.532986111111111 0.4716956018518518 0.04663194444444443 0.04587962962962955
0 0.5305902777777778 0.4456828703703703 0.04083333333333332 0.03475694444444457
0 0.50453125 0.46228587962962964 0.05131944444444443 0.04615740740740737
0 0.4844965277777778 0.4840798611111111 0.050138888888889 0.04762731481481488
0 0.46690972222222216 0.4510416666666666 0.045486111111111074 0.04119212962962955
0 0.4285069444444445 0.43984375 0.039270833333333324 0.034664351851851904
0 0.4274131944444445 0.4613078703703704 0.04392361111111107 0.04109953703703706
0 0.3960416666666667 0.44969328703703704 0.041180555555555554 0.042476851851851904
0 0.4414409722222222 0.43115162037037036 0.038090277777777716 0.03613425925925924
0 0.3521354166666667 0.4451620370370371 0.05559027777777779 0.05103009259259252
0 0.3312326388888889 0.44719328703703703 0.04079861111111107 0.0409143518518519
0 0.3323784722222222 0.4162152777777778 0.04354166666666668 0.03953703703703706
0 0.30786458333333333 0.43589699074074073 0.0458333333333333 0.04891203703703706
0 0.2832986111111111 0.4294270833333333 0.06065972222222227 0.052870370370370345
0 0.25875 0.41978587962962965 0.04468749999999995 0.04422453703703706
0 0.24163194444444444 0.40811921296296294 0.05326388888888882 0.047812500000000036
0 0.20336805555555557 0.40721643518518513 0.050138888888888844 0.04762731481481488
0 0.17140624999999998 0.39642939814814815 0.04975694444444443 0.04606481481481488
0 0.1418576388888889 0.4084837962962963 0.05871527777777778 0.05121527777777786
0 0.4889236111111111 0.567037037037037 0.05753472222222218 0.05268518518518519
0 0.40934027777777776 0.5527314814814815 0.060243055555555536 0.05746527777777786
0 0.3311631944444445 0.5312094907407408 0.06298611111111115 0.05608796296296283
0 0.23378472222222224 0.5219212962962964 0.07621527777777777 0.06611111111111115