0 0.8413252314814814 0.9424074074074074 0.14982638888888894 0.1151851851851852
0 0.8857465277777777 0.8610011574074073 0.13010416666666663 0.21364583333333337
0 0.8606944444444444 0.7964004629629631 0.10089120370370352 0.16304398148148155
0 0.793605324074074 0.7186747685185185 0.07414351851851855 0.12224537037037031
0 0.7789178240740741 0.6713483796296297 0.0606481481481481 0.09268518518518505
0 0.7303645833333333 0.6259664351851851 0.05133101851851851 0.0749189814814816
0 0.7103993055555555 0.6084664351851853 0.03964120370370381 0.06410879629629633
0 0.6999131944444444 0.60078125 0.027500000000000035 0.04861111111111107
0 0.692042824074074 0.5825868055555555 0.029363425925926022 0.052164351851851795
0 0.6802199074074073 0.5721296296296297 0.024074074074074046 0.044629629629629616
0 0.23616319444444445 0.6035821759259259 0.13001157407407407 0.1968865740740741
0 0.33010995370370366 0.4024016203703703 0.045231481481481414 0.07476851851851851
0 0.41672453703703705 0.6354282407407407 0.08078703703703702 0.14384259259259266
0 0.507662037037037 0.5737500000000001 0.06341435185185187 0.10561342592592596
0 0.5408217592592592 0.5708101851851851 0.0459837962962963 0.08258101851851851
0 0.5622800925925926 0.5478240740740741 0.03576388888888893 0.05543981481481488
0 0.5801909722222222 0.5366956018518518 0.02765046296296312 0.05017361111111107
0 0.5670023148148149 0.5154398148148148 0.023622685185185333 0.03994212962962962