0 0.084375 0.4796875 0.10390625 0.20703125
0 0.21796875 0.31171875 0.065625 0.146875
0 0.2578125 0.23125 0.0546875 0.115625
0 0.29296875 0.1828125 0.04140625 0.09140625
0 0.31796875 0.14375 0.03359375 0.075
0 0.33046875 0.09609375 0.0296875 0.0625
0 0.4203125 0.48828125 0.1015625 0.2046875
0 0.42109375 0.31796875 0.06640625 0.125
0 0.4203125 0.20859375 0.04921875 0.084375
0 0.403125 0.16875 0.0359375 0.0671875
0 0.42578125 0.14453125 0.0359375 0.0578125
0 0.440625 0.11953125 0.025 0.05546875
0 0.41796875 0.08515625 0.03046875 0.05546875
0 0.56171875 0.1046875 0.025 0.05546875
0 0.58671875 0.1328125 0.0296875 0.0625
0 0.61015625 0.159375 0.03046875 0.0625
0 0.65625 0.19609375 0.0453125 0.0796875
0 0.659375 0.11953125 0.025 0.06015625
0 0.6296875 0.09609375 0.02421875 0.0578125
0 0.70234375 0.17265625 0.03984375 0.06953125
0 0.70625 0.23984375 0.0359375 0.10390625
0 0.79296875 0.34921875 0.06171875 0.13984375
0 0.7609375 0.20703125 0.03828125 0.09609375
0 0.8390625 0.24921875 0.05234375 0.10859375
0 0.81953125 0.12734375 0.03359375 0.0671875
0 0.86640625 0.17578125 0.034375 0.07265625
0 0.88515625 0.146875 0.0265625 0.0625
0 0.94921875 0.18828125 0.034375 0.07734375
0 0.9484375 0.34609375 0.0625 0.12734375
0 0.9625 0.17109375 0.0265625 0.07265625