0 0.06953125 0.8625 0.125 0.221875
0 0.10546875 0.6078125 0.0546875 0.1
0 0.1671875 0.5625 0.0484375 0.06640625
0 0.22421875 0.5953125 0.06484375 0.0890625
0 0.29609375 0.61796875 0.0546875 0.0890625
0 0.30234375 0.546875 0.03828125 0.0578125
0 0.334375 0.52890625 0.03203125 0.04921875
0 0.35 0.48359375 0.0265625 0.0375
0 0.36484375 0.54921875 0.0296875 0.03984375
0 0.3828125 0.55 0.03515625 0.06015625
0 0.40859375 0.5796875 0.05 0.07578125
0 0.40078125 0.6953125 0.0984375 0.1640625
0 0.47109375 0.6359375 0.05859375 0.09765625
0 0.47265625 0.56015625 0.0453125 0.0578125
0 0.515625 0.596875 0.0546875 0.08203125
0 0.55234375 0.55703125 0.03203125 0.06015625
0 0.625 0.60234375 0.06640625 0.10703125
0 0.5765625 0.70078125 0.1 0.14453125
0 0.4375 0.5640625 0.03203125 0.04453125
0 0.9171875 0.55078125 0.03828125 0.0578125
0 0.94765625 0.571875 0.0484375 0.0640625
0 0.9828125 0.5453125 0.03203125 0.06015625