0 0.25008680555555557 0.5971354166666666 0.04790509259259261 0.04947916666666678
0 0.28681712962962963 0.5826388888888889 0.05715277777777779 0.056597222222222146
0 0.3105671296296296 0.623263888888889 0.04093749999999998 0.04565972222222214
0 0.3530729166666667 0.6025173611111111 0.045624999999999985 0.04618055555555571
0 0.41918402777777786 0.5903645833333334 0.058229166666666686 0.06128472222222214
0 0.4501273148148148 0.5925347222222223 0.03829861111111103 0.04079861111111107
0 0.4951678240740741 0.5618923611111111 0.060509259259259277 0.06458333333333321
0 0.5091956018518519 0.591579861111111 0.043472222222222176 0.036805555555555716
0 0.518605324074074 0.6674479166666667 0.030127314814814808 0.03836805555555554
0 0.20703125 0.6259548611111111 0.04021990740740744 0.04253472222222214
0 0.2259201388888889 0.60703125 0.03709490740740744 0.0421875
0 0.5686863425925927 0.5889756944444444 0.03601851851851841 0.0375
0 0.5729108796296296 0.572482638888889 0.038298611111111214 0.04079861111111107
0 0.6077083333333333 0.5670138888888889 0.03745370370370367 0.04375
0 0.6490509259259258 0.565625 0.04875000000000007 0.046527777777777855
0 0.7119097222222223 0.5602430555555555 0.039143518518518404 0.03784722222222214
0 0.6250347222222222 0.44010416666666663 0.137361111111111 0.1340277777777778
0 0.7645543981481482 0.4999131944444445 0.11827546296296294 0.11059027777777786
0 0.7830208333333333 0.37447916666666664 0.23832175925925939 0.24878472222222223
0 0.8189467592592592 0.4890625 0.06506944444444462 0.07118055555555554
0 0.875457175925926 0.5188368055555556 0.050543981481481384 0.054340277777777855
0 0.914826388888889 0.5088541666666667 0.044062500000000074 0.04600694444444446
0 0.9687962962962964 0.5020833333333333 0.062407407407407335 0.096875
0 0.8995486111111111 0.4144097222222222 0.09184027777777785 0.1015625
0 0.9332118055555556 0.45633680555555556 0.10241898148148146 0.10121527777777786