0 0.7162905092592593 0.7461111111111111 0.12436342592592595 0.12687500000000007
0 0.6263599537037037 0.8644618055555554 0.08800925925925931 0.093472222222222
0 0.6464988425925926 0.9168923611111112 0.09150462962962962 0.095590277777778
0 0.5655092592592593 0.9391319444444445 0.0702430555555555 0.07534722222222215
0 0.5371006944444445 0.9112847222222221 0.0806481481481482 0.08767361111111142
0 0.5188483796296296 0.8852430555555555 0.08064814814814802 0.08767361111111108
0 0.5800810185185186 0.8570486111111112 0.0841435185185185 0.08979166666666671
0 0.5189409722222222 0.8298958333333333 0.08146990740740741 0.08482638888888908
0 0.5955497685185185 0.7059201388888889 0.10153935185185184 0.10635416666666657
0 0.4650520833333333 0.8374131944444445 0.08027777777777771 0.08611111111111107
0 0.4047280092592593 0.8446006944444445 0.07217592592592599 0.07718750000000014
0 0.4121412037037038 0.7824131944444445 0.06711805555555554 0.07479166666666667
0 0.46128472222222233 0.7536979166666666 0.09187499999999993 0.09715277777777764
0 0.5319270833333334 0.6514583333333334 0.11157407407407405 0.1171180555555555
0 0.41593750000000007 0.7114409722222221 0.08451388888888896 0.09135416666666671
0 0.39111111111111113 0.7680902777777778 0.0651851851851852 0.07295138888888886
0 0.3818113425925926 0.803888888888889 0.0741087962962963 0.07902777777777778
0 0.34123263888888894 0.7689930555555555 0.0660069444444444 0.0701041666666665
0 0.30943287037037037 0.7348437499999999 0.0690509259259259 0.0766319444444445
0 0.35357060185185185 0.6482465277777778 0.09298611111111103 0.10184027777777782
0 0.4458333333333334 0.5921875 0.09150462962962962 0.09559027777777782
0 0.3714988425925926 0.538263888888889 0.09685185185185183 0.10552083333333329
0 0.2960474537037037 0.6298784722222223 0.08837962962962961 0.09503472222222235
0 0.2510300925925926 0.6927083333333334 0.07217592592592599 0.07718750000000014
0 0.26839699074074075 0.725920138888889 0.0660069444444444 0.07010416666666668
0 0.20979166666666668 0.6674652777777779 0.08064814814814811 0.08767361111111108
0 0.25991319444444444 0.5762326388888889 0.0841435185185185 0.08979166666666671
0 0.19239004629629627 0.6000520833333333 0.0799074074074074 0.08454861111111107
0 0.15655671296296297 0.5863541666666666 0.074849537037037 0.08215277777777778
0 0.12776620370370373 0.6219444444444445 0.05366898148148147 0.05593749999999993
0 0.10429398148148147 0.5835763888888889 0.07842592592592591 0.07829861111111107
0 0.13491319444444444 0.5540104166666667 0.08533564814814816 0.08850694444444436
0 0.09967592592592593 0.541232638888889 0.0741087962962963 0.07902777777777778
0 0.051232638888888904 0.5635590277777778 0.07447916666666668 0.08059027777777779
0 0.04046875000000001 0.5127951388888888 0.08027777777777775 0.08611111111111107
0 0.014293981481481487 0.5316666666666666 0.028587962962962975 0.09135416666666671
0 0.013315972222222227 0.4378819444444444 0.026631944444444455 0.09559027777777769
0 0.0800173611111111 0.3390798611111111 0.10770833333333334 0.11343750000000004
0 0.13035300925925924 0.4221180555555556 0.10265046296296294 0.11104166666666657
0 0.22545717592592593 0.45368055555555553 0.08562500000000002 0.09604166666666672
0 0.28587962962962965 0.4701215277777777 0.08377314814814811 0.08822916666666672