0 0.11484375 0.31953125 0.0140625 0.03046875
0 0.36796875 0.3796875 0.0171875 0.028125
0 0.4203125 0.384375 0.021875 0.0375
0 0.47734375 0.38125 0.0203125 0.03515625
0 0.525 0.3703125 0.01875 0.0328125
0 0.58828125 0.38828125 0.0203125 0.03046875
0 0.65625 0.484375 0.075 0.1109375
0 0.64140625 0.4171875 0.0359375 0.0515625
0 0.71640625 0.6453125 0.1078125 0.18125
0 0.8171875 0.86796875 0.175 0.259375
0 0.8265625 0.53671875 0.05625 0.096875
0 0.78203125 0.50625 0.0421875 0.0734375
0 0.7640625 0.4515625 0.040625 0.05859375
0 0.8171875 0.4421875 0.03125 0.05390625
0 0.8609375 0.465625 0.034375 0.0640625
0 0.91484375 0.61875 0.0921875 0.153125
0 0.89765625 0.53671875 0.0734375 0.096875
0 0.915625 0.49375 0.053125 0.0875
0 0.446875 0.4484375 0.03125 0.0328125
0 0.42265625 0.44140625 0.0265625 0.046875
0 0.4046875 0.46796875 0.03125 0.05390625
0 0.37890625 0.4328125 0.0234375 0.05390625
0 0.3734375 0.48671875 0.03125 0.05859375
0 0.35234375 0.5 0.0421875 0.0609375
0 0.30859375 0.51796875 0.0421875 0.0734375
0 0.23828125 0.5046875 0.0453125 0.08515625
0 0.265625 0.47421875 0.03125 0.0609375
0 0.1796875 0.56015625 0.053125 0.096875
0 0.12109375 0.5953125 0.0859375 0.1578125
0 0.1578125 0.47421875 0.034375 0.0515625
0 0.1875 0.45546875 0.03125 0.06640625
0 0.1484375 0.4421875 0.034375 0.04453125