0 0.8025868055555556 0.540162037037037 0.08598379629629634 0.09560185185185191
0 0.8503125 0.5127604166666667 0.05417824074074105 0.0609375
0 0.8819155092592592 0.509548611111111 0.05353009259259238 0.0578125
0 0.8255555555555556 0.56328125 0.048784722222222146 0.04976851851851851
0 0.80234375 0.5948784722222222 0.039999999999999855 0.04450231481481488
0 0.7744675925925926 0.5801215277777778 0.048784722222222146 0.04976851851851851
0 0.7545601851851852 0.5231192129629629 0.06835648148148152 0.07737268518518511
0 0.716255787037037 0.45920138888888895 0.10204861111111115 0.11371527777777786
0 0.6574710648148148 0.3525173611111111 0.20813657407407415 0.22465277777777776
0 0.5268460648148148 0.38567708333333334 0.1895370370370369 0.20173611111111117
0 0.5867650462962963 0.48689236111111106 0.09385416666666657 0.10387731481481488
0 0.6625 0.4774305555555555 0.08059027777777779 0.08443287037037024
0 0.6922280092592592 0.5597511574074074 0.06959490740740755 0.07592592592592595
0 0.7192939814814815 0.5784143518518519 0.04878472222222232 0.04976851851851851
0 0.7338599537037037 0.5961516203703704 0.05196759259259274 0.05769675925925917
0 0.5564293981481481 0.5949074074074074 0.07681712962962965 0.08107638888888893
0 0.460619212962963 0.506105324074074 0.13164351851851847 0.14513888888888893
0 0.46732060185185187 0.5732349537037036 0.06770833333333322 0.07424768518518512
0 0.4557696759259259 0.6136284722222222 0.059513888888888825 0.06440972222222215
0 0.44427662037037036 0.64609375 0.04787037037037045 0.052777777777777854
0 0.4147916666666666 0.6161458333333334 0.06048611111111111 0.06909722222222214
0 0.3918923611111111 0.6691840277777779 0.05326388888888891 0.06394675925925916
0 0.43178819444444444 0.7292534722222223 0.05131944444444443 0.05457175925925935
0 0.37695601851851845 0.7450231481481481 0.052291666666666715 0.059259259259259164
0 0.3321527777777778 0.6933159722222222 0.05541666666666671 0.05949074074074083
0 0.3008217592592592 0.6378472222222222 0.07212962962962965 0.0807291666666666
0 0.3128414351851852 0.5760706018518519 0.08344907407407405 0.09079861111111107
0 0.31163773148148144 0.5053819444444445 0.1369212962962963 0.14091435185185192
0 0.21480902777777774 0.6203703703703705 0.1111574074074074 0.12054398148148131
0 0.2771585648148148 0.7098668981481482 0.05730324074074078 0.06116898148148149
0 0.20746527777777776 0.7054976851851852 0.057627314814814846 0.06273148148148149
0 0.17777199074074074 0.661255787037037 0.07999999999999999 0.08900462962962959
0 0.21852430555555555 0.732494212962963 0.045659722222222164 0.049537037037037025
0 0.19967013888888888 0.7239583333333334 0.05854166666666667 0.05972222222222214
0 0.1460300925925926 0.7263310185185186 0.06959490740740737 0.07592592592592595
0 0.1278587962962963 0.7527488425925926 0.05730324074074074 0.06116898148148149
0 0.06392939814814813 0.7511863425925925 0.09131944444444447 0.09907407407407405
0 0.020648148148148138 0.7293402777777779 0.041296296296296275 0.05769675925925917
0 0.0124537037037037 0.7624710648148149 0.0249074074074074 0.09270833333333321