0 0.9771122685185185 0.5594270833333332 0.045775462962962976 0.10093749999999986
0 0.8308159722222221 0.5267708333333333 0.041238425925926234 0.04281249999999996
0 0.7445833333333333 0.42796874999999995 0.04604166666666672 0.058541666666666714
0 0.7547511574074074 0.5571875000000001 0.06528935185185177 0.08447916666666658
0 0.7569097222222222 0.7241666666666666 0.2506712962962965 0.27249999999999996
0 0.6642013888888888 0.5521354166666667 0.0593055555555555 0.07791666666666668
0 0.6402199074074074 0.5434375 0.0453935185185184 0.05541666666666671
0 0.6093518518518518 0.555 0.05450231481481467 0.06218749999999993
0 0.4792303240740742 0.6111979166666666 0.0671180555555555 0.07843750000000008
0 0.3979108796296297 0.5857291666666666 0.057361111111111106 0.06854166666666668
0 0.40795138888888893 0.5692187499999999 0.03655092592592588 0.04250000000000007
0 0.5088020833333333 0.4864583333333334 0.03342592592592588 0.042291666666666575
0 0.31464120370370374 0.5928645833333334 0.03719907407407401 0.04562500000000007
0 0.29717592592592595 0.5773958333333333 0.034664351851851814 0.0408333333333335
0 0.2862326388888889 0.6201041666666667 0.06868055555555559 0.07854166666666665
0 0.21974537037037037 0.6776041666666666 0.1488888888888889 0.15322916666666658
0 0.2528472222222222 0.6080729166666666 0.06237268518518517 0.07041666666666657