0 0.6819097222222222 0.8272569444444444 0.16556712962962958 0.24565972222222215
0 0.5424421296296297 0.7402199074074074 0.1355671296296297 0.19577546296296297
0 0.40400462962962963 0.725462962962963 0.07567129629629629 0.11006944444444447
0 0.37267939814814816 0.5161747685185185 0.21122685185185192 0.3042824074074074
0 0.26265625 0.575318287037037 0.13880787037037035 0.2122106481481481
0 0.21767939814814813 0.6239293981481481 0.07252314814814813 0.10613425925925916
0 0.19847800925925924 0.5743344907407407 0.08358796296296296 0.12615740740740744
0 0.14372685185185186 0.56875 0.0772685185185185 0.11516203703703702
0 0.09905671296296296 0.575954861111111 0.05831018518518518 0.08217592592592596
0 0.10744791666666667 0.6055266203703703 0.04255787037037036 0.0609375
0 0.0498900462962963 0.5561631944444445 0.03788194444444444 0.06128472222222214
0 0.03685763888888889 0.5191261574074074 0.05989583333333333 0.08570601851851851
0 0.016099537037037037 0.5374710648148149 0.032199074074074074 0.06556712962962977