0 0.9896354166666667 0.2769386574074074 0.020729166666666642 0.13015046296296298
0 0.9170920138888888 0.1638310185185185 0.16581597222222227 0.18663194444444448
0 0.8454340277777778 0.2372395833333333 0.15694444444444428 0.16504629629629636
0 0.8053645833333334 0.17418981481481483 0.1336458333333333 0.13877314814814815
0 0.8025347222222223 0.3708622685185185 0.10565972222222228 0.11215277777777785
0 0.6408333333333334 0.7375868055555556 0.09357638888888893 0.10665509259259257
0 0.7232465277777778 0.26776620370370374 0.12159722222222218 0.12714120370370363
0 0.7078472222222223 0.12016782407407407 0.16010416666666671 0.15914351851851852
0 0.6354166666666667 0.2989293981481481 0.12899305555555554 0.1322916666666667
0 0.64640625 0.39594907407407404 0.10020833333333332 0.10868055555555553
0 0.5119444444444444 0.13547453703703702 0.16819444444444454 0.1796875
0 0.5688888888888889 0.14716435185185187 0.16312499999999996 0.17777777777777776
0 0.5331423611111111 0.22219328703703703 0.10371527777777771 0.11047453703703702
0 0.488125 0.2072337962962963 0.13170138888888888 0.13709490740740743
0 0.47093749999999995 0.2800925925925926 0.112638888888889 0.121875
0 0.5194965277777778 0.36160300925925926 0.10333333333333332 0.10891203703703703
0 0.4009722222222223 0.32902199074074073 0.11888888888888896 0.12233796296296298
0 0.3753125 0.16548032407407404 0.17899305555555553 0.20503472222222224
0 0.3026215277777778 0.1414351851851852 0.1401736111111111 0.15920138888888888
0 0.34305555555555556 0.2808159722222222 0.11069444444444443 0.12019675925925925
0 0.28684027777777776 0.31440972222222224 0.10642361111111107 0.11527777777777777
0 0.21682291666666664 0.09649884259259259 0.20239583333333327 0.19299768518518517
0 0.20611111111111108 0.2965277777777778 0.09086805555555558 0.1018518518518519
0 0.15852430555555555 0.323119212962963 0.08468749999999999 0.08912037037037042