0 0.04296875 0.525 0.0859375 0.1796875
0 0.07890625 0.44921875 0.040625 0.06484375
0 0.1546875 0.4609375 0.03515625 0.06484375
0 0.171875 0.42734375 0.03359375 0.0578125
0 0.22109375 0.45390625 0.03515625 0.0734375
0 0.26171875 0.6140625 0.12265625 0.20078125
0 0.2703125 0.44453125 0.02890625 0.04609375
0 0.30703125 0.4421875 0.03515625 0.06015625
0 0.3359375 0.4421875 0.0234375 0.05546875
0 0.35625 0.43515625 0.01875 0.04140625
0 0.384375 0.44140625 0.0265625 0.04375
0 0.36171875 0.5296875 0.05703125 0.10625
0 0.43671875 0.45625 0.03984375 0.06015625
0 0.45390625 0.446875 0.021875 0.04140625
0 0.4671875 0.4296875 0.01640625 0.034375
0 0.48203125 0.46796875 0.0421875 0.06875
0 0.51171875 0.4390625 0.0234375 0.0390625
0 0.50546875 0.41953125 0.01640625 0.02734375
0 0.53671875 0.41328125 0.0203125 0.034375
0 0.55 0.4328125 0.0171875 0.02734375
0 0.5328125 0.47578125 0.0421875 0.0671875
0 0.59921875 0.49921875 0.05234375 0.09453125
0 0.57421875 0.42890625 0.01484375 0.02734375
0 0.6015625 0.4265625 0.01640625 0.02734375
0 0.628125 0.44375 0.025 0.0625
0 0.6546875 0.4734375 0.040625 0.08515625
0 0.671875 0.42734375 0.01328125 0.034375
0 0.65625 0.43203125 0.01484375 0.0296875
0 0.69140625 0.4515625 0.03203125 0.05546875
0 0.70625 0.446875 0.0234375 0.05078125
0 0.725 0.4390625 0.0203125 0.04375
0 0.76015625 0.42265625 0.0203125 0.0390625
0 0.78828125 0.42421875 0.01484375 0.02734375
0 0.82421875 0.434375 0.01875 0.0296875
0 0.89453125 0.51875 0.0640625 0.10625
0 0.8875 0.475 0.040625 0.0734375
0 0.959375 0.66796875 0.07890625 0.2671875