0 0.2580092592592592 0.5892592592592593 0.06909722222222214 0.09444444444444447
0 0.2871296296296296 0.633287037037037 0.06136574074074073 0.08810185185185197
0 0.3654398148148148 0.6352256944444445 0.054456018518518515 0.07865740740740748
0 0.46446759259259257 0.6063310185185184 0.2205324074074074 0.28664351851851855
0 0.5895081018518519 0.7101678240740741 0.03557870370370377 0.05813657407407398
0 0.6901215277777778 0.7996296296296296 0.061736111111111214 0.0896643518518518
0 0.6292939814814815 0.6251215277777777 0.08916666666666657 0.11342592592592596
0 0.7900925925925926 0.7582928240740741 0.0668750000000001 0.08506944444444446
0 0.7991898148148148 0.5996122685185185 0.10751157407407401 0.1448379629629631
0 0.9119155092592592 0.8091435185185185 0.09928240740740754 0.11668981481481495
0 0.9611689814814814 0.7507291666666667 0.07766203703703703 0.10395833333333329