0 0.06471643518518519 0.46353587962962967 0.08546296296296299 0.10474537037037024
0 0.10789930555555557 0.423917824074074 0.0476273148148148 0.0666319444444444
0 0.13445601851851854 0.45783564814814814 0.046226851851851866 0.054328703703703594
0 0.1704976851851852 0.45513310185185196 0.04466435185185187 0.05413194444444436
0 0.20779513888888893 0.44373842592592594 0.03224537037037036 0.04650462962962969
0 0.19702546296296297 0.5332986111111111 0.11869212962962963 0.13621527777777764
0 0.23338541666666668 0.47833912037037035 0.05210648148148147 0.05355324074074073
0 0.24484374999999997 0.44357638888888895 0.035081018518518546 0.039282407407407405
0 0.2612905092592593 0.4488657407407407 0.026979166666666644 0.03068287037037045
0 0.28317708333333336 0.4990914351851852 0.09549768518518516 0.1151041666666666
0 0.3234375 0.47519675925925925 0.03417824074074076 0.048263888888888926
0 0.3473263888888889 0.4830324074074074 0.058194444444444396 0.0664467592592592
0 0.3898032407407407 0.4803356481481481 0.04688657407407408 0.06350694444444435
0 0.41552083333333334 0.49403356481481475 0.04273148148148156 0.05237268518518512
0 0.4378298611111111 0.4847743055555556 0.039687499999999966 0.045925925925925884
0 0.6726793981481481 0.39688078703703705 0.08546296296296294 0.10474537037037042