0 0.190625 0.53671875 0.1171875 0.190625
0 0.11328125 0.57734375 0.0609375 0.096875
0 0.28203125 0.60703125 0.05703125 0.09375
0 0.35078125 0.55859375 0.04609375 0.07890625
0 0.3921875 0.503125 0.0421875 0.06640625
0 0.47109375 0.55859375 0.03828125 0.078125
0 0.51640625 0.56328125 0.0390625 0.0609375
0 0.590625 0.5515625 0.0359375 0.06328125
0 0.6625 0.5984375 0.06328125 0.103125
0 0.77109375 0.52734375 0.10625 0.18046875
0 0.87890625 0.58125 0.06640625 0.11953125
0 0.95625 0.62109375 0.05390625 0.09609375