0 0.20552662037037037 0.6404861111111111 0.10480324074074074 0.10888888888888885
0 0.23480902777777776 0.5203472222222223 0.14762731481481486 0.14593750000000014
0 0.3939814814814815 0.5195543981481482 0.1099537037037038 0.11215277777777785
0 0.51484375 0.6627083333333333 0.0700231481481481 0.07363425925925923
0 0.48475115740740743 0.5019560185185185 0.09693287037037024 0.0977662037037037
0 0.5723090277777778 0.44678819444444445 0.09762731481481488 0.1024537037037037
0 0.6791666666666667 0.32592013888888893 0.1609375 0.17277777777777778
0 0.8161747685185186 0.48271990740740744 0.06932870370370381 0.06894675925925924
0 0.885445601851852 0.3464872685185185 0.09224537037037024 0.09762731481481479
0 0.9114872685185185 0.31040509259259264 0.09849537037037023 0.09781250000000004
0 0.9222511574074075 0.25594328703703706 0.14722222222222214 0.15370370370370365