0 0.06953125 0.46875 0.0765625 0.1453125
0 0.06328125 0.7828125 0.12578125 0.3625
0 0.01328125 0.2609375 0.02421875 0.1015625
0 0.1015625 0.36484375 0.0640625 0.13046875
0 0.1515625 0.36015625 0.04921875 0.13515625
0 0.25078125 0.30078125 0.03046875 0.09453125
0 0.359375 0.24609375 0.02890625 0.0578125
0 0.36328125 0.3671875 0.046875 0.096875
0 0.63046875 0.328125 0.04375 0.07265625
0 0.69453125 0.3953125 0.06171875 0.11796875
0 0.78671875 0.33359375 0.04375 0.1015625
0 0.953125 0.35625 0.0640625 0.11796875
0 0.63828125 0.653125 0.115625 0.2296875