0 0.17552083333333335 0.5855034722222222 0.12781250000000002 0.18194444444444446
0 0.29874999999999996 0.41336805555555556 0.055625000000000036 0.07951388888888893
0 0.3360416666666667 0.40069444444444446 0.08031249999999997 0.1183449074074073
0 0.4674479166666667 0.35688657407407404 0.09395833333333332 0.1418981481481481
0 0.4966666666666667 0.28975694444444444 0.06291666666666665 0.08917824074074074
0 0.56796875 0.23370949074074074 0.07302083333333335 0.10868055555555556
0 0.5475520833333334 0.23894675925925926 0.04385416666666675 0.0700231481481481
0 0.5832291666666667 0.11061921296296293 0.054895833333333324 0.08530092592592595
0 0.6159375 0.41684027777777777 0.1877083333333333 0.28223379629629636
0 0.7684895833333333 0.16617476851851848 0.11031250000000004 0.16325231481481484
0 0.69765625 0.17092013888888888 0.06531249999999993 0.09589120370370371
0 0.721875 0.10283564814814813 0.05250000000000003 0.07858796296296297
0 0.9451041666666666 0.025564236111111093 0.08781250000000007 0.051128472222222186