0 0.1359375 0.640625 0.08515625 0.153125
0 0.16015625 0.575 0.07265625 0.10546875
0 0.03046875 0.5875 0.05703125 0.08515625
0 0.05390625 0.53671875 0.040625 0.05625
0 0.04609375 0.47734375 0.02890625 0.053125
0 0.0921875 0.515625 0.03515625 0.05390625
0 0.08984375 0.4796875 0.03359375 0.04609375
0 0.13828125 0.46796875 0.02890625 0.0390625
0 0.16328125 0.50625 0.04921875 0.05859375
0 0.19375 0.5359375 0.03515625 0.078125
0 0.3 0.55 0.0609375 0.09921875
0 0.37421875 0.5796875 0.075 0.12265625
0 0.30078125 0.46875 0.0328125 0.06015625
0 0.28125 0.50625 0.03984375 0.0640625
0 0.26328125 0.465625 0.034375 0.05859375
0 0.3078125 0.36953125 0.03203125 0.040625
0 0.3390625 0.396875 0.01796875 0.0375
0 0.3546875 0.4171875 0.01953125 0.02890625
0 0.3671875 0.421875 0.01796875 0.02109375
0 0.38125 0.43203125 0.01875 0.0328125
0 0.40703125 0.44375 0.028125 0.04921875
0 0.4578125 0.459375 0.03671875 0.06015625
0 0.49375 0.4703125 0.03203125 0.05703125
0 0.528125 0.4625 0.04296875 0.075
0 0.571875 0.478125 0.0390625 0.07109375
0 0.64453125 0.50234375 0.06015625 0.0984375
0 0.71953125 0.50625 0.05859375 0.11875
0 0.82734375 0.58125 0.09921875 0.17890625
0 0.90546875 0.5375 0.0578125 0.121875
0 0.8109375 0.45859375 0.04921875 0.08125
0 0.89296875 0.4328125 0.05 0.08046875
0 0.93203125 0.38984375 0.025 0.0625
0 0.96015625 0.3796875 0.02421875 0.06328125
0 0.9875 0.3890625 0.02421875 0.05078125
0 0.82109375 0.390625 0.02578125 0.0484375
0 0.7984375 0.40625 0.02890625 0.04453125
0 0.775 0.396875 0.02578125 0.04765625
0 0.9015625 0.3875 0.03046875 0.046875
0 0.859375 0.365625 0.0234375 0.04765625
0 0.8421875 0.3953125 0.01640625 0.03828125
0 0.884375 0.36875 0.0265625 0.03203125
0 0.90078125 0.34921875 0.021875 0.0328125
0 0.74609375 0.4578125 0.02890625 0.06640625
0 0.77109375 0.45234375 0.02578125 0.06875
0 0.72421875 0.434375 0.03203125 0.06171875
0 0.725 0.4046875 0.028125 0.04921875
0 0.74609375 0.3875 0.01953125 0.04765625
0 0.7125 0.384375 0.02734375 0.03671875
0 0.65390625 0.45625 0.034375 0.05546875
0 0.58984375 0.4546875 0.03203125 0.04921875
0 0.5390625 0.40859375 0.02890625 0.0515625
0 0.515625 0.3984375 0.01953125 0.03828125
0 0.47890625 0.41796875 0.021875 0.0375
0 0.45625 0.4140625 0.02109375 0.03359375
0 0.42890625 0.4203125 0.01953125 0.03515625
0 0.375 0.4 0.01953125 0.02578125
0 0.565625 0.38125 0.015625 0.03046875
0 0.63046875 0.3828125 0.02109375 0.0375
0 0.60859375 0.3828125 0.01796875 0.03515625