0 0.26796875 0.68828125 0.1296875 0.1640625
0 0.46171875 0.59921875 0.0703125 0.1109375
0 0.34140625 0.59765625 0.06328125 0.0796875
0 0.4015625 0.521875 0.05 0.08828125
0 0.53671875 0.54609375 0.0734375 0.1015625
0 0.5015625 0.478125 0.04296875 0.053125
0 0.5546875 0.31875 0.0296875 0.04453125
0 0.653125 0.48671875 0.046875 0.07109375
0 0.76640625 0.50859375 0.053125 0.06171875
0 0.671875 0.53515625 0.05 0.07109375
0 0.8984375 0.50625 0.04296875 0.075
0 0.18828125 0.515625 0.0296875 0.0484375
0 0.275 0.4953125 0.04296875 0.06171875
0 0.05703125 0.5109375 0.03984375 0.0578125