0 0.11072916666666666 0.45062499999999994 0.04020833333333331 0.057499999999999926
0 0.19482638888888887 0.4566840277777778 0.04936342592592591 0.06409722222222225
0 0.16064814814814815 0.40564236111111107 0.04667824074074076 0.05159722222222225
0 0.13379050925925923 0.3742708333333334 0.04545138888888891 0.05309027777777775
0 0.13835069444444445 0.34506944444444443 0.03584490740740742 0.03718749999999993
0 0.16868055555555556 0.29534722222222226 0.03685185185185187 0.041874999999999926
0 0.2112037037037037 0.29878472222222224 0.030821759259259274 0.03541666666666661
0 0.19972222222222222 0.32458333333333333 0.03428240740740742 0.037118055555555605
0 0.22066550925925926 0.35723958333333333 0.033055555555555574 0.03861111111111111
0 0.2566319444444444 0.4130034722222223 0.052152777777777805 0.06267361111111107
0 0.2541087962962963 0.39045138888888886 0.04254629629629623 0.04677083333333334
0 0.31570023148148146 0.36378472222222225 0.03718749999999993 0.04343750000000002
0 0.34697916666666667 0.3148784722222222 0.034398148148148164 0.04486111111111111
0 0.3746701388888889 0.3393229166666667 0.03182870370370363 0.04010416666666661
0 0.4081944444444444 0.31527777777777777 0.030821759259259274 0.03541666666666661
0 0.4206828703703704 0.29416666666666663 0.024791666666666677 0.028958333333333287
0 0.45527199074074076 0.27868055555555554 0.027696759259259275 0.03527777777777778
0 0.4888599537037037 0.2693402777777778 0.027696759259259275 0.03527777777777778
0 0.4487094907407407 0.5290972222222222 0.0767129629629629 0.07614583333333336
0 0.42340277777777774 0.4761284722222222 0.05840277777777771 0.06295138888888889
0 0.4499421296296296 0.4339756944444444 0.05494212962962948 0.06125000000000007
0 0.4769965277777778 0.41583333333333333 0.04645833333333336 0.05777777777777775
0 0.4996296296296296 0.37350694444444443 0.041319444444444464 0.048263888888888926
0 0.5306423611111111 0.3485763888888889 0.03975694444444429 0.04819444444444443
0 0.5467071759259259 0.33690972222222226 0.0323842592592591 0.03548611111111111
0 0.6046238425925926 0.32555555555555554 0.03149305555555557 0.038541666666666696
0 0.5897395833333333 0.3535243055555556 0.039421296296296225 0.04663194444444443
0 0.6065509259259259 0.38135416666666666 0.042210648148148164 0.04520833333333343
0 0.557505787037037 0.39078124999999997 0.039976851851851694 0.04201388888888884
0 0.5169386574074074 0.49730902777777775 0.05482638888888882 0.05350694444444439
0 0.5550694444444444 0.5307291666666667 0.07214120370370374 0.08368055555555554
0 0.614380787037037 0.5186631944444444 0.05081018518518512 0.05642361111111107
0 0.630931712962963 0.5813020833333333 0.07894675925925938 0.07934027777777786
0 0.6608912037037037 0.4650173611111111 0.05081018518518512 0.05642361111111107
0 0.6604282407407407 0.4340451388888889 0.044780092592592524 0.04996527777777775
0 0.6736342592592592 0.39826388888888886 0.03718749999999993 0.04343750000000002
0 0.7617361111111112 0.5886631944444444 0.08331018518518522 0.09965277777777785
0 0.798148148148148 0.5384375 0.06454861111111114 0.07715277777777771
0 0.748431712962963 0.4402777777777779 0.04924768518518512 0.05635416666666657
0 0.719369212962963 0.35541666666666666 0.04009259259259253 0.04975694444444443
0 0.8136921296296297 0.3874652777777778 0.04254629629629614 0.04677083333333334
0 0.8735879629629629 0.4249479166666667 0.04064814814814817 0.04513888888888893
0 0.852037037037037 0.5083333333333334 0.058518518518518546 0.07069444444444457
0 0.9026215277777776 0.5601041666666667 0.07459490740740762 0.08069444444444436
0 0.8690162037037037 0.64140625 0.10005787037037024 0.11277777777777782
0 0.9768778935185185 0.6463194444444444 0.046244212962962904 0.09979166666666668
0 0.9795543981481482 0.511892361111111 0.040891203703703735 0.05486111111111107
0 0.9757696759259259 0.43954861111111115 0.046342592592592526 0.05003472222222207
0 0.9571180555555557 0.4139583333333333 0.05181712962962948 0.061111111111111074
0 0.8791435185185186 0.3787673611111111 0.03562500000000028 0.043368055555555604
0 0.8722569444444443 0.3359027777777778 0.034398148148148164 0.04486111111111111
0 0.8616435185185185 0.3153125 0.03182870370370381 0.04010416666666661