0 0.016432291666666664 0.27868055555555554 0.03286458333333333 0.11041666666666669
0 0.18277777777777776 0.4335821759259259 0.04972222222222222 0.057222222222222285
0 0.24130208333333333 0.43176504629629625 0.05010416666666666 0.05878472222222229
0 0.29118055555555555 0.4184664351851851 0.05666666666666664 0.07344907407407408
0 0.3400868055555556 0.4057986111111111 0.055486111111111035 0.0747106481481481
0 0.3725347222222222 0.4169560185185185 0.05239583333333329 0.06815972222222229
0 0.3982291666666667 0.3319212962962963 0.05204861111111114 0.0606481481481481
0 0.4132638888888889 0.4076215277777778 0.05940972222222225 0.07248842592592589
0 0.4474652777777778 0.4182986111111111 0.0609375 0.07873842592592588
0 0.4841666666666667 0.4220949074074074 0.057083333333333285 0.06906250000000007
0 0.5197916666666667 0.406869212962963 0.06600694444444458 0.08120370370370371
0 0.47501736111111104 0.315625 0.04541666666666657 0.0578819444444445
0 0.5878298611111111 0.4330613425925926 0.08541666666666661 0.10578703703703703
0 0.6498611111111112 0.46709490740740744 0.09357638888888893 0.1148032407407408
0 0.6887673611111111 0.5187615740740741 0.11805555555555572 0.14185185185185176
0 0.6605208333333333 0.7849074074074074 0.21586805555555558 0.2678935185185184
0 0.7503298611111111 0.6484143518518518 0.17861111111111114 0.21902777777777765
0 0.7529166666666667 0.5474768518518518 0.1492013888888888 0.16571759259259267
0 0.7086284722222222 0.4375115740740741 0.10600694444444443 0.12910879629629624
0 0.6726215277777777 0.27024305555555556 0.053576388888888896 0.06689814814814818
0 0.7630208333333334 0.24511574074074072 0.05746527777777786 0.07062499999999998