0 0.9599189814814814 0.4619270833333333 0.076423611111111 0.08885416666666668
0 0.8760590277777778 0.4800520833333334 0.06755787037037031 0.07687500000000007
0 0.9044212962962963 0.5663541666666666 0.049976851851851835 0.054479166666666676
0 0.8321238425925926 0.5443749999999999 0.05214120370370381 0.0609375
0 0.789363425925926 0.5247916666666667 0.06755787037037031 0.07687500000000007
0 0.7502025462962962 0.5666145833333334 0.04015046296296294 0.04854166666666657
0 0.7240914351851852 0.5677604166666667 0.04513888888888893 0.052291666666666715
0 0.6980844907407407 0.5619791666666666 0.04513888888888893 0.052291666666666715
0 0.6621932870370371 0.5656770833333333 0.05355324074074073 0.05958333333333332
0 0.6866550925925926 0.5874479166666667 0.03843749999999986 0.04677083333333343
0 0.710949074074074 0.5914583333333333 0.036273148148148235 0.04031249999999993
0 0.6676967592592593 0.5988020833333334 0.03657407407407405 0.04343749999999993
0 0.6072280092592592 0.6115625 0.04528935185185183 0.05385416666666672
0 0.5844097222222222 0.6308854166666666 0.03456018518518533 0.038541666666666786
0 0.534375 0.5918229166666666 0.07918981481481477 0.1015625
0 0.5344270833333333 0.6404166666666666 0.031284722222222075 0.03656249999999996
0 0.4765277777777778 0.6558333333333334 0.04543981481481474 0.05541666666666671
0 0.4805902777777778 0.6980208333333333 0.03501157407407405 0.043229166666666784
0 0.4332349537037037 0.5906770833333332 0.08589120370370366 0.10708333333333328
0 0.42983217592592593 0.6434374999999999 0.04171296296296294 0.04875000000000007
0 0.4211516203703704 0.6654166666666667 0.03501157407407405 0.043229166666666784
0 0.3820601851851852 0.6679166666666667 0.04171296296296294 0.04875000000000007
0 0.29748842592592595 0.6466145833333333 0.07984953703703708 0.09239583333333332
0 0.31296875 0.6872395833333333 0.041863425925925846 0.05031250000000007
0 0.20300925925925925 0.6826041666666667 0.07113425925925929 0.08197916666666671
0 0.1599247685185185 0.7077083333333334 0.09974537037037035 0.12281250000000003
0 0.25476851851851856 0.69953125 0.04342592592592594 0.050520833333333216
0 0.29659722222222223 0.7174479166666666 0.03657407407407405 0.04343749999999993