0 0.2170138888888889 0.5104861111111111 0.05515046296296298 0.0945717592592592
0 0.29140625 0.5704456018518519 0.054340277777777765 0.08363425925925938
0 0.16655092592592594 0.6144155092592593 0.06394675925925926 0.08752314814814817
0 0.17693865740740738 0.7015972222222222 0.054340277777777765 0.08363425925925938
0 0.1377025462962963 0.7024363425925926 0.04907407407407409 0.0754398148148148
0 0.11967592592592594 0.7667824074074074 0.04224537037037037 0.0671180555555555
0 0.1668402777777778 0.766869212962963 0.039988425925925906 0.05761574074074076
0 0.2221064814814815 0.7914467592592593 0.03530092592592595 0.057233796296296366
0 0.24097222222222223 0.6853761574074074 0.05133101851851851 0.08494212962962955
0 0.24953703703703703 0.7373379629629631 0.03530092592592595 0.05723379629629619
0 0.27502893518518523 0.7101099537037037 0.04438657407407405 0.07505787037037023
0 0.30668402777777776 0.6705902777777778 0.054340277777777855 0.08363425925925938
0 0.3363715277777778 0.7106134259259259 0.04282407407407405 0.0749305555555555
0 0.3195023148148148 0.7481423611111111 0.03686342592592595 0.057361111111111106
0 0.29890046296296297 0.7671122685185185 0.02320601851851851 0.040717592592592666
0 0.28373842592592596 0.7534143518518519 0.027430555555555534 0.03484953703703688
0 0.3563368055555555 0.7254918981481481 0.03396990740740744 0.060231481481481455
0 0.3865162037037037 0.6978819444444444 0.035995370370370414 0.06660879629629637
0 0.3782986111111112 0.650607638888889 0.04976851851851851 0.08481481481481482
0 0.42094907407407406 0.6746412037037037 0.04438657407407405 0.07505787037037041
0 0.4471354166666667 0.699230324074074 0.03530092592592595 0.05723379629629619
0 0.41293402777777777 0.7255960648148149 0.02835648148148149 0.04734953703703706
0 0.3908854166666667 0.7886979166666667 0.021643518518518513 0.040590277777777926
0 0.4414930555555555 0.7609953703703705 0.017824074074074048 0.030960648148148095
0 0.4599537037037037 0.7555613425925926 0.021875 0.04371527777777775
0 0.4848668981481482 0.7417418981481482 0.030150462962962976 0.0506018518518518
0 0.47986111111111107 0.6847743055555556 0.040451388888888926 0.06386574074074076
0 0.4679976851851852 0.6307233796296297 0.04641203703703702 0.08143518518518515
0 0.5232060185185186 0.6545196759259259 0.04068287037037042 0.06699074074074077
0 0.512355324074074 0.7096354166666667 0.037094907407407264 0.06048611111111111
0 0.5472511574074075 0.7350868055555555 0.031076388888888928 0.06310185185185198
0 0.5392361111111111 0.7648206018518519 0.01851851851851851 0.04033564814814809
0 0.5736689814814815 0.7415798611111111 0.030150462962962976 0.050601851851851974
0 0.5862268518518519 0.6989004629629629 0.03599537037037024 0.0666087962962962
0 0.5608796296296297 0.6538078703703704 0.04398148148148149 0.0905555555555555
0 0.590306712962963 0.6372627314814816 0.03530092592592595 0.05723379629629619
0 0.6214988425925926 0.6339351851851852 0.034664351851851904 0.06960648148148145
0 0.6578703703703704 0.6262557870370371 0.04930555555555571 0.07856481481481481
0 0.6363136574074074 0.6853877314814815 0.03396990740740726 0.060231481481481455
0 0.6620659722222222 0.6722858796296297 0.030150462962962976 0.050601851851851974
0 0.705758101851852 0.64671875 0.04438657407407405 0.07505787037037023
0 0.7469328703703704 0.5977777777777777 0.046875 0.08768518518518516
0 0.7432291666666667 0.6963252314814815 0.044618055555555536 0.07818287037037042
0 0.788425925925926 0.7547337962962963 0.03599537037037024 0.0666087962962962
0 0.8307291666666666 0.667974537037037 0.04126157407407405 0.07480324074074077
0 0.857204861111111 0.632806712962963 0.05457175925925952 0.0867592592592592
0 0.8895543981481481 0.5814409722222222 0.07459490740740762 0.10547453703703695
0 0.8863425925925927 0.50625 0.07864583333333357 0.11822916666666661
0 0.8168113425925926 0.5543576388888889 0.06655092592592596 0.10171296296296291
0 0.7886863425925925 0.6203125 0.0487268518518519 0.07075231481481481
0 0.913888888888889 0.6234722222222222 0.039988425925925955 0.05761574074074076
0 0.9627893518518519 0.6045543981481482 0.04930555555555571 0.07856481481481481
0 0.865162037037037 0.6871759259259259 0.029456018518518333 0.0412268518518518