0 0.21715277777777775 0.3825231481481482 0.20017361111111107 0.20619212962962957
0 0.26698495370370373 0.5835358796296297 0.13664351851851855 0.14710648148148148
0 0.34890046296296295 0.7002893518518519 0.12188657407407408 0.12123842592592596
0 0.23076388888888894 0.7585648148148149 0.08991898148148147 0.11001157407407405
0 0.38005208333333335 0.8391493055555556 0.10206018518518523 0.11168981481481488
0 0.43896990740740743 0.884548611111111 0.07203703703703698 0.08333333333333356
0 0.5218692129629631 0.8839988425925928 0.09293981481481488 0.09756944444444429
0 0.4374594907407408 0.7915798611111111 0.10769675925925921 0.1234375
0 0.43987847222222226 0.5813368055555556 0.15383101851851855 0.1515625
0 0.5433275462962963 0.7374710648148147 0.13328703703703706 0.13888888888888892
0 0.6889525462962963 0.9140914351851851 0.07467592592592602 0.08842592592592595
0 0.8196122685185185 0.9391493055555555 0.08069444444444436 0.08263888888888893
0 0.7325 0.8445601851851852 0.08464120370370373 0.09982638888888892
0 0.7499074074074075 0.7667824074074074 0.10518518518518523 0.1125
0 0.7296238425925926 0.5888599537037036 0.1887037037037036 0.2458333333333332
0 0.6703819444444445 0.4140625 0.21938657407407405 0.22586805555555553
0 0.9899305555555555 0.6939236111111111 0.02013888888888893 0.17442129629629619
0 0.9867361111111113 0.8024594907407409 0.026527777777777574 0.16556712962962966
0 0.9557523148148148 0.9250289351851851 0.08849537037037045 0.13130787037037023
0 0.9545399305555555 0.9628038194444445 0.09092013888888886 0.07439236111111107