0 0.15078125 0.31953125 0.07265625 0.09296875
0 0.19296875 0.4921875 0.08046875 0.1125
0 0.2765625 0.51640625 0.0796875 0.1296875
0 0.43984375 0.5296875 0.0703125 0.11171875
0 0.4515625 0.43125 0.04765625 0.07109375
0 0.50625 0.47109375 0.053125 0.09140625
0 0.55390625 0.31484375 0.05078125 0.0671875
0 0.5859375 0.546875 0.09921875 0.16875
0 0.63125 0.440625 0.05625 0.07578125
0 0.7171875 0.50390625 0.08671875 0.11015625
0 0.76328125 0.45078125 0.04921875 0.0703125
0 0.73359375 0.3609375 0.05546875 0.07890625
0 0.8921875 0.3375 0.0609375 0.09609375