0 0.10630787037037034 0.37649305555555557 0.14224537037037038 0.18451388888888892
0 0.17677662037037037 0.28377314814814814 0.07361111111111107 0.10023148148148149
0 0.17612847222222222 0.17153935185185185 0.05327546296296295 0.07188657407407409
0 0.22539351851851852 0.43373842592592593 0.1854861111111111 0.23684027777777777
0 0.26469907407407406 0.2849363425925926 0.07167824074074076 0.0969444444444445
0 0.3115219907407408 0.27296296296296296 0.056956018518518545 0.07689814814814806
0 0.3286111111111111 0.2102951388888889 0.03873842592592593 0.0534027777777778
0 0.3735011574074074 0.3021238425925926 0.0684490740740741 0.08271990740740742
0 0.41195601851851843 0.28627314814814814 0.049409722222222244 0.06531250000000002
0 0.3730381944444444 0.1914525462962963 0.03873842592592593 0.05340277777777782
0 0.5880381944444444 0.2972743055555555 0.059710648148148235 0.07409722222222222
0 0.6688483796296296 0.3118287037037037 0.047662037037036954 0.06358796296296294
0 0.8131712962962963 0.4819212962962963 0.12696759259259274 0.15978009259259257
0 0.8697395833333333 0.5788657407407407 0.19928240740740755 0.24907407407407406
0 0.8984895833333333 0.4477662037037037 0.12696759259259238 0.15978009259259257
0 0.849079861111111 0.3912037037037037 0.11454861111111114 0.14614583333333328