0 0.0706076388888889 0.6836979166666667 0.1412152777777778 0.2611458333333333
0 0.25419560185185186 0.8162499999999999 0.2381712962962963 0.31204861111111126
0 0.3248784722222222 0.6638715277777778 0.1828935185185186 0.22993055555555558
0 0.46966435185185185 0.8436024305555556 0.22885416666666672 0.3127951388888889
0 0.5089699074074074 0.7103472222222222 0.19702546296296292 0.23993055555555554
0 0.4801909722222222 0.5863715277777778 0.18780092592592584 0.25982638888888887
0 0.677980324074074 0.8857204861111111 0.22986111111111107 0.22855902777777787
0 0.7774826388888888 0.7543229166666666 0.20317129629629632 0.22614583333333335
0 0.8809027777777778 0.8245659722222222 0.22844907407407397 0.26475694444444436
0 0.9161689814814814 0.70578125 0.15995370370370382 0.29607638888888876
0 0.9587442129629629 0.6553125 0.0754282407407409 0.272013888888889
0 0.5533564814814815 0.09883680555555555 0.20266203703703703 0.15739583333333335