0 0.017627314814814814 0.4770833333333334 0.028587962962962964 0.07083333333333322
0 0.01791087962962963 0.5153645833333333 0.02869212962962963 0.08489583333333321
0 0.08611111111111111 0.5264756944444444 0.08671296296296296 0.13015046296296298
0 0.12390625 0.4495081018518519 0.08199074074074075 0.12407407407407409
0 0.1532060185185185 0.38836805555555554 0.05833333333333335 0.08744212962962958
0 0.15747685185185184 0.3307291666666667 0.04574074074074073 0.07123842592592596
0 0.24769675925925924 0.5662905092592593 0.13239583333333335 0.19357638888888892
0 0.277662037037037 0.806394675925926 0.1795949074074074 0.25121527777777786
0 0.3120717592592593 0.3780960648148148 0.09462962962962962 0.14652777777777787
0 0.5224594907407407 0.3470775462962962 0.13565972222222217 0.2132523148148148
0 0.4810300925925926 0.2505208333333333 0.08990740740740737 0.14045138888888892
0 0.48209490740740735 0.18287037037037038 0.0725462962962963 0.11192129629629628
0 0.41563078703703704 0.19473379629629628 0.05204861111111114 0.08090277777777777
0 0.34527777777777774 0.21009837962962963 0.04259259259259256 0.0671875
0 0.31916666666666665 0.27890625 0.05991898148148156 0.09103009259259257
0 0.2802719907407408 0.313136574074074 0.06782407407407405 0.10584490740740744
0 0.22730324074074076 0.34997106481481477 0.06148148148148147 0.09149305555555554
0 0.21596643518518518 0.29930555555555555 0.04887731481481481 0.0737268518518519
0 0.2227488425925926 0.26362847222222224 0.04890046296296298 0.07685185185185191
0 0.25943865740740735 0.24884259259259256 0.04414351851851848 0.06608796296296297
0 0.5832118055555556 0.09262152777777775 0.058333333333333216 0.08744212962962965
0 0.63953125 0.08532986111111109 0.06783564814814813 0.10740740740740742
0 0.7508275462962963 0.1008969907407407 0.07726851851851854 0.1179976851851852
0 0.8829803240740741 0.08948206018518516 0.12777777777777785 0.17896412037037032
0 0.8345254629629629 0.018113425925925908 0.07560185185185198 0.036226851851851816