0 0.5276331018518519 0.6998958333333334 0.15204861111111115 0.22427083333333328
0 0.7089583333333334 0.6278124999999999 0.07534722222222215 0.09812499999999993
0 0.7767476851851851 0.5961458333333334 0.07853009259259273 0.11385416666666667
0 0.8270428240740741 0.60421875 0.06597222222222224 0.09749999999999996
0 0.8696643518518519 0.5952604166666667 0.063923611111111 0.09270833333333321
0 0.895931712962963 0.5922916666666667 0.044629629629629616 0.07125000000000004
0 0.9327662037037037 0.56328125 0.03314814814814824 0.05031250000000007
0 0.8406423611111112 0.51859375 0.03314814814814824 0.05031250000000007
0 0.7888078703703704 0.5253645833333334 0.043495370370370524 0.06031249999999986
0 0.745619212962963 0.5397916666666667 0.043495370370370344 0.06031249999999986
0 0.7054803240740741 0.5323958333333334 0.04489583333333336 0.058854166666666784
0 0.6711631944444445 0.514375 0.0469444444444445 0.06364583333333336
0 0.6202372685185186 0.5503125 0.06106481481481474 0.08010416666666664
0 0.5849016203703703 0.5117708333333333 0.04619212962962962 0.07135416666666679
0 0.5405555555555555 0.5221875 0.06402777777777793 0.07874999999999996
0 0.46545138888888893 0.5030208333333334 0.07157407407407419 0.0916666666666666
0 0.5066261574074075 0.4625 0.05136574074074076 0.07635416666666668
0 0.4790740740740741 0.4323437500000001 0.03379629629629619 0.05656250000000007
0 0.6348263888888889 0.38687499999999997 0.050717592592592634 0.07010416666666668
0 0.4149074074074074 0.41390625 0.031585648148148196 0.05020833333333332
0 0.3851041666666667 0.44338541666666664 0.05481481481481483 0.0796875
0 0.31408564814814816 0.4606770833333334 0.07567129629629629 0.10124999999999992
0 0.34515624999999994 0.4265625 0.047268518518518474 0.06677083333333336
0 0.36103587962962963 0.37963541666666667 0.01837962962962969 0.027604166666666697
0 0.32537037037037037 0.36703125000000003 0.022638888888888875 0.03875000000000002
0 0.33425347222222224 0.39515625 0.033634259259259204 0.05499999999999998
0 0.28367476851851847 0.44291666666666674 0.04996527777777775 0.07781249999999992
0 0.28077546296296296 0.4026041666666667 0.03438657407407408 0.04729166666666664
0 0.2959548611111111 0.35484375 0.02215277777777782 0.034062500000000016
0 0.27539930555555553 0.35583333333333333 0.023391203703703668 0.03104166666666668
0 0.2790972222222222 0.32776041666666667 0.02322916666666668 0.029479166666666678
0 0.24289930555555556 0.28994791666666664 0.024201388888888876 0.038854166666666676
0 0.18924768518518517 0.34458333333333335 0.028726851851851844 0.03760416666666666
0 0.1997337962962963 0.3193229166666667 0.022743055555555537 0.024791666666666677
0 0.20740162037037035 0.3591666666666667 0.030451388888888875 0.039270833333333324
0 0.23244791666666664 0.3907291666666667 0.03298611111111107 0.04875000000000007
0 0.2533564814814815 0.37875000000000003 0.025763888888888874 0.03895833333333334
0 0.21110532407407406 0.4144791666666666 0.04866898148148149 0.06531249999999997
0 0.1850578703703704 0.40015625000000005 0.030775462962962942 0.04239583333333332
0 0.14605324074074072 0.3818229166666667 0.03471064814814815 0.050416666666666644
0 0.14607060185185186 0.31338541666666664 0.02641203703703705 0.045208333333333336
0 0.1152488425925926 0.32234375000000004 0.029050925925925952 0.040729166666666664
0 0.10991898148148146 0.30546875 0.02856481481481481 0.03604166666666666
0 0.07317708333333332 0.2880729166666667 0.023067129629629646 0.02791666666666668
0 0.043188657407407405 0.30416666666666664 0.027812499999999997 0.04375
0 0.0257349537037037 0.29041666666666666 0.023715277777777776 0.03416666666666668
0 0.005659722222222221 0.32005208333333335 0.011319444444444443 0.04208333333333334
0 0.0028790509259259247 0.37979166666666664 0.005758101851851849 0.07093749999999996
0 0.03237847222222222 0.5357291666666667 0.06475694444444444 0.18083333333333335
0 0.0599363425925926 0.44609375 0.0808449074074074 0.10625
0 0.0922800925925926 0.38453125000000005 0.04538194444444443 0.06354166666666661
0 0.11431712962962963 0.3844270833333333 0.041018518518518524 0.06635416666666663
0 0.03671296296296296 0.3438541666666667 0.03503472222222222 0.05354166666666664
0 0.19490740740740742 0.5479166666666666 0.11981481481481482 0.16781250000000014
0 0.2647048611111111 0.6713541666666667 0.1674074074074074 0.23770833333333333