0 0.4926041666666666 0.5640625 0.055972222222222354 0.07166666666666668
0 0.47953124999999996 0.33078124999999997 0.15447916666666667 0.20020833333333332
0 0.43869791666666663 0.13359375 0.23822916666666671 0.21968750000000004
0 0.6210069444444445 0.39317708333333334 0.12003472222222236 0.14541666666666675
0 0.73265625 0.3120833333333334 0.17875000000000013 0.20645833333333333
0 0.7797222222222222 0.45197916666666665 0.09260416666666664 0.11270833333333333
0 0.8787499999999999 0.39296875 0.11322916666666671 0.14187499999999992
0 0.4571701388888889 0.4921354166666667 0.08375000000000003 0.08895833333333343
0 0.3213888888888889 0.54 0.09406249999999998 0.10354166666666664
0 0.2273784722222222 0.45072916666666674 0.11697916666666668 0.12822916666666662
0 0.11410590277777777 0.21390625000000002 0.22821180555555554 0.27156250000000004
0 0.011909722222222219 0.5008854166666666 0.023819444444444438 0.1798958333333333
0 0.05052083333333333 0.5374479166666667 0.10104166666666665 0.12468749999999992
0 0.15123263888888888 0.5855729166666667 0.07003472222222218 0.07260416666666672