0 0.23828125 0.6171875 0.1203125 0.15546875
0 0.3140625 0.5578125 0.065625 0.09765625
0 0.03671875 0.528125 0.0671875 0.09296875
0 0.0796875 0.48984375 0.04453125 0.071875
0 0.1421875 0.46171875 0.0359375 0.053125
0 0.18046875 0.45234375 0.0359375 0.04921875
0 0.2109375 0.4875 0.053125 0.0765625
0 0.22421875 0.4546875 0.04140625 0.04453125
0 0.2859375 0.48046875 0.04140625 0.0625
0 0.30546875 0.45546875 0.03125 0.046875
0 0.33671875 0.4765625 0.0328125 0.0375
0 0.38515625 0.52109375 0.053125 0.08828125
0 0.41640625 0.5 0.0328125 0.05078125
0 0.4546875 0.559375 0.07421875 0.1046875
0 0.478125 0.4953125 0.03984375 0.06015625
0 0.51015625 0.50078125 0.04140625 0.053125
0 0.5296875 0.47109375 0.02734375 0.04921875
0 0.5796875 0.4953125 0.034375 0.06015625
0 0.60546875 0.47578125 0.03125 0.053125
0 0.62421875 0.37890625 0.034375 0.05078125
0 0.85703125 0.490625 0.04453125 0.06484375
0 0.971875 0.55078125 0.04296875 0.08828125