0 0.1765625 0.63671875 0.1078125 0.2
0 0.09140625 0.446875 0.02734375 0.046875
0 0.0515625 0.4453125 0.0375 0.0703125
0 0.0109375 0.453125 0.021875 0.053125
0 0.13125 0.45703125 0.02734375 0.046875
0 0.1875 0.48984375 0.05 0.0796875
0 0.23125 0.46171875 0.0328125 0.05
0 0.24140625 0.378125 0.02734375 0.03671875
0 0.27890625 0.5 0.0578125 0.0796875
0 0.3296875 0.44296875 0.025 0.03984375
0 0.38984375 0.44140625 0.025 0.04296875
0 0.4421875 0.428125 0.0203125 0.03671875
0 0.4578125 0.4484375 0.0296875 0.04296875
0 0.4671875 0.46171875 0.03515625 0.06328125
0 0.5078125 0.45 0.0296875 0.046875
0 0.52734375 0.4984375 0.0453125 0.0703125
0 0.44140625 0.55 0.07265625 0.09296875
0 0.6921875 0.58984375 0.08515625 0.11328125
0 0.8421875 0.49140625 0.06015625 0.096875
0 0.84140625 0.44296875 0.0328125 0.053125
0 0.92265625 0.446875 0.025 0.03984375
0 0.7375 0.45859375 0.03984375 0.06328125
0 0.70390625 0.44296875 0.0328125 0.046875
0 0.66484375 0.43984375 0.025 0.03984375
0 0.63515625 0.43828125 0.0296875 0.05
0 0.5640625 0.428125 0.02734375 0.03671875
0 0.53359375 0.4296875 0.02265625 0.03359375