0 0.3671875 0.28576967592592595 0.1119791666666666 0.1311921296296296
0 0.2530381944444445 0.27425347222222224 0.08125 0.09456018518518512
0 0.09765625 0.1806076388888889 0.15121527777777777 0.18577546296296296
0 0.1482638888888889 0.21377314814814813 0.084375 0.09506944444444443
0 0.08368055555555556 0.2604398148148148 0.06493055555555557 0.07533564814814815
0 0.03072916666666667 0.2954224537037037 0.05434027777777778 0.061562499999999964
0 0.007508680555555558 0.31025462962962963 0.015017361111111117 0.057673611111111175
0 0.05885416666666667 0.32472222222222225 0.040625 0.04728009259259256
0 0.1046875 0.3353240740740741 0.045659722222222233 0.04960648148148152
0 0.12960069444444447 0.34858217592592594 0.054340277777777765 0.061562499999999964
0 0.14982638888888888 0.36260416666666667 0.0380208333333333 0.042337962962962904
0 0.19635416666666666 0.34975115740740736 0.04479166666666665 0.05247685185185187
0 0.19774305555555555 0.3773842592592593 0.03836805555555558 0.043900462962962905
0 0.23090277777777776 0.3704745370370371 0.04375 0.04778935185185187
0 0.2743923611111111 0.40178819444444447 0.040625 0.04728009259259256
0 0.3227430555555556 0.3976736111111111 0.03715277777777777 0.04520833333333325
0 0.3689236111111111 0.39993634259259264 0.04184027777777777 0.04597222222222221
0 0.4005208333333334 0.40005787037037044 0.04253472222222219 0.049097222222222216
0 0.40737847222222223 0.4064699074074074 0.03454861111111107 0.040266203703703776
0 0.4384548611111111 0.4021585648148148 0.03454861111111107 0.04026620370370364
0 0.4385416666666666 0.4322627314814815 0.03454861111111107 0.040266203703703776
0 0.4630208333333333 0.42375578703703703 0.028819444444444463 0.03481481481481481
0 0.49539930555555556 0.40342013888888884 0.04027777777777786 0.04571759259259269
0 0.4888020833333334 0.4263310185185185 0.03385416666666678 0.03714120370370359
0 0.5299479166666666 0.41059027777777785 0.039409722222222145 0.04858796296296295
0 0.5689236111111111 0.41478009259259263 0.040972222222222146 0.04884259259259256
0 0.6029513888888889 0.42429398148148145 0.035243055555555715 0.0433912037037036
0 0.627170138888889 0.4339004629629629 0.04670138888888893 0.054293981481481526
0 0.6535590277777779 0.4371296296296296 0.045486111111111074 0.05560185185185187
0 0.7548611111111111 0.43191550925925926 0.05642361111111107 0.07093749999999996
0 0.7769965277777777 0.43734375 0.05225694444444447 0.06574074074074084