0 0.06796875 0.65703125 0.12421875 0.1921875
0 0.0328125 0.57109375 0.0640625 0.1140625
0 0.03671875 0.459375 0.0703125 0.13046875
0 0.01640625 0.34765625 0.02890625 0.08046875
0 0.18984375 0.35859375 0.0515625 0.06171875
0 0.1796875 0.571875 0.09765625 0.16328125
0 0.2703125 0.60546875 0.103125 0.2015625
0 0.29296875 0.92265625 0.21640625 0.1546875
0 0.31328125 0.5953125 0.08671875 0.16640625
0 0.38671875 0.3734375 0.05078125 0.09140625
0 0.46640625 0.48125 0.0875 0.14453125
0 0.42578125 0.546875 0.08359375 0.13984375
0 0.55234375 0.5140625 0.06015625 0.0984375
0 0.6296875 0.559375 0.08984375 0.1375
0 0.609375 0.8625 0.1765625 0.25390625
0 0.69765625 0.68125 0.10234375 0.18046875
0 0.66796875 0.49609375 0.0671875 0.1078125
0 0.7734375 0.54375 0.06484375 0.1140625
0 0.83515625 0.528125 0.065625 0.10859375
0 0.9328125 0.74140625 0.13359375 0.25703125
0 0.884375 0.6359375 0.0875 0.159375
0 0.9578125 0.57421875 0.084375 0.1515625