0 0.30625 0.5375 0.09453125 0.17109375
0 0.228125 0.4125 0.0734375 0.109375
0 0.1328125 0.35703125 0.06328125 0.096875
0 0.08828125 0.29765625 0.0546875 0.090625
0 0.0515625 0.23984375 0.03984375 0.05625
0 0.1390625 0.25859375 0.03828125 0.05625
0 0.15703125 0.27265625 0.0359375 0.059375
0 0.25703125 0.28203125 0.04609375 0.071875
0 0.40703125 0.3921875 0.05703125 0.09375
0 0.5640625 0.4453125 0.07578125 0.125
0 0.45390625 0.25546875 0.0359375 0.0625
0 0.4390625 0.21953125 0.03125 0.046875
0 0.3875 0.24453125 0.0296875 0.053125
0 0.3328125 0.21171875 0.025 0.04375
0 0.6203125 0.19453125 0.0234375 0.046875
0 0.70703125 0.20703125 0.025 0.046875
0 0.68515625 0.29609375 0.03984375 0.075
0 0.825 0.36171875 0.0421875 0.09375
0 0.9328125 0.32109375 0.05078125 0.09375
0 0.79609375 0.24609375 0.025 0.05625
0 0.9640625 0.23359375 0.03828125 0.0625