0 0.04321180555555555 0.6866261574074074 0.0864236111111111 0.14392361111111107
0 0.07864583333333333 0.6993750000000001 0.09427083333333333 0.10024305555555557
0 0.2071006944444444 0.7066493055555556 0.07368055555555555 0.07696759259259274
0 0.28565972222222225 0.6578240740740741 0.046354166666666696 0.05005787037037042
0 0.20118055555555556 0.5166087962962964 0.18624999999999997 0.1956712962962964
0 0.32366319444444447 0.5027719907407407 0.1456944444444444 0.16305555555555565
0 0.2282638888888889 0.5953935185185185 0.10618055555555553 0.10738425925925928
0 0.38055555555555554 0.5783564814814814 0.06923611111111114 0.07814814814814816
0 0.44163194444444437 0.5625810185185186 0.06284722222222214 0.0668287037037036
0 0.4923958333333333 0.49905092592592587 0.07958333333333342 0.08516203703703695
0 0.5246180555555556 0.5249652777777778 0.05635416666666657 0.06475694444444428
0 0.56796875 0.474380787037037 0.06826388888888886 0.07189814814814817
0 0.6578819444444444 0.3922337962962963 0.09149305555555554 0.09230324074074074
0 0.7630208333333333 0.3659259259259259 0.08499999999999996 0.09023148148148152
0 0.8152430555555557 0.32773148148148146 0.06513888888888886 0.07164351851851851
0 0.8230208333333333 0.34715277777777775 0.06670138888888885 0.07177083333333334