0 0.5932291666666667 0.41194444444444445 0.046875 0.05905092592592585
0 0.9143663194444445 0.8698321759259258 0.17126736111111107 0.22535879629629613
0 0.9642795138888889 0.8041319444444444 0.07144097222222215 0.16207175925925918
0 0.9712239583333332 0.7115277777777778 0.05755208333333357 0.10040509259259256
0 0.956857638888889 0.6433217592592593 0.07222222222222215 0.07645833333333343
0 0.8860243055555557 0.6283449074074074 0.06961805555555571 0.07164351851851851
0 0.7737847222222222 0.6238020833333333 0.07170138888888893 0.08101851851851852
0 0.8246527777777779 0.6870138888888888 0.07725694444444438 0.07840277777777764
0 0.7411458333333334 0.6978530092592592 0.10173611111111107 0.11261574074074084
0 0.69765625 0.6160648148148148 0.0703125 0.07476851851851851
0 0.7086805555555555 0.5862789351851851 0.056597222222222146 0.06137731481481481
0 0.7975694444444444 0.6065625 0.04670138888888893 0.05136574074074076
0 0.5994791666666666 0.799074074074074 0.17204861111111108 0.18738425925925917
0 0.5513888888888889 0.693130787037037 0.10277777777777786 0.10349537037037031
0 0.31440972222222224 0.6139872685185186 0.10486111111111107 0.11287037037037032
0 0.22986111111111113 0.5856192129629629 0.1244791666666667 0.1252083333333333
0 0.22986111111111107 0.84796875 0.13263888888888892 0.22406250000000005
0 0.16753472222222224 0.4846527777777778 0.050520833333333307 0.054745370370370236
0 0.2203125 0.49432291666666667 0.04618055555555554 0.0421180555555555
0 0.22057291666666665 0.5196585648148149 0.058854166666666693 0.050821759259259205
0 0.2730034722222222 0.5415740740740741 0.05815972222222214 0.06150462962962955
0 0.24913194444444448 0.48593171296296295 0.049131944444444464 0.06230324074074076
0 0.2890625 0.5137326388888889 0.038541666666666606 0.04916666666666671
0 0.32934027777777775 0.5085763888888889 0.03975694444444446 0.04773148148148145
0 0.3558159722222222 0.5207060185185185 0.038541666666666606 0.04916666666666671
0 0.39774305555555556 0.5540393518518518 0.058854166666666693 0.06462962962962955
0 0.41484375 0.5239814814814816 0.04583333333333326 0.05436342592592602
0 0.3873263888888889 0.514068287037037 0.03715277777777777 0.042916666666666714
0 0.48949652777777775 0.5561458333333333 0.050694444444444466 0.0624305555555555
0 0.5513888888888889 0.5550520833333333 0.05347222222222214 0.061122685185185335
0 0.6046875 0.6568171296296297 0.09288194444444446 0.1072916666666666
0 0.6240451388888888 0.630011574074074 0.07569444444444447 0.07827546296296291
0 0.47022569444444445 0.6627372685185186 0.11371527777777786 0.15961805555555558