0 0.7609490740740741 0.6279224537037036 0.0662268518518518 0.09097222222222215
0 0.7394039351851852 0.5701099537037037 0.14508101851851835 0.2009837962962962
0 0.6825520833333334 0.6027777777777777 0.08357638888888878 0.1153935185185185
0 0.6107638888888889 0.6251446759259259 0.10243055555555572 0.1322337962962962
0 0.5971296296296297 0.5794560185185185 0.10405092592592595 0.14027777777777786
0 0.6463310185185185 0.46423611111111107 0.11824074074074069 0.15954861111111107
0 0.667349537037037 0.3453703703703704 0.20347222222222214 0.28767361111111117
0 0.5728356481481482 0.46730324074074076 0.14498842592592603 0.18848379629629636
0 0.53984375 0.5535300925925926 0.09609953703703696 0.12037037037037024
0 0.45905671296296297 0.6280671296296296 0.1056481481481482 0.14519675925925918
0 0.48622106481481475 0.49421296296296297 0.1277546296296297 0.1796875
0 0.430787037037037 0.5071180555555556 0.17190972222222226 0.24085648148148148
0 0.44627893518518513 0.38125 0.2223148148148148 0.30295138888888895
0 0.4297743055555555 0.581568287037037 0.09296296296296305 0.11834490740740744
0 0.34908564814814813 0.5638020833333334 0.1024537037037037 0.13535879629629619
0 0.2846759259259259 0.526417824074074 0.07416666666666671 0.10931712962962976
0 0.24144097222222224 0.4968460648148148 0.1766203703703704 0.24467592592592596
0 0.1398726851851852 0.5111111111111111 0.13562499999999997 0.18865740740740727
0 0.14259837962962962 0.4567418981481481 0.15608796296296296 0.21197916666666675
0 0.19688657407407406 0.28914930555555557 0.19871527777777778 0.2776041666666667
0 0.08004050925925926 0.45818865740740744 0.1041087962962963 0.1480902777777778