0 0.9169386574074074 0.4683622685185185 0.11156250000000015 0.1834953703703704
0 0.8955960648148149 0.6547627314814815 0.048692129629629474 0.0828819444444445
0 0.8360532407407408 0.6822974537037038 0.06481481481481452 0.10998842592592588
0 0.7965451388888889 0.5966840277777777 0.045949074074074045 0.09135416666666671
0 0.7835532407407408 0.6316840277777778 0.054733796296296336 0.0975462962962963
0 0.7250173611111111 0.6279108796296297 0.06708333333333324 0.12092592592592588
0 0.6846122685185185 0.5271238425925926 0.04712962962962965 0.08258101851851851
0 0.6876967592592592 0.6034722222222222 0.05278935185185176 0.0881712962962963
0 0.5744502314814814 0.5456597222222223 0.05915509259259259 0.1043981481481481
0 0.30072337962962964 0.3541840277777778 0.1637615740740741 0.2760532407407408
0 0.13329861111111113 0.2304340277777778 0.24814814814814815 0.41531250000000003