0 0.87109375 0.75390625 0.0421875 0.0703125
0 0.86953125 0.70078125 0.03515625 0.05078125
0 0.76875 0.68671875 0.0375 0.0609375
0 0.7078125 0.68515625 0.0328125 0.053125
0 0.62578125 0.72265625 0.0296875 0.059375
0 0.5921875 0.71484375 0.0421875 0.075
0 0.546875 0.73515625 0.0296875 0.0515625
0 0.528125 0.740625 0.0328125 0.0671875
0 0.47578125 0.74453125 0.03359375 0.0671875
0 0.490625 0.73984375 0.02734375 0.05546875
0 0.41796875 0.75234375 0.0390625 0.05703125
0 0.43515625 0.74453125 0.02578125 0.06484375
0 0.36796875 0.7609375 0.03515625 0.05859375
0 0.3671875 0.72578125 0.03671875 0.0609375
0 0.33046875 0.7859375 0.02421875 0.04921875
0 0.28359375 0.74765625 0.03671875 0.0609375
0 0.30078125 0.75703125 0.0296875 0.05546875
0 0.23828125 0.7578125 0.0375 0.0609375
0 0.20390625 0.79453125 0.04375 0.07109375
0 0.15546875 0.80625 0.03125 0.05859375
0 0.09609375 0.784375 0.0375 0.05859375
0 0.1203125 0.77890625 0.02578125 0.0609375
0 0.07578125 0.79765625 0.03203125 0.0625
0 0.03359375 0.79296875 0.03984375 0.0609375