0 0.21744791666666666 0.6885416666666667 0.1307291666666667 0.23645833333333338
0 0.23500000000000001 0.47520833333333334 0.1408333333333333 0.1446412037037037
0 0.2941666666666667 0.49406249999999996 0.11708333333333334 0.12325231481481484
0 0.43963541666666667 0.6250694444444445 0.16500000000000004 0.16759259259259257
0 0.4213541666666667 0.5593344907407407 0.14197916666666668 0.1432986111111111
0 0.4655729166666667 0.5362326388888888 0.11354166666666679 0.12124999999999986
0 0.5730729166666666 0.5784317129629629 0.12302083333333336 0.12859953703703705
0 0.6474479166666667 0.5979224537037038 0.12572916666666673 0.1274768518518517
0 0.6386979166666666 0.6666203703703704 0.1648958333333333 0.16156249999999997
0 0.7222395833333334 0.48362847222222227 0.11458333333333322 0.11387731481481467
0 0.7733333333333333 0.6780497685185185 0.13250000000000012 0.13594907407407392
0 0.7184375 0.7823611111111111 0.20656250000000007 0.20502314814814823
0 0.6153645833333333 0.9165798611111111 0.2901041666666666 0.16684027777777785
0 0.8355208333333334 0.7251504629629629 0.1 0.10430555555555543
0 0.9248958333333335 0.7106597222222222 0.11864583333333342 0.12347222222222207
0 0.9207812499999999 0.8425173611111111 0.15843750000000015 0.1894212962962964
0 0.9642447916666667 0.7941493055555555 0.07151041666666665 0.1343865740740741
0 0.9903645833333332 0.7594502314814815 0.01927083333333357 0.10743055555555543