0 0.2501909722222222 0.6624131944444445 0.07156249999999993 0.1113773148148148
0 0.08682291666666667 0.2630324074074074 0.16364583333333332 0.3010648148148148
0 0.3757638888888889 0.4031076388888889 0.1426388888888889 0.21181712962962962
0 0.48689236111111106 0.20221064814814813 0.2862847222222222 0.27201388888888883
0 0.7137847222222222 0.3055497685185185 0.21763888888888888 0.2959722222222222
0 0.5411631944444444 0.4473553240740741 0.12690972222222213 0.17160879629629627
0 0.6432638888888889 0.4964525462962963 0.09100694444444457 0.13061342592592595
0 0.6950000000000001 0.5102893518518519 0.08951388888888889 0.13187500000000013
0 0.7864236111111111 0.5457118055555557 0.09180555555555543 0.11372685185185176
0 0.8961979166666666 0.4537673611111111 0.157534722222222 0.23327546296296298
0 0.9732204861111111 0.49741898148148145 0.05355902777777786 0.12681712962962965
0 0.9844791666666666 0.7320081018518518 0.031041666666666856 0.10554398148148145