0 0.4472858796296296 0.6184027777777777 0.08350694444444447 0.09791666666666661
0 0.7165104166666667 0.2028298611111111 0.29273148148148154 0.2854050925925926
0 0.7978472222222223 0.42844907407407407 0.20957175925925925 0.2339930555555556
0 0.9811747685185186 0.5159027777777778 0.037650462962962906 0.14921296296296305
0 0.9467997685185185 0.5620081018518519 0.08951388888888871 0.10756944444444443
0 0.8897337962962961 0.5748958333333334 0.09398148148148167 0.10628472222222225
0 0.7289178240740741 0.4561284722222222 0.11622685185185197 0.1432407407407407
0 0.6952835648148148 0.5254108796296297 0.09087962962962966 0.09525462962962976
0 0.7102777777777778 0.5603877314814815 0.10513888888888889 0.10849537037037038
0 0.2821180555555555 0.4466956018518518 0.08216435185185186 0.09938657407407407
0 0.20730902777777777 0.40507523148148145 0.11559027777777775 0.12770833333333337
0 0.1385185185185185 0.3676851851851851 0.0946412037037037 0.11097222222222225
0 0.19277777777777777 0.2577893518518518 0.12359953703703704 0.14057870370370368