0 0.8412326388888889 0.7127025462962963 0.09149305555555562 0.11746527777777782
0 0.8786458333333332 0.76875 0.05729166666666643 0.07266203703703696
0 0.890798611111111 0.8164814814814815 0.05104166666666643 0.07178240740740734
0 0.7649305555555556 0.6138888888888888 0.11319444444444464 0.14666666666666667
0 0.5864583333333334 0.577662037037037 0.10347222222222215 0.12837962962962965
0 0.68984375 0.682667824074074 0.07951388888888893 0.10655092592592581
0 0.7386284722222222 0.7220659722222222 0.06527777777777785 0.08916666666666676
0 0.7714409722222222 0.7766724537037037 0.0677083333333334 0.08335648148148138
0 0.6369791666666667 0.7371180555555557 0.05 0.062407407407407335
0 0.6131944444444445 0.6940972222222221 0.07118055555555554 0.07307870370370359
0 0.5493055555555555 0.6406712962962964 0.07621527777777785 0.09070601851851841
0 0.562326388888889 0.7091550925925926 0.052604166666666785 0.07200231481481474
0 0.5004340277777778 0.6591840277777777 0.05763888888888893 0.07578703703703696
0 0.43689236111111107 0.5597858796296296 0.08854166666666674 0.10474537037037042
0 0.31085069444444446 0.5230034722222222 0.08541666666666661 0.10430555555555561
0 0.4150173611111111 0.6066956018518518 0.05625 0.07712962962962955
0 0.4591145833333333 0.6811400462962963 0.043055555555555534 0.0691203703703703
0 0.4059895833333333 0.6522395833333332 0.0484375 0.06218749999999993
0 0.3888020833333333 0.6283969907407407 0.044618055555555536 0.05549768518518512
0 0.3265625 0.6101157407407408 0.05034722222222223 0.06553240740740733
0 0.32178819444444445 0.6459432870370371 0.04982638888888893 0.060844907407407334
0 0.2911458333333333 0.586087962962963 0.06927083333333331 0.08357638888888878
0 0.2539930555555555 0.5991087962962963 0.04149305555555553 0.05505787037037031
0 0.24704861111111112 0.6187615740740741 0.03368055555555553 0.05395833333333329
0 0.2158854166666667 0.5635937500000001 0.04930555555555556 0.06999999999999992
0 0.18272569444444448 0.5049710648148148 0.075 0.093611111111111
0 0.1769965277777778 0.5636747685185185 0.04236111111111111 0.06287037037037031
0 0.17977430555555554 0.6029456018518518 0.0421875 0.06130787037037031
0 0.11345486111111111 0.5999594907407408 0.05381944444444446 0.06909722222222214
0 0.11440972222222223 0.5485185185185186 0.06284722222222223 0.08113425925925917
0 0.07786458333333335 0.4775173611111111 0.08246527777777776 0.11927083333333321
0 0.022829861111111113 0.4445138888888889 0.04565972222222223 0.09854166666666675
0 0.007074652777777779 0.4847337962962962 0.014149305555555557 0.07959490740740734
0 0.02682291666666667 0.5237152777777778 0.05364583333333334 0.08560185185185176
0 0.05789930555555556 0.5429456018518518 0.04878472222222223 0.06531249999999993