0 0.7450289351851852 0.4152719907407407 0.054768518518518404 0.09851851851851845
0 0.692511574074074 0.40580439814814806 0.0600462962962963 0.10438657407407415
0 0.7083854166666667 0.44795138888888886 0.03228009259259253 0.06410879629629633
0 0.7636689814814815 0.4234375 0.03168981481481481 0.05942129629629633
0 0.777337962962963 0.4230208333333333 0.031099537037037096 0.054733796296296336
0 0.6603530092592592 0.4449189814814815 0.044201388888888894 0.07467592592592602
0 0.6386747685185185 0.4488657407407407 0.04127314814814831 0.07545138888888889
0 0.5866030092592591 0.4839178240740741 0.03246527777777786 0.05356481481481481
0 0.5647280092592593 0.38730324074074074 0.07648148148148141 0.13878472222222227
0 0.546412037037037 0.44865162037037026 0.046354166666666606 0.0797569444444445
0 0.5514525462962963 0.48671875 0.02582175925925938 0.048865740740740723
0 0.49578125 0.5083043981481481 0.03481481481481481 0.06020833333333329
0 0.4774305555555555 0.5038483796296296 0.04107638888888889 0.07388888888888889
0 0.4342361111111111 0.44437499999999996 0.06905092592592599 0.1278356481481481
0 0.4019328703703704 0.5326967592592593 0.037951388888888896 0.07310185185185195
0 0.3709027777777778 0.5147916666666668 0.04557870370370374 0.08561342592592602
0 0.36453125000000003 0.5413599537037037 0.033634259259259204 0.050833333333333286
0 0.3011921296296296 0.5157060185185186 0.05064814814814813 0.07781249999999992
0 0.2655208333333333 0.5526793981481481 0.03246527777777786 0.05356481481481481
0 0.23982638888888888 0.5704976851851852 0.030127314814814808 0.05902777777777786
0 0.19396412037037036 0.5442245370370371 0.05516203703703706 0.10164351851851841
0 0.1709837962962963 0.5825405092592593 0.03560185185185185 0.06645833333333329
0 0.13353587962962962 0.537505787037037 0.04890046296296298 0.08796296296296298
0 0.1306597222222222 0.584375 0.03892361111111109 0.06880787037037042