0 0.1547511574074074 0.6212500000000001 0.3095023148148148 0.3374305555555555
0 0.14251157407407405 0.8139930555555555 0.19266203703703705 0.2042361111111112
0 0.1208159722222222 0.9370833333333334 0.07832175925925929 0.07444444444444435
0 0.16046875 0.9381597222222222 0.07012731481481485 0.06451388888888872
0 0.13903935185185184 0.9638368055555556 0.042893518518518546 0.014548611111111142
0 0.2304282407407407 0.9373090277777777 0.0600462962962963 0.052881944444444426
0 0.25686921296296295 0.9096527777777779 0.07148148148148152 0.07843750000000008
0 0.2787962962962963 0.8593923611111112 0.0925578703703703 0.098715277777778
0 0.3025636574074074 0.8963888888888889 0.05665509259259256 0.05871527777777778
0 0.34197916666666667 0.8875173611111112 0.06582175925925923 0.07333333333333343
0 0.35086805555555556 0.7855034722222223 0.1183796296296297 0.12708333333333338
0 0.3973784722222222 0.7054513888888889 0.14296296296296296 0.15687499999999996
0 0.5451215277777777 0.4737673611111111 0.24533564814814818 0.27333333333333343
0 0.5874479166666666 0.6172395833333333 0.1571412037037037 0.17347222222222208
0 0.48237847222222213 0.7393055555555555 0.09762731481481488 0.10836805555555565
0 0.4101273148148148 0.7955729166666666 0.08280092592592592 0.08864583333333335
0 0.3865509259259259 0.8574826388888889 0.05697916666666671 0.060277777777777784
0 0.4338368055555556 0.8402430555555556 0.0731018518518518 0.08625000000000008
0 0.4768460648148148 0.8103472222222223 0.06641203703703695 0.06878472222222234
0 0.5171759259259259 0.8044618055555557 0.04943287037037045 0.053472222222222233
0 0.53984375 0.7802083333333333 0.059513888888889 0.0651041666666666
0 0.564224537037037 0.7772743055555555 0.06048611111111111 0.06979166666666678
0 0.6000983796296296 0.7411111111111112 0.0636111111111111 0.07006944444444443
0 0.6276967592592593 0.6635069444444445 0.09417824074074091 0.10652777777777782
0 0.662326388888889 0.6888020833333334 0.09229166666666658 0.104826388888889
0 0.7489062499999999 0.6373958333333334 0.06770833333333322 0.07503472222222225
0 0.7962673611111111 0.5273611111111112 0.12403935185185197 0.13218750000000004
0 0.7860937499999999 0.4063368055555555 0.21471064814814814 0.22920138888888886
0 0.8044560185185186 0.5803125 0.12123842592592596 0.13347222222222221