0 0.25703125 0.4497858796296296 0.0796875 0.11574074074074066
0 0.44105902777777783 0.5406365740740741 0.06840277777777785 0.09965277777777785
0 0.5080729166666667 0.5382754629629629 0.061111111111111074 0.08071759259259252
0 0.5360243055555556 0.6760763888888889 0.06493055555555571 0.08402777777777785
0 0.7014756944444445 0.5798148148148148 0.06979166666666678 0.09202546296296302
0 0.13229166666666667 0.5445023148148148 0.06614583333333335 0.08255787037037035
0 0.0912326388888889 0.6402199074074074 0.0626736111111111 0.0808101851851852
0 0.11970486111111112 0.7044386574074075 0.04513888888888888 0.06435185185185191
0 0.15677083333333336 0.6908043981481482 0.043923611111111115 0.06582175925925923
0 0.06371527777777779 0.8103530092592592 0.040277777777777767 0.05635416666666657
0 0.07335069444444445 0.8346701388888889 0.03194444444444444 0.04660879629629626
0 0.115625 0.8759606481481482 0.03159722222222222 0.045046296296296265
0 0.14270833333333335 0.9108101851851853 0.03559027777777777 0.05607638888888857
0 0.22743055555555552 0.9071238425925927 0.030555555555555537 0.040358796296296615
0 0.2443576388888889 0.834513888888889 0.05121527777777777 0.07087962962962982
0 0.31710069444444444 0.8277430555555556 0.05295138888888893 0.06481481481481488
0 0.3028645833333333 0.9274247685185186 0.030555555555555537 0.04035879629629626
0 0.32230902777777776 0.9325347222222222 0.03125 0.043483796296296263
0 0.4102430555555555 0.8395949074074075 0.04739583333333326 0.0536921296296299
0 0.3939236111111112 0.7349363425925926 0.06006944444444447 0.07603009259259252
0 0.4530381944444445 0.785931712962963 0.06076388888888893 0.07915509259259253
0 0.4815104166666666 0.8430266203703705 0.04184027777777786 0.05644675925925924
0 0.5049479166666666 0.8515393518518518 0.03576388888888893 0.04991898148148159
0 0.4814236111111111 0.875474537037037 0.03454861111111107 0.05138888888888893
0 0.453125 0.9102083333333333 0.03472222222222214 0.04523148148148124