0 0.91953125 0.415625 0.1546875 0.340625
0 0.18671875 0.6046875 0.10625 0.13671875
0 0.3484375 0.490625 0.096875 0.13671875
0 0.47890625 0.41796875 0.07265625 0.109375
0 0.5625 0.34296875 0.0578125 0.0953125
0 0.653125 0.28828125 0.0390625 0.07734375
0 0.72421875 0.240625 0.0421875 0.07265625
0 0.8046875 0.17734375 0.0390625 0.07265625
0 0.84375 0.165625 0.02734375 0.05
0 0.73671875 0.12734375 0.03046875 0.0546875
0 0.68671875 0.1546875 0.02734375 0.0546875
0 0.6078125 0.115625 0.02734375 0.040625
0 0.56328125 0.2046875 0.03046875 0.06328125
0 0.559375 0.1296875 0.02734375 0.05
0 0.52734375 0.0796875 0.03046875 0.05
0 0.46953125 0.11328125 0.03046875 0.0546875
0 0.45 0.07734375 0.02109375 0.03671875
0 0.45625 0.17734375 0.02734375 0.0546875
0 0.51953125 0.2203125 0.0390625 0.059375
0 0.43359375 0.26796875 0.0421875 0.07265625
0 0.4 0.1953125 0.03046875 0.06328125
0 0.37265625 0.13203125 0.03046875 0.03671875
0 0.4 0.090625 0.02421875 0.0453125
0 0.32109375 0.084375 0.02421875 0.040625
0 0.3 0.12734375 0.02421875 0.03671875
0 0.31328125 0.14765625 0.02734375 0.040625
0 0.2546875 0.10703125 0.02421875 0.040625
0 0.2390625 0.12734375 0.03046875 0.0453125
0 0.24375 0.18203125 0.03359375 0.0453125
0 0.31796875 0.20703125 0.0421875 0.059375
0 0.346875 0.290625 0.0453125 0.08203125
0 0.22578125 0.3453125 0.0578125 0.08203125
0 0.240625 0.2453125 0.0453125 0.07265625
0 0.08671875 0.415625 0.07578125 0.0953125
0 0.0421875 0.31171875 0.0546875 0.08671875
0 0.06953125 0.23203125 0.03671875 0.0546875
0 0.01640625 0.18671875 0.0328125 0.0546875
0 0.06484375 0.13671875 0.0390625 0.0453125
0 0.13515625 0.28203125 0.0390625 0.06328125
0 0.16640625 0.19765625 0.03671875 0.059375
0 0.17421875 0.14765625 0.02734375 0.05
0 0.1890625 0.11796875 0.02734375 0.0453125
0 0.12109375 0.13203125 0.03046875 0.0453125
0 0.1015625 0.1703125 0.0453125 0.059375