0 0.22766782407407407 0.48625578703703703 0.06292824074074073 0.09375
0 0.3097453703703704 0.39241898148148147 0.03923611111111107 0.05104166666666661
0 0.3550173611111111 0.38894675925925926 0.03849537037037036 0.04791666666666661
0 0.40802083333333333 0.39079861111111114 0.033067129629629655 0.04409722222222223
0 0.4328356481481482 0.3863136574074074 0.03380787037037045 0.047222222222222235
0 0.5390277777777778 0.39079861111111114 0.03388888888888886 0.04120370370370372
0 0.5775983796296297 0.39317129629629627 0.032326388888888856 0.04097222222222232
0 0.5871701388888889 0.344849537037037 0.046967592592592665 0.05821759259259256
0 0.6261400462962963 0.39325810185185184 0.02615740740740744 0.03402777777777777
0 0.6402893518518519 0.4154224537037036 0.02689814814814806 0.03715277777777781
0 0.6465740740740741 0.3805266203703704 0.033067129629629655 0.04409722222222223
0 0.6757407407407408 0.3398148148148148 0.03701388888888886 0.04166666666666661
0 0.6863136574074075 0.36736111111111114 0.03545138888888886 0.04143518518518521
0 0.68140625 0.401244212962963 0.025416666666666643 0.030902777777777814
0 0.7074537037037036 0.391724537037037 0.03158564814814806 0.03784722222222214
0 0.7247916666666667 0.4239293981481481 0.021550925925926022 0.027314814814814882
0 0.729542824074074 0.3245659722222222 0.04918981481481488 0.06759259259259257
0 0.7649710648148147 0.344386574074074 0.03611111111111107 0.05057870370370363
0 0.7686458333333334 0.3155381944444445 0.045486111111111074 0.05196759259259256
0 0.8140277777777778 0.3500578703703704 0.04153935185185169 0.05439814814814818
0 0.8074999999999999 0.4043981481481481 0.02771990740740753 0.03425925925925921
0 0.8429398148148148 0.3765046296296296 0.03158564814814824 0.037847222222222233
0 0.8540046296296296 0.3958912037037037 0.024594907407407263 0.03379629629629628
0 0.8368171296296296 0.2892650462962963 0.0720949074074074 0.0815393518518519
0 0.8702546296296296 0.32798032407407407 0.03693287037037045 0.04768518518518512
0 0.8879398148148148 0.34800347222222217 0.03388888888888886 0.04120370370370372
0 0.8943402777777777 0.3818287037037037 0.029201388888888857 0.04050925925925926
0 0.9205324074074074 0.3763310185185185 0.03545138888888886 0.04143518518518512
0 0.9400636574074074 0.3734375 0.02615740740740762 0.03402777777777786
0 0.9398611111111113 0.3896412037037037 0.02615740740740762 0.03402777777777777
0 0.9662384259259259 0.3849247685185185 0.026979166666666644 0.031134259259259257
0 0.9874045138888888 0.3872685185185185 0.025190972222222285 0.04027777777777786
0 0.9775491898148149 0.32326388888888885 0.04490162037037031 0.071875
0 0.9755208333333332 0.3285590277777778 0.03833333333333329 0.059953703703703634