0 0.5696469907407408 0.41652199074074076 0.1480439814814815 0.1632523148148149
0 0.7574594907407407 0.5572627314814815 0.14972222222222237 0.1789351851851851
0 0.834976851851852 0.6833333333333333 0.10245370370370362 0.12407407407407404
0 0.8633912037037037 0.826851851851852 0.058368055555555645 0.07714120370370373
0 0.6573263888888888 0.7539930555555555 0.06774305555555564 0.07748842592592595
0 0.6213657407407407 0.646701388888889 0.10078703703703695 0.1099537037037038
0 0.5616956018518519 0.7145543981481481 0.05987268518518522 0.06938657407407404
0 0.503917824074074 0.721383101851852 0.050428240740740725 0.059664351851851906
0 0.4771354166666667 0.6926793981481482 0.04884259259259256 0.05648148148148149
0 0.4946990740740741 0.6373263888888889 0.08668981481481489 0.10474537037037024
0 0.44351851851851853 0.585300925925926 0.08188657407407404 0.08894675925925917
0 0.38503472222222224 0.6023148148148149 0.06459490740740748 0.07424768518518512
0 0.37684027777777773 0.6565393518518519 0.052013888888888894 0.06284722222222214
0 0.4349363425925926 0.692679398148148 0.04730324074074073 0.05954861111111107
0 0.468449074074074 0.46950231481481486 0.11344907407407412 0.13229166666666678
0 0.3010300925925926 0.33894675925925927 0.14021990740740745 0.16140046296296298
0 0.24433449074074076 0.3863715277777778 0.09143518518518515 0.11273148148148149
0 0.18223379629629627 0.33709490740740744 0.10238425925925929 0.11469907407407405
0 0.14061921296296295 0.41600115740740745 0.08506944444444446 0.096875
0 0.16122685185185187 0.45509259259259255 0.06299768518518518 0.06950231481481488
0 0.18200810185185184 0.5176215277777778 0.06615740740740743 0.07430555555555554
0 0.2882175925925926 0.5082175925925926 0.07714120370370373 0.0809606481481481
0 0.2643402777777778 0.5552083333333333 0.05990740740740739 0.07407407407407404
0 0.10125578703703704 0.4823206018518519 0.05671296296296298 0.06458333333333321
0 0.02353587962962963 0.4344039351851852 0.04126157407407407 0.08744212962962958