0 0.6225520833333333 0.2187615740740741 0.18390046296296295 0.19616898148148146
0 0.6922164351851852 0.2355729166666667 0.11346064814814802 0.11600694444444448
0 0.7465046296296296 0.2283449074074074 0.09350694444444443 0.09546296296296293
0 0.7899710648148148 0.26408564814814817 0.08216435185185186 0.08563657407407402
0 0.5453125 0.3816724537037037 0.05437499999999993 0.051585648148148165
0 0.4640335648148148 0.4139120370370371 0.06260416666666675 0.06665509259259257
0 0.4308043981481481 0.4343518518518518 0.05281249999999993 0.05124999999999993
0 0.4158043981481481 0.4176215277777778 0.06650462962962962 0.06453703703703706
0 0.3566782407407407 0.402980324074074 0.07980324074074074 0.07626157407407415
0 0.3794328703703704 0.4476041666666667 0.0653240740740741 0.05984953703703688
0 0.39435763888888886 0.5027777777777778 0.050856481481481544 0.04935185185185187
0 0.2874363425925926 0.46958333333333335 0.07354166666666666 0.06900462962962965
0 0.18649305555555556 0.4742708333333333 0.09937500000000003 0.10115740740740727
0 0.18306712962962962 0.5289525462962963 0.05828703703703706 0.05538194444444429
0 0.23853009259259256 0.519994212962963 0.06103009259259258 0.060405092592592524
0 0.14259259259259255 0.5605555555555556 0.0653240740740741 0.05984953703703688
0 0.0892997685185185 0.557962962962963 0.07002314814814817 0.06677083333333336
0 0.09021412037037035 0.589542824074074 0.05515046296296298 0.04879629629629641
0 0.040214120370370365 0.5517476851851851 0.08042824074074073 0.09903935185185198
0 0.0015972222222222165 0.5371296296296297 0.003194444444444433 0.14894675925925932
0 0.006171874999999993 0.6111979166666666 0.012343749999999987 0.070451388888889
0 0.035729166666666645 0.5975520833333333 0.058680555555555555 0.056944444444444464