0 0.9787731481481481 0.804375 0.042453703703703737 0.134375
0 0.9366203703703704 0.8592187500000001 0.08144675925925923 0.10093749999999986
0 0.9872395833333332 0.9715624999999999 0.02552083333333357 0.05687500000000014
0 0.9442939814814814 0.9884375000000001 0.03292824074074048 0.02312499999999993
0 0.8907118055555555 0.9717187500000002 0.034490740740740836 0.04468749999999986
0 0.8582638888888889 0.97203125 0.036817129629629616 0.049687499999999926
0 0.8096643518518519 0.9706250000000001 0.02591435185185196 0.03843749999999986
0 0.8123437499999999 0.9175000000000001 0.036817129629629616 0.04968750000000029
0 0.7664872685185184 0.914375 0.03605324074074066 0.04500000000000028
0 0.7492129629629629 0.93359375 0.026203703703703774 0.03093749999999993
0 0.7117476851851852 0.91703125 0.03005787037037031 0.0453125
0 0.6758101851851852 0.90984375 0.02540509259259256 0.03531249999999986
0 0.8230266203703703 0.7140625 0.10812500000000007 0.14406250000000007
0 0.5730092592592593 0.5665625000000001 0.12437499999999986 0.18812500000000015
0 0.7052546296296296 0.77515625 0.03965277777777772 0.0578125
0 0.6036747685185185 0.759375 0.05131944444444443 0.07375000000000007
0 0.5417361111111111 0.73640625 0.06247685185185183 0.08656249999999996
0 0.47725694444444444 0.62828125 0.07934027777777786 0.10656250000000007
0 0.31296875 0.4503125 0.16442129629629623 0.21125000000000008
0 0.2108391203703704 0.51 0.09693287037037039 0.14031249999999992
0 0.15843171296296293 0.6521874999999999 0.07962962962962963 0.09906250000000014
0 0.3858738425925926 0.74 0.050555555555555555 0.06906250000000007
0 0.3448726851851852 0.8640625 0.05600694444444443 0.07468749999999993
0 0.39381365740740737 0.844375 0.036817129629629616 0.049687499999999926
0 0.4658333333333333 0.8550000000000001 0.03005787037037031 0.0453125
0 0.4887499999999999 0.89359375 0.028275462962962905 0.034375
0 0.5270486111111111 0.8967187500000001 0.023078703703703594 0.03031250000000014
0 0.5304224537037037 0.86640625 0.024641203703703596 0.030624999999999857
0 0.552025462962963 0.87375 0.03241898148148152 0.04125000000000014
0 0.5873668981481481 0.9004687499999999 0.024641203703703596 0.030624999999999857
0 0.6042650462962962 0.91140625 0.03212962962962962 0.04874999999999972
0 0.6286458333333333 0.9079687499999999 0.023078703703703775 0.03031250000000014
0 0.6189004629629629 0.8667187500000001 0.0375810185185184 0.054375000000000284
0 0.6314872685185186 0.8465624999999999 0.030567129629629618 0.0484375
0 0.6568518518518518 0.8584375 0.036817129629629616 0.049687499999999926