0 0.05167824074074075 0.6183796296296296 0.1033564814814815 0.168287037037037
0 0.14539930555555552 0.6184895833333334 0.054918981481481485 0.08156250000000007
0 0.1707175925925926 0.615451388888889 0.05335648148148149 0.08108796296296283
0 0.2458622685185185 0.6820081018518518 0.08512731481481488 0.11728009259259267
0 0.2821180555555555 0.6600115740740741 0.05844907407407405 0.07673611111111107
0 0.32346643518518514 0.668443287037037 0.029398148148148184 0.047268518518518474
0 0.3765335648148148 0.6358738425925926 0.0331018518518519 0.05134259259259259
0 0.36458333333333337 0.7271412037037037 0.06863425925925926 0.10784722222222225
0 0.3763310185185185 0.8330324074074074 0.1284143518518519 0.19973379629629626
0 0.46814236111111107 0.7783969907407408 0.0642939814814815 0.08440972222222225
0 0.4813078703703704 0.7295833333333333 0.04207175925925917 0.059965277777777715
0 0.5073784722222222 0.6912905092592593 0.027256944444444466 0.04366898148148142
0 0.5015335648148149 0.7406770833333333 0.0331018518518519 0.05134259259259259
0 0.5224247685185185 0.7437210648148148 0.026678240740740832 0.04054398148148142
0 0.535619212962963 0.7526793981481481 0.04508101851851851 0.06825231481481478
0 0.5691840277777778 0.794230324074074 0.06134259259259256 0.09236111111111107
0 0.6173321759259259 0.721383101851852 0.03026620370370381 0.05195601851851848
0 0.6256655092592592 0.7833275462962963 0.0331018518518519 0.05134259259259259
0 0.6416956018518519 0.7947974537037037 0.034085648148148094 0.048692129629629655
0 0.6472800925925926 0.827025462962963 0.04565972222222214 0.07137731481481495
0 0.6692997685185185 0.8106076388888889 0.0315393518518519 0.05086805555555536
0 0.6811053240740741 0.8315219907407407 0.034664351851851904 0.05181712962962948
0 0.7151041666666667 0.8484490740740741 0.04207175925925917 0.059965277777777715
0 0.5562210648148148 0.9132465277777777 0.09589120370370363 0.15151620370370367
0 0.710011574074074 0.9294212962962962 0.08460648148148149 0.13039351851851855
0 0.778125 0.9270023148148148 0.07563657407407405 0.12177083333333343
0 0.816232638888889 0.9261979166666666 0.06545138888888893 0.09065972222222243
0 0.8314236111111111 0.8218865740740741 0.036400462962962975 0.06119212962962948
0 0.8558449074074073 0.9440046296296296 0.04270833333333357 0.0793287037037036