0 0.06796875 0.37567708333333333 0.1265625 0.18062500000000004
0 0.17734375 0.36413194444444447 0.134375 0.18253472222222228
0 0.30390625 0.38538194444444446 0.1046875 0.14840277777777774
0 0.365625 0.41859375 0.096875 0.1339930555555556
0 0.35078125 0.5952777777777778 0.2453125 0.34840277777777773
0 0.5 0.6050347222222222 0.1921875 0.2741666666666667
0 0.53359375 0.47762152777777783 0.096875 0.13399305555555543
0 0.49453125 0.39697916666666666 0.06875 0.1046180555555555
0 0.434375 0.43571180555555555 0.0953125 0.1354861111111111
0 0.43203125 0.3699826388888889 0.075 0.10489583333333333
0 0.575 0.43180555555555555 0.0828125 0.11305555555555565
0 0.61484375 0.4617013888888889 0.065625 0.09979166666666668
0 0.71171875 0.4683506944444444 0.0921875 0.12753472222222229
0 0.68203125 0.61390625 0.1640625 0.2291666666666668
0 0.6765625 0.8009809027777777 0.315625 0.39803819444444455
0 0.875 0.7740451388888888 0.2140625 0.31107638888888883
0 0.8921875 0.6294965277777778 0.1 0.14194444444444443