0 0.9778993055555556 0.8622916666666667 0.044201388888888714 0.13125
0 0.979826388888889 0.79875 0.040347222222222 0.07802083333333325
0 0.9266145833333332 0.7873958333333333 0.05625 0.08197916666666671
0 0.8763715277777777 0.7978125 0.06343749999999986 0.09729166666666664
0 0.997829861111111 0.9936979166666667 0.004340277777777857 0.012604166666666573
0 0.8030902777777778 0.7916666666666666 0.05486111111111107 0.07416666666666671
0 0.7280902777777778 0.7716666666666667 0.07041666666666657 0.09468749999999986
0 0.67890625 0.7503645833333333 0.053576388888888896 0.07531250000000007
0 0.614045138888889 0.6534375 0.04604166666666672 0.07479166666666667
0 0.7447916666666666 0.8572395833333333 0.09170138888888886 0.1390625
0 0.6504861111111111 0.795625 0.06666666666666679 0.10708333333333328
0 0.6720312500000001 0.8958854166666667 0.09399305555555557 0.1352083333333333
0 0.6867013888888889 0.9623177083333333 0.17093749999999996 0.07536458333333336
0 0.5855729166666667 0.7946875 0.0767708333333335 0.10531249999999996
0 0.5221527777777778 0.7435416666666667 0.052569444444444356 0.07802083333333343
0 0.5113368055555556 0.7622395833333334 0.059097222222222356 0.08125
0 0.4756423611111112 0.7623958333333334 0.06388888888888893 0.09145833333333328
0 0.46319444444444446 0.8305208333333333 0.09336805555555543 0.1484375
0 0.39819444444444446 0.7328125 0.045208333333333336 0.07010416666666668
0 0.37128472222222225 0.7405208333333333 0.05524305555555555 0.08468750000000007
0 0.3417708333333333 0.7586979166666666 0.04833333333333334 0.07093749999999996
0 0.3076041666666667 0.7674479166666667 0.06979166666666661 0.10791666666666674
0 0.23192708333333334 0.7227083333333333 0.052013888888888894 0.07489583333333343