0 0.03911458333333333 0.42866319444444445 0.07822916666666666 0.19561342592592598
0 0.2502951388888889 0.5193287037037038 0.09270833333333331 0.12304398148148152
0 0.27553819444444444 0.43796875 0.07097222222222221 0.08739583333333326
0 0.4134722222222222 0.44597800925925923 0.07878472222222221 0.08803240740740748
0 0.40836805555555555 0.37940972222222225 0.050729166666666714 0.06880787037037032
0 0.48439236111111106 0.3632060185185185 0.04760416666666671 0.06855324074074076
0 0.5217708333333333 0.3824884259259259 0.05284722222222218 0.07206018518518516
0 0.5480034722222222 0.35186342592592595 0.03260416666666668 0.053472222222222233
0 0.58953125 0.3607986111111111 0.04704861111111107 0.06542824074074076
0 0.6547222222222222 0.3362384259259259 0.033611111111111217 0.05047453703703706
0 0.8910416666666666 0.4101446759259259 0.059236111111111 0.10799768518518515
0 0.8821006944444445 0.3608275462962963 0.05486111111111107 0.06606481481481481
0 0.8684027777777779 0.32960648148148153 0.040972222222222146 0.057233796296296366
0 0.8956770833333334 0.3104456018518519 0.04520833333333343 0.06373842592592593