0 0.7631134259259259 0.1162152777777778 0.046365740740740694 0.05505787037037039
0 0.7442997685185185 0.13920138888888892 0.049861111111111 0.05869212962962962
0 0.7255671296296297 0.17443287037037042 0.05740740740740744 0.07064814814814815
0 0.679212962962963 0.21646412037037038 0.06752314814814823 0.0784259259259259
0 0.6038715277777778 0.25096064814814817 0.06384259259259259 0.07322916666666668
0 0.5861516203703704 0.23239583333333336 0.035509259259259275 0.04103009259259256
0 0.5701446759259259 0.25109375 0.048298611111111 0.05843749999999996
0 0.5311226851851851 0.2635821759259259 0.044618055555555536 0.05324074074074074
0 0.4892361111111111 0.24206018518518518 0.035509259259259095 0.04103009259259256
0 0.537974537037037 0.3092013888888889 0.0696412037037037 0.08336805555555556
0 0.49041087962962954 0.3161863425925926 0.057037037037036956 0.06752314814814815
0 0.47083912037037035 0.3132465277777778 0.043055555555555534 0.05298611111111109
0 0.44394675925925925 0.32682291666666663 0.044618055555555536 0.05324074074074074
0 0.4054282407407408 0.34152777777777776 0.046365740740740735 0.055057870370370396
0 0.397806712962963 0.38644097222222223 0.06826388888888886 0.0846759259259259
0 0.37624421296296295 0.4520138888888889 0.08031249999999997 0.0958333333333334
0 0.33241898148148147 0.3886689814814815 0.03238425925925927 0.04052083333333334
0 0.31521990740740746 0.4044965277777778 0.039560185185185226 0.04935185185185187
0 0.3014525462962963 0.4366203703703704 0.0603472222222222 0.06959490740740737
0 0.2502199074074074 0.435775462962963 0.037812499999999985 0.047534722222222214
0 0.21987847222222223 0.5043113425925926 0.07101851851851855 0.08206018518518512
0 0.1835011574074074 0.4880208333333333 0.03762731481481483 0.04597222222222221
0 0.16134837962962964 0.4939293981481482 0.040752314814814825 0.046481481481481526
0 0.1689525462962963 0.5202719907407408 0.04305555555555558 0.052986111111111
0 0.1179976851851852 0.5170833333333333 0.047743055555555546 0.053749999999999964
0 0.10268518518518518 0.5816377314814816 0.06715277777777776 0.07530092592592581
0 0.03559027777777778 0.5918055555555556 0.05703703703703703 0.06752314814814823
0 0.017965856481481485 0.5977141203703704 0.03593171296296297 0.056365740740740834
0 0.2069502314814815 0.4711747685185186 0.04287037037037038 0.051423611111111