0 0.015625 0.71484375 0.01796875 0.03046875
0 0.03046875 0.703125 0.01484375 0.03359375
0 0.01953125 0.68515625 0.01171875 0.01796875
0 0.053125 0.7296875 0.0234375 0.0359375
0 0.05 0.70078125 0.01640625 0.028125
0 0.0546875 0.6890625 0.01640625 0.0203125
0 0.07890625 0.6890625 0.01484375 0.02578125
0 0.07265625 0.71484375 0.01796875 0.03046875
0 0.0640625 0.80859375 0.0484375 0.059375
0 0.115625 0.71484375 0.021875 0.03046875
0 0.1125 0.69140625 0.01484375 0.0203125
0 0.121875 0.68125 0.01328125 0.02578125
0 0.15078125 0.703125 0.01796875 0.03359375
0 0.1484375 0.68984375 0.01328125 0.0234375
0 0.18046875 0.69296875 0.01796875 0.028125
0 0.19140625 0.70859375 0.0203125 0.0234375
0 0.20390625 0.68515625 0.01796875 0.028125
0 0.215625 0.69375 0.01796875 0.02578125
0 0.2421875 0.69140625 0.01484375 0.0203125
0 0.2046875 0.72734375 0.0265625 0.04140625
0 0.22578125 0.75546875 0.03203125 0.0515625
0 0.225 0.8046875 0.03984375 0.05625
0 0.2078125 0.8609375 0.06796875 0.1078125
0 0.18046875 0.7828125 0.04140625 0.0640625
0 0.16796875 0.74296875 0.0296875 0.04140625
0 0.26328125 0.740625 0.0265625 0.0359375
0 0.27109375 0.71171875 0.021875 0.03046875
0 0.290625 0.7171875 0.01484375 0.02578125
0 0.2921875 0.7453125 0.025 0.04609375
0 0.3046875 0.79453125 0.04296875 0.0671875
0 0.33359375 0.75546875 0.0265625 0.05625
0 0.36328125 0.74921875 0.0265625 0.04375
0 0.3890625 0.74453125 0.025 0.04375
0 0.36015625 0.715625 0.0203125 0.028125
0 0.3625 0.69296875 0.01796875 0.0234375
0 0.378125 0.7046875 0.0203125 0.02578125
0 0.396875 0.7109375 0.01640625 0.03359375
0 0.40234375 0.69765625 0.01484375 0.0234375
0 0.325 0.71875 0.0203125 0.0234375
0 0.32890625 0.70859375 0.01796875 0.0234375
0 0.43359375 0.80703125 0.046875 0.08203125
0 0.44296875 0.7828125 0.03359375 0.059375
0 0.4484375 0.740625 0.0265625 0.04140625
0 0.4546875 0.71875 0.0203125 0.03359375
0 0.48359375 0.6890625 0.01640625 0.0203125
0 0.49140625 0.70703125 0.01640625 0.02578125
0 0.5078125 0.72734375 0.021875 0.04140625
0 0.51640625 0.74140625 0.0234375 0.04921875
0 0.53515625 0.7671875 0.03671875 0.05390625
0 0.559375 0.71328125 0.021875 0.03359375
0 0.5234375 0.7015625 0.01015625 0.0203125
0 0.5765625 0.69296875 0.01328125 0.01796875
0 0.61640625 0.69140625 0.0203125 0.0203125
0 0.621875 0.7609375 0.03984375 0.06171875
0 0.6171875 0.88828125 0.08203125 0.14140625
0 0.71796875 0.79296875 0.053125 0.0953125
0 0.690625 0.740625 0.03515625 0.04609375
0 0.66953125 0.73671875 0.021875 0.04921875
0 0.63671875 0.72109375 0.0203125 0.03359375
0 0.6 0.7109375 0.01640625 0.028125
0 0.63515625 0.6953125 0.01640625 0.028125
0 0.675 0.69296875 0.0203125 0.028125
0 0.67890625 0.7046875 0.01484375 0.02578125
0 0.6921875 0.70703125 0.01796875 0.02578125
0 0.73359375 0.71484375 0.0234375 0.03046875
0 0.7296875 0.74453125 0.0234375 0.04375
0 0.7578125 0.71484375 0.021875 0.04140625
0 0.74609375 0.69296875 0.01484375 0.0234375
0 0.77578125 0.6890625 0.01484375 0.02578125
0 0.7828125 0.6890625 0.01171875 0.0203125
0 0.81640625 0.71953125 0.0234375 0.04140625
0 0.825 0.75859375 0.03984375 0.071875
0 0.8359375 0.65 0.01796875 0.0359375
0 0.8609375 0.71875 0.01796875 0.028125
0 0.8734375 0.696875 0.01640625 0.03046875
0 0.8625 0.68125 0.01171875 0.0203125
0 0.89921875 0.7171875 0.021875 0.02578125
0 0.92578125 0.78125 0.0546875 0.103125
0 0.88671875 0.7484375 0.0234375 0.04609375
0 0.97109375 0.79921875 0.0484375 0.0671875
0 0.98046875 0.7390625 0.025 0.03359375
0 0.93828125 0.703125 0.0234375 0.03828125
0 0.96328125 0.703125 0.0203125 0.03359375
0 0.9875 0.71328125 0.01796875 0.03359375
0 0.909375 0.6890625 0.01484375 0.02578125
0 0.89140625 0.68671875 0.01640625 0.0359375
0 0.9296875 0.6828125 0.01328125 0.01796875
0 0.46484375 0.59140625 0.01015625 0.015625
0 0.5265625 0.5953125 0.01015625 0.01796875