0 0.37388310185185186 0.56953125 0.08806712962962973 0.1446527777777778
0 0.43961805555555555 0.1740451388888889 0.13874999999999993 0.20305555555555554
0 0.4915740740740741 0.06313368055555556 0.1544560185185187 0.12626736111111111
0 0.7412557870370371 0.15631944444444448 0.11171296296296304 0.17864583333333334
0 0.7009837962962964 0.23510416666666673 0.09789351851851862 0.13843750000000002
0 0.7890104166666667 0.08839409722222222 0.12752314814814802 0.17678819444444444
0 0.9272280092592592 0.04342013888888889 0.11554398148148123 0.08684027777777778
0 0.2439699074074074 0.2969618055555555 0.09026620370370368 0.13774305555555558
0 0.18454282407407407 0.2190625 0.1326041666666667 0.21486111111111103
0 0.11583333333333332 0.15020833333333333 0.21686342592592595 0.30041666666666667
0 0.061550925925925926 0.32098958333333333 0.11280092592592594 0.16236111111111118