0 0.9124131944444445 0.9483478009259259 0.08488425925925931 0.10330439814814837
0 0.9370659722222221 0.750011574074074 0.12586805555555572 0.21067129629629627
0 0.6952199074074074 0.6773668981481482 0.16479166666666673 0.22280092592592596
0 0.6576099537037037 0.7173032407407407 0.1030555555555555 0.1381712962962963
0 0.5534259259259259 0.6554224537037037 0.09016203703703703 0.12344907407407409
0 0.44625000000000004 0.6373090277777778 0.09856481481481479 0.14293981481481488
0 0.2665798611111111 0.5662847222222223 0.10530092592592588 0.1357870370370371
0 0.26945023148148145 0.8199710648148149 0.07843749999999998 0.09733796296296297
0 0.648425925925926 0.7960590277777777 0.05821759259259256 0.07212962962962984
0 0.6911284722222222 0.8156597222222223 0.061296296296296404 0.08306712962962948
0 0.767355324074074 0.8585185185185186 0.08175925925925913 0.10395833333333329
0 0.8431423611111111 0.8998148148148148 0.09064814814814817 0.11481481481481488
0 0.9297106481481482 0.9819010416666668 0.070034722222222 0.03619791666666643
0 0.7442013888888888 0.9135474537037037 0.051574074074074085 0.05888888888888886
0 0.7628645833333333 0.96171875 0.04444444444444447 0.05428240740740762
0 0.7347916666666666 0.9678096064814815 0.05333333333333332 0.06438078703703702