0 0.7765104166666666 0.7246643518518517 0.16180555555555554 0.16032407407407412
0 0.6940972222222223 0.5935069444444444 0.08958333333333339 0.09597222222222221
0 0.5688368055555555 0.38965856481481487 0.054548611111111 0.060717592592592594
0 0.44234375000000004 0.4157349537037037 0.07309027777777785 0.07993055555555557
0 0.3967361111111111 0.44656250000000003 0.09812500000000002 0.1008912037037037
0 0.30699652777777775 0.4886400462962962 0.13027777777777771 0.13761574074074084
0 0.34421875 0.40576388888888887 0.07104166666666671 0.07675925925925924
0 0.29026041666666663 0.39945601851851853 0.08753472222222225 0.09280092592592588
0 0.2712673611111111 0.3651446759259259 0.07670138888888892 0.08314814814814815
0 0.2138020833333333 0.3712905092592592 0.1048611111111111 0.10420138888888886
0 0.11498263888888889 0.4961342592592593 0.22996527777777778 0.2575347222222222
0 0.047378472222222225 0.4107696759259259 0.09475694444444445 0.17144675925925928
0 0.11156250000000001 0.3423611111111111 0.10739583333333336 0.11049768518518518
0 0.15211805555555555 0.31373842592592593 0.0798263888888889 0.08324074074074073
0 0.1425173611111111 0.2695023148148148 0.07875000000000001 0.0863194444444444
0 0.050138888888888886 0.27304398148148146 0.07826388888888888 0.08319444444444449
0 0.03284722222222222 0.28877893518518516 0.06569444444444444 0.09417824074074073