0 0.0019791666666666764 0.6234143518518518 0.003958333333333353 0.08962962962962955
0 0.03969039351851853 0.6844618055555556 0.07938078703703706 0.11173611111111122
0 0.09081597222222224 0.7154745370370371 0.0840625 0.08627314814814824
0 0.039872685185185185 0.5055671296296296 0.07974537037037037 0.12322916666666668
0 0.23024305555555555 0.6417187500000001 0.11901620370370374 0.10282407407407419
0 0.30299189814814814 0.696585648148148 0.10956018518518515 0.10874999999999986
0 0.364681712962963 0.7416840277777779 0.09759259259259254 0.09753472222222222
0 0.4843865740740741 0.5918171296296296 0.1284027777777778 0.1620601851851852
0 0.5664814814814815 0.5840219907407407 0.16960648148148144 0.1787962962962963
0 0.5193171296296296 0.6967013888888889 0.11893518518518516 0.10902777777777786
0 0.6090277777777778 0.7497106481481481 0.10659722222222215 0.09624999999999986