0 0.775625 0.18809027777777776 0.125 0.15322916666666667
0 0.7029687499999999 0.21064814814814814 0.09156249999999985 0.10585648148148144
0 0.7318749999999999 0.2383506944444444 0.06062499999999993 0.0709837962962963
0 0.7071875000000001 0.26818287037037036 0.04812499999999993 0.06090277777777775
0 0.741875 0.26323495370370364 0.03468750000000007 0.03864583333333336
0 0.7209375 0.2743171296296296 0.033749999999999857 0.041446759259259204
0 0.68140625 0.29225115740740737 0.03531249999999986 0.041770833333333354
0 0.6356249999999999 0.31148148148148147 0.03718749999999993 0.04365740740740733
0 0.5974999999999999 0.3148958333333333 0.045937500000000145 0.05745370370370369
0 0.59703125 0.26856481481481476 0.08531249999999986 0.09707175925925923
0 0.5509375000000001 0.2893576388888889 0.12687500000000007 0.15511574074074072
0 0.57265625 0.34925347222222225 0.03531250000000004 0.041770833333333354
0 0.5540625 0.3448726851851852 0.03031250000000014 0.03923611111111107
0 0.53640625 0.35826967592592596 0.028125 0.035787037037037096
0 0.52953125 0.3664351851851852 0.02562500000000014 0.030775462962962942
0 0.51015625 0.34349537037037037 0.045937499999999964 0.05745370370370377
0 0.48390625 0.37739583333333326 0.032187500000000036 0.04112268518518523
0 0.47078125000000004 0.3943460648148148 0.028125 0.035787037037037006
0 0.45 0.39715856481481476 0.036250000000000074 0.04645833333333336
0 0.42625 0.3736284722222222 0.05718750000000004 0.06877314814814817
0 0.4 0.3476215277777778 0.09593749999999997 0.1202430555555555
0 0.41203125000000007 0.4110243055555555 0.03718749999999997 0.04365740740740733
0 0.39671874999999995 0.42767939814814804 0.0296875 0.043599537037037096
0 0.37390625 0.4219270833333333 0.041875000000000016 0.0521180555555556
0 0.3465625 0.39015625 0.07125000000000004 0.09415509259259255
0 0.32 0.44434027777777774 0.05625 0.06408564814814817
0 0.33343749999999994 0.45203703703703707 0.032187500000000036 0.04112268518518505
0 0.25968749999999996 0.4763194444444444 0.04468750000000003 0.05869212962962962
0 0.20218750000000002 0.47177083333333336 0.09593749999999997 0.11275462962962965
0 0.11859374999999998 0.5415277777777778 0.053125 0.06343750000000004
0 0.0375 0.5763194444444444 0.0671875 0.0813310185185184
0 0.024531249999999994 0.5325636574074075 0.04906249999999999 0.10299768518518526