0 0.9421875 0.54765625 0.09375 0.14296875
0 0.7578125 0.340625 0.034375 0.06484375
0 0.684375 0.44453125 0.02890625 0.0625
0 0.62890625 0.5 0.05390625 0.0921875
0 0.5515625 0.57734375 0.08671875 0.14296875
0 0.559375 0.471875 0.0453125 0.07265625
0 0.5296875 0.45546875 0.0359375 0.07265625
0 0.5109375 0.4203125 0.0234375 0.040625
0 0.48125 0.4296875 0.025 0.0484375
0 0.459375 0.36484375 0.021875 0.0328125
0 0.44140625 0.41875 0.025 0.04296875
0 0.43515625 0.4578125 0.0375 0.0625
0 0.459375 0.54453125 0.06875 0.1328125
0 0.40078125 0.5203125 0.05234375 0.1109375
0 0.40234375 0.44765625 0.034375 0.05703125
0 0.384375 0.4203125 0.01953125 0.040625
0 0.40625 0.41328125 0.01953125 0.0375
0 0.33125 0.4890625 0.05078125 0.07578125
0 0.30625 0.45703125 0.0328125 0.05390625
0 0.32734375 0.43125 0.0234375 0.040625
0 0.2828125 0.40703125 0.025 0.03515625
0 0.29296875 0.36875 0.02734375 0.040625
0 0.25859375 0.4375 0.03046875 0.0484375
0 0.22890625 0.44296875 0.02890625 0.0484375
0 0.2390625 0.62734375 0.12421875 0.221875
0 0.31171875 0.85390625 0.17265625 0.28671875
0 0.1375 0.5296875 0.06640625 0.1296875
0 0.08359375 0.63125 0.09921875 0.1484375
0 0.0828125 0.5109375 0.07578125 0.11875
0 0.1515625 0.45 0.046875 0.07265625
0 0.18984375 0.421875 0.034375 0.0484375
0 0.15703125 0.37421875 0.0328125 0.0515625
0 0.1609375 0.42734375 0.0375 0.0484375
0 0.084375 0.3828125 0.03984375 0.05703125
0 0.01953125 0.32421875 0.0328125 0.05390625