0 0.06435763888888887 0.3302951388888889 0.07774305555555557 0.1317708333333333
0 0.1392013888888889 0.39913194444444444 0.10277777777777777 0.13611111111111107
0 0.21805555555555553 0.35763888888888895 0.08840277777777779 0.12048611111111107
0 0.32914930555555555 0.1980034722222222 0.07093749999999996 0.10607638888888889
0 0.32265625 0.31484375 0.07902777777777778 0.11944444444444446
0 0.28031249999999996 0.5369791666666667 0.20315972222222226 0.3046875
0 0.38524305555555555 0.5144097222222223 0.16333333333333327 0.26597222222222217
0 0.4016840277777778 0.3356770833333333 0.10829861111111114 0.17413194444444446
0 0.4913368055555555 0.19401041666666666 0.06166666666666672 0.10972222222222223
0 0.5423784722222222 0.7377604166666667 0.25500000000000006 0.39305555555555555
0 0.7989756944444444 0.3780381944444445 0.07423611111111121 0.11423611111111107
0 0.8839409722222221 0.37717013888888895 0.07263888888888914 0.1125
0 0.9408854166666666 0.4799479166666667 0.09152777777777779 0.12083333333333339