0 0.11911458333333333 0.14869791666666668 0.09619212962962961 0.11545138888888888
0 0.08809606481481481 0.21258680555555554 0.07390046296296296 0.08524305555555556
0 0.0763310185185185 0.26197916666666665 0.05239583333333333 0.061284722222222233
0 0.13091435185185185 0.2751736111111111 0.07781250000000002 0.09184027777777777
0 0.24348958333333331 0.2052951388888889 0.10146990740740736 0.12065972222222224
0 0.20752314814814815 0.23298611111111112 0.06901620370370373 0.08315972222222223
0 0.1878645833333333 0.26328125 0.056504629629629655 0.06944444444444446
0 0.27631944444444445 0.296875 0.06648148148148145 0.0875
0 0.3171759259259259 0.2618055555555555 0.0862268518518519 0.10972222222222214
0 0.38050347222222225 0.21814236111111113 0.09795138888888885 0.1171875
0 0.3069502314814815 0.33671875 0.058078703703703737 0.08194444444444446
0 0.33311921296296293 0.3427951388888889 0.05709490740740737 0.07413194444444446
0 0.3752256944444444 0.32925347222222223 0.07234953703703706 0.09739583333333339
0 0.42484374999999996 0.32526041666666666 0.0862268518518519 0.10972222222222223
0 0.4807986111111111 0.3338541666666667 0.06999999999999992 0.09097222222222223
0 0.4616956018518518 0.3974826388888889 0.06296296296296297 0.08402777777777777
0 0.5181655092592592 0.3768229166666667 0.058657407407407366 0.07430555555555554
0 0.562974537037037 0.3984375 0.054745370370370236 0.0677083333333334
0 0.23156249999999998 0.43211805555555555 0.053576388888888896 0.0706597222222222
0 0.718912037037037 0.3302083333333333 0.10284722222222235 0.13159722222222223
0 0.7373148148148149 0.39166666666666666 0.08662037037037038 0.11284722222222224
0 0.7291435185185186 0.46284722222222224 0.05670138888888889 0.07100694444444447
0 0.7484780092592592 0.46657986111111105 0.05964120370370374 0.08211805555555571
0 0.8515682870370369 0.4091145833333333 0.09209490740740733 0.11961805555555553
0 0.8417592592592593 0.45555555555555555 0.06901620370370373 0.08315972222222215
0 0.8357696759259259 0.49053819444444446 0.056111111111111 0.06631944444444429
0 0.8548032407407409 0.5029513888888889 0.054745370370370236 0.06770833333333322