0 0.6651099537037037 0.2896875 0.18959490740740748 0.21218750000000003
0 0.8800810185185185 0.3821875 0.1733680555555555 0.20593750000000002
0 0.8706828703703703 0.51875 0.10483796296296291 0.12312499999999993
0 0.5732407407407407 0.48249999999999993 0.08872685185185177 0.10187500000000008
0 0.4329803240740741 0.52515625 0.11265046296296295 0.12468749999999992
0 0.28302083333333333 0.48375 0.13453703703703698 0.1681249999999999
0 0.2806076388888889 0.5596875000000001 0.08993055555555554 0.10812500000000007
0 0.20336805555555557 0.5167187500000001 0.09834490740740735 0.11281250000000007
0 0.24715856481481482 0.655625 0.059212962962962926 0.0734375
0 0.2282060185185185 0.6878124999999999 0.05398148148148145 0.061875000000000034
0 0.17649305555555556 0.69734375 0.048692129629629655 0.0578125
0 0.1786053240740741 0.729375 0.035949074074074085 0.046250000000000034
0 0.14989583333333334 0.685625 0.044606481481481455 0.05999999999999996
0 0.3144675925925926 0.6470312500000001 0.05614583333333334 0.06531249999999993
0 0.3444502314814815 0.6215625 0.056504629629629655 0.059375
0 0.3479571759259259 0.6987500000000001 0.04214120370370367 0.05500000000000007
0 0.39437500000000003 0.6659375000000001 0.04093749999999998 0.04875000000000007
0 0.4428761574074073 0.66921875 0.034085648148148094 0.04437499999999996
0 0.44567708333333333 0.58265625 0.055486111111111215 0.06968749999999986
0 0.5162731481481482 0.61640625 0.05891203703703703 0.071875
0 0.5083275462962963 0.68046875 0.0387731481481481 0.0453125
0 0.5400173611111111 0.634375 0.05236111111111121 0.06906250000000007
0 0.5556539351851851 0.6734375 0.03937500000000007 0.0484375
0 0.5850983796296296 0.6578125 0.04340277777777786 0.053749999999999964
0 0.6019155092592593 0.61875 0.046527777777777855 0.05437499999999993
0 0.6469907407407407 0.62109375 0.04586805555555547 0.05875000000000004
0 0.6282523148148148 0.66703125 0.04688657407407408 0.0484375
0 0.6715798611111111 0.6518750000000001 0.03162037037037031 0.03937500000000007
0 0.7231076388888888 0.6245312500000001 0.038113425925925884 0.049687499999999926
0 0.683431712962963 0.5870312500000001 0.05175925925925924 0.06593750000000007
0 0.7267534722222222 0.6603125000000001 0.0366087962962963 0.041874999999999926
0 0.7578877314814815 0.6703125 0.033784722222222285 0.04281249999999996
0 0.7778298611111112 0.630625 0.04153935185185169 0.051875000000000074
0 0.8022800925925926 0.59328125 0.059212962962962835 0.0734375
0 0.7851099537037036 0.6599999999999999 0.033784722222222285 0.04281250000000014
0 0.8062905092592594 0.64359375 0.04153935185185196 0.051875000000000074
0 0.8541840277777778 0.62265625 0.0387731481481481 0.0453125
0 0.9171875 0.58328125 0.04778935185185205 0.053125
0 0.9244386574074074 0.6167187500000001 0.04153935185185205 0.051875000000000074
0 0.9774942129629629 0.505625 0.04501157407407419 0.10874999999999986
0 0.9923350694444444 0.57 0.015329861111111143 0.05437499999999993
0 0.9933767361111112 0.60375 0.013246527777777573 0.04656249999999993