0 0.05078125 0.459375 0.08671875 0.14140625
0 0.0859375 0.40625 0.06796875 0.11328125
0 0.10703125 0.26171875 0.05859375 0.10625
0 0.1578125 0.321875 0.046875 0.078125
0 0.2 0.24921875 0.0328125 0.053125
0 0.23515625 0.25625 0.0515625 0.10234375
0 0.234375 0.525 0.115625 0.1734375
0 0.3375 0.39609375 0.07265625 0.12734375
0 0.3609375 0.6328125 0.115625 0.16953125
0 0.4890625 0.446875 0.0703125 0.11640625
0 0.46953125 0.38671875 0.05390625 0.07421875
0 0.5953125 0.38515625 0.05625 0.10625
0 0.70859375 0.57421875 0.0984375 0.1515625
0 0.8046875 0.4328125 0.0703125 0.10234375
0 0.9140625 0.49609375 0.08203125 0.14453125