0 0.0578125 0.87578125 0.115625 0.22421875
0 0.08671875 0.76953125 0.121875 0.16328125
0 0.08046875 0.67421875 0.08984375 0.13046875
0 0.075 0.609375 0.078125 0.103125
0 0.35390625 0.33515625 0.065625 0.1125
0 0.28359375 0.653125 0.0875 0.1421875
0 0.3640625 0.6625 0.08984375 0.1546875
0 0.4359375 0.6953125 0.121875 0.190625
0 0.5140625 0.78046875 0.15390625 0.209375
0 0.60859375 0.91328125 0.20390625 0.16640625
0 0.590625 0.66953125 0.0875 0.12734375
0 0.71328125 0.6375 0.0859375 0.1484375
0 0.80546875 0.67421875 0.1140625 0.190625
0 0.86328125 0.6046875 0.0859375 0.13671875
0 0.959375 0.65 0.078125 0.13046875