0 0.8488483796296297 0.6014062499999999 0.13938657407407423 0.19406250000000008
0 0.8886979166666666 0.38453125 0.20056712962962955 0.3309375
0 0.6696527777777778 0.508125 0.1694212962962963 0.17781249999999993
0 0.6139814814814815 0.6118750000000001 0.11076388888888893 0.13343750000000015
0 0.7193518518518518 0.68875 0.08804398148148138 0.09625000000000003
0 0.7992708333333334 0.68421875 0.11856481481481485 0.12906249999999986
0 0.6593171296296296 0.7185937499999999 0.0676967592592593 0.07437499999999986
0 0.5858506944444445 0.7203125 0.0743518518518517 0.08312500000000007
0 0.5757407407407407 0.69203125 0.05986111111111114 0.0609375
0 0.528449074074074 0.69734375 0.054016203703703705 0.0671875
0 0.5485358796296296 0.6078125 0.07748842592592595 0.08968749999999996
0 0.4956018518518519 0.5996875 0.08807870370370381 0.1140625
0 0.45984953703703707 0.59828125 0.07280092592592595 0.08874999999999993
0 0.4785069444444444 0.65453125 0.06457175925925931 0.07375000000000007
0 0.4300868055555556 0.635 0.05675925925925931 0.07218750000000007
0 0.4002604166666666 0.59703125 0.06144675925925926 0.07312499999999993
0 0.27545138888888887 0.6853125 0.09708333333333333 0.12624999999999992
0 0.1529571759259259 0.5689062500000001 0.059097222222222225 0.06968749999999986
0 0.14324074074074072 0.5390625 0.05479166666666666 0.06437500000000007
0 0.16021412037037036 0.44234375000000004 0.1197916666666667 0.15749999999999997
0 0.1204224537037037 0.515625 0.04930555555555555 0.05437499999999993
0 0.09087962962962962 0.5384375 0.059097222222222225 0.06968749999999986
0 0.048975694444444426 0.48 0.06927083333333335 0.08062500000000003
0 0.04555555555555555 0.42515625 0.08726851851851851 0.09906249999999997
0 0.024739583333333332 0.36421875 0.049479166666666664 0.15718749999999995
0 0.013764467592592589 0.48234375000000007 0.027528935185185177 0.07218750000000007
0 0.05828703703703704 0.22421875 0.11657407407407408 0.19781250000000003