0 0.03828125 0.43359375 0.05234375 0.0828125
0 0.109375 0.4078125 0.02578125 0.053125
0 0.17109375 0.465625 0.0578125 0.07734375
0 0.1578125 0.4296875 0.0359375 0.04296875
0 0.2640625 0.52109375 0.06796875 0.1359375
0 0.25703125 0.43984375 0.04609375 0.0640625
0 0.22578125 0.40390625 0.0359375 0.0453125
0 0.27109375 0.4015625 0.034375 0.05078125
0 0.32265625 0.39453125 0.021875 0.0375
0 0.3578125 0.434375 0.04375 0.075
0 0.39765625 0.415625 0.028125 0.04765625
0 0.41015625 0.39453125 0.0203125 0.03203125
0 0.196875 0.85703125 0.31015625 0.275
0 0.496875 0.4078125 0.034375 0.0640625
0 0.46875 0.39453125 0.0140625 0.0265625
0 0.528125 0.47734375 0.06015625 0.1015625
0 0.5390625 0.39296875 0.01796875 0.034375
0 0.578125 0.4078125 0.028125 0.04296875
0 0.634375 0.415625 0.03203125 0.04765625
0 0.68984375 0.44921875 0.04375 0.071875
0 0.70625 0.415625 0.0203125 0.0375
0 0.73203125 0.29765625 0.05625 0.08828125
0 0.68515625 0.60390625 0.11796875 0.2
0 0.865625 0.4296875 0.03203125 0.053125
0 0.925 0.42265625 0.0296875 0.05078125
0 0.93203125 0.5171875 0.0796875 0.11171875