0 0.8979832175925926 0.38506944444444446 0.20403356481481474 0.26069444444444445
0 0.7765567129629629 0.7658159722222223 0.2997800925925926 0.363923611111111
0 0.7140046296296296 0.6512152777777778 0.12101851851851855 0.15374999999999997
0 0.668587962962963 0.6269791666666666 0.08947916666666664 0.11986111111111111
0 0.571880787037037 0.5986631944444445 0.1360069444444445 0.17062500000000008
0 0.5148206018518519 0.6430034722222222 0.057384259259259274 0.07659722222222207
0 0.5354398148148147 0.6066145833333334 0.06465277777777771 0.09434027777777772
0 0.4172337962962963 0.8118923611111111 0.2838657407407407 0.33142361111111107
0 0.3906655092592593 0.5888541666666667 0.10418981481481478 0.1320486111111112
0 0.3346527777777778 0.611111111111111 0.15835648148148146 0.20680555555555563
0 0.22986111111111113 0.5921527777777778 0.10943287037037033 0.14184027777777786
0 0.14997685185185183 0.5694097222222222 0.0919560185185185 0.10920138888888893
0 0.27269097222222227 0.5859895833333333 0.08386574074074069 0.10381944444444428
0 0.1385648148148148 0.21779513888888888 0.1857638888888889 0.24965277777777778