0 0.8853356481481482 0.21890625 0.17081018518518504 0.23538194444444444
0 0.8031365740740741 0.2378298611111111 0.27723379629629613 0.284375
0 0.5817592592592593 0.32590277777777776 0.2130787037037038 0.23010416666666664
0 0.4815335648148148 0.32579861111111114 0.1538541666666667 0.1572916666666666
0 0.3923842592592593 0.35109375000000004 0.1287268518518519 0.1365277777777778
0 0.2931944444444444 0.41546874999999994 0.09565972222222215 0.0953819444444445
0 0.03988425925925926 0.49723958333333335 0.07976851851851852 0.14628472222222227
0 0.22136574074074072 0.3906423611111111 0.061689814814814795 0.06354166666666661
0 0.15260995370370373 0.4217013888888889 0.04005787037037036 0.04440972222222221
0 0.2570833333333334 0.4628993055555556 0.04511574074074076 0.046076388888888785
0 0.23938078703703702 0.4687326388888889 0.03931712962962965 0.041284722222222216
0 0.22309606481481487 0.47842013888888885 0.04207175925925925 0.03979166666666671
0 0.2755034722222222 0.46715277777777775 0.04548611111111116 0.047638888888888786
0 0.3005034722222223 0.4665972222222222 0.053587962962962976 0.05559027777777779
0 0.3382523148148148 0.4548784722222222 0.0639930555555556 0.06670138888888885
0 0.40410879629629626 0.4262152777777778 0.10643518518518516 0.10805555555555557
0 0.45136574074074076 0.4694618055555556 0.09327546296296294 0.0984375
0 0.5177893518518518 0.4843055555555555 0.10219907407407405 0.10329861111111108
0 0.6353472222222222 0.4801388888888889 0.11112268518518516 0.10815972222222214
0 0.7752777777777778 0.4537152777777778 0.1458333333333332 0.14312500000000003
0 0.7123958333333333 0.5157291666666667 0.12263888888888896 0.12395833333333339
0 0.4048090277777778 0.5248958333333333 0.06280092592592598 0.0682291666666666
0 0.38626736111111115 0.5113194444444444 0.037384259259259256 0.03968750000000014
0 0.3581655092592593 0.49873263888888886 0.04511574074074076 0.046076388888888785
0 0.3315393518518519 0.5094270833333333 0.04511574074074076 0.046076388888888785
0 0.3057986111111111 0.5131076388888889 0.045486111111111074 0.047638888888888786
0 0.2749594907407407 0.5153472222222222 0.040879629629629655 0.041319444444444284
0 0.3510243055555556 0.5354166666666667 0.03664351851851855 0.036562500000000143
0 0.4366898148148149 0.5576041666666667 0.04704861111111107 0.047673611111111215
0 0.39608217592592593 0.5748263888888889 0.03240740740740744 0.03180555555555564
0 0.4616261574074074 0.5671527777777777 0.04815972222222218 0.05236111111111121
0 0.5021875 0.5763541666666667 0.04585648148148138 0.04920138888888879
0 0.5304918981481481 0.6044791666666667 0.051284722222222176 0.052430555555555536
0 0.5807291666666666 0.5466319444444444 0.07484953703703709 0.07315972222222218
0 0.5023032407407408 0.6152083333333334 0.043182870370370455 0.044479166666666715
0 0.6290393518518519 0.565763888888889 0.09335648148148153 0.09222222222222225
0 0.7259548611111111 0.56671875 0.08525462962962962 0.08427083333333343
0 0.6794386574074074 0.6252604166666667 0.0799074074074074 0.07482638888888893
0 0.7481828703703703 0.6532638888888889 0.09068287037037023 0.0875
0 0.8174363425925926 0.6004340277777778 0.09697916666666666 0.1140625
0 0.7042361111111111 0.714079861111111 0.048159722222222354 0.05236111111111121
0 0.704681712962963 0.748263888888889 0.03084490740740744 0.031770833333333214
0 0.7244560185185185 0.7664756944444445 0.03203703703703713 0.03024305555555564
0 0.6749363425925926 0.7294965277777777 0.030474537037036953 0.030208333333333216
0 0.6665740740740741 0.702482638888889 0.03894675925925917 0.039722222222222214
0 0.6391666666666667 0.7131944444444445 0.030104166666666644 0.028645833333333214
0 0.6172106481481482 0.7074652777777778 0.02891203703703695 0.030173611111111144
0 0.6370138888888889 0.6829340277777778 0.03894675925925917 0.039722222222222214
0 0.6035995370370371 0.7124305555555555 0.028541666666666642 0.028611111111111143
0 0.5874652777777778 0.6886979166666667 0.03894675925925917 0.039722222222222214
0 0.5611747685185186 0.6651909722222222 0.03664351851851855 0.03656249999999996
0 0.5472800925925926 0.6484027777777778 0.03471064814814824 0.03496527777777771
0 0.5692534722222222 0.6704513888888889 0.025497685185185227 0.022326388888888892