0 0.04921875 0.60234375 0.08828125 0.14921875
0 0.1203125 0.57265625 0.06484375 0.1140625
0 0.17109375 0.5109375 0.06015625 0.09140625
0 0.05 0.8609375 0.0984375 0.265625
0 0.196875 0.67109375 0.08984375 0.165625
0 0.25234375 0.60625 0.07421875 0.1359375
0 0.31640625 0.5328125 0.05234375 0.0953125
0 0.44453125 0.35703125 0.03671875 0.06171875
0 0.55390625 0.596875 0.075 0.13828125
0 0.5453125 0.49140625 0.0609375 0.13984375
0 0.5796875 0.4984375 0.04296875 0.09375
0 0.65078125 0.5046875 0.04921875 0.10546875
0 0.6859375 0.4796875 0.03046875 0.08515625
0 0.71796875 0.471875 0.040625 0.0765625
0 0.7390625 0.53984375 0.05078125 0.128125
0 0.6953125 0.7578125 0.13046875 0.26796875
0 0.81953125 0.5359375 0.05390625 0.09453125
0 0.80234375 0.46875 0.05078125 0.071875
0 0.87109375 0.47265625 0.0515625 0.0859375
0 0.95703125 0.55078125 0.08515625 0.13125
0 0.9546875 0.45546875 0.0390625 0.0796875