0 0.02563657407407407 0.8077199074074073 0.05127314814814814 0.10240740740740728
0 0.0628761574074074 0.8225752314814816 0.071875 0.10108796296296285
0 0.09233217592592591 0.8105208333333334 0.08796296296296298 0.10861111111111095
0 0.1489872685185185 0.7906597222222222 0.10480324074074074 0.1313194444444445
0 0.21672453703703703 0.7234606481481481 0.1119791666666667 0.13932870370370373
0 0.24024884259259255 0.6690451388888888 0.1095486111111111 0.14313657407407412
0 0.3762731481481481 0.7122164351851852 0.12077546296296297 0.15827546296296297
0 0.4291377314814815 0.6685011574074073 0.12395833333333325 0.1696527777777778
0 0.5664351851851852 0.6151851851851852 0.14375 0.20217592592592587
0 0.6648726851851852 0.40118634259259256 0.18206018518518513 0.23841435185185186
0 0.8228877314814815 0.6035474537037036 0.13692129629629618 0.17629629629629626
0 0.7906828703703703 0.6726099537037037 0.10931712962962958 0.14157407407407413
0 0.7605902777777779 0.7219212962962962 0.09612268518518512 0.13336805555555548
0 0.601099537037037 0.7657349537037037 0.10480324074074084 0.1313194444444445
0 0.5004340277777777 0.7805324074074074 0.09340277777777786 0.12511574074074083
0 0.41261574074074076 0.7965046296296296 0.07743055555555553 0.09815972222222218
0 0.3692129629629629 0.8038194444444444 0.09224537037037032 0.11730324074074083
0 0.30633680555555554 0.8601793981481481 0.0911458333333334 0.11998842592592567
0 0.24953703703703703 0.8865104166666666 0.0799189814814815 0.10484953703703717
0 0.19635416666666666 0.8829340277777777 0.07540509259259265 0.0945949074074072
0 0.4776041666666666 0.9736371527777777 0.08778935185185191 0.05272569444444457
0 0.4695601851851851 0.9175173611111109 0.05954861111111107 0.0886342592592591
0 0.5569155092592593 0.9046701388888888 0.07407407407407404 0.09571759259259238
0 0.5766203703703704 0.9199826388888888 0.05549768518518512 0.08150462962962948
0 0.6923611111111111 0.983671875 0.0703125 0.032656250000000143
0 0.6636574074074073 0.8598437499999999 0.08194444444444446 0.10841435185185162
0 0.720775462962963 0.8588310185185186 0.08084490740740727 0.11109953703703682
0 0.7176215277777777 0.9075868055555556 0.06284722222222214 0.08057870370370353
0 0.7814814814814814 0.8995196759259259 0.07297453703703702 0.09840277777777758
0 0.8285011574074075 0.8622974537037036 0.0815393518518519 0.11578703703703716