0 0.034375 0.61875 0.0640625 0.13671875
0 0.02890625 0.48046875 0.0421875 0.0828125
0 0.12578125 0.4765625 0.03984375 0.07578125
0 0.15390625 0.4421875 0.03203125 0.07890625
0 0.215625 0.525 0.05234375 0.08671875
0 0.17109375 0.7046875 0.09375 0.15859375
0 0.240625 0.45859375 0.0421875 0.0828125
0 0.24921875 0.4046875 0.034375 0.06796875
0 0.3109375 0.4390625 0.034375 0.0578125
0 0.32890625 0.41328125 0.02578125 0.0578125
0 0.30234375 0.56328125 0.05234375 0.11171875
0 0.32734375 0.5140625 0.04609375 0.08671875
0 0.434375 0.5453125 0.05625 0.08984375
0 0.39375 0.465625 0.0359375 0.06796875
0 0.39609375 0.41328125 0.03203125 0.05
0 0.434375 0.40625 0.02421875 0.05
0 0.45078125 0.43515625 0.0296875 0.06484375
0 0.496875 0.46015625 0.03828125 0.071875
0 0.475 0.403125 0.021875 0.05
0 0.48671875 0.39375 0.0296875 0.05390625
0 0.54375 0.41015625 0.02421875 0.0578125
0 0.56171875 0.41875 0.02421875 0.046875
0 0.56796875 0.45703125 0.0359375 0.06484375
0 0.590625 0.55 0.05 0.10078125
0 0.48203125 0.6453125 0.071875 0.1328125
0 0.609375 0.4875 0.034375 0.0609375
0 0.61328125 0.42265625 0.0296875 0.0609375
0 0.6609375 0.4390625 0.02578125 0.0578125
0 0.678125 0.4625 0.028125 0.06796875
0 0.6921875 0.43515625 0.028125 0.06484375
0 0.72734375 0.5359375 0.0421875 0.09375
0 0.76484375 0.490625 0.0421875 0.0828125
0 0.746875 0.44453125 0.03828125 0.07578125
0 0.79375 0.4390625 0.03203125 0.0578125
0 0.85078125 0.4625 0.0296875 0.06796875
0 0.88984375 0.45859375 0.028125 0.06796875
0 0.9140625 0.21796875 0.05234375 0.11171875