0 0.8038078703703704 0.7375 0.07886574074074063 0.08562499999999992
0 0.7434085648148148 0.6671354166666668 0.08355324074074062 0.0859375
0 0.727974537037037 0.6116145833333333 0.1022337962962963 0.10572916666666661
0 0.6629340277777778 0.5891145833333333 0.118587962962963 0.12072916666666664
0 0.6384664351851852 0.66171875 0.05629629629629633 0.0609375
0 0.5618344907407408 0.63765625 0.052152777777777715 0.0544791666666665
0 0.5805034722222222 0.47463541666666664 0.1942939814814814 0.21541666666666667
0 0.4728067129629629 0.5345833333333333 0.06770833333333322 0.07406249999999996
0 0.4606770833333334 0.4927083333333333 0.08667824074074063 0.08614583333333332
0 0.4423148148148148 0.5617708333333333 0.048518518518518586 0.051145833333333356
0 0.3961284722222222 0.46234374999999994 0.08689814814814811 0.09697916666666657
0 0.380318287037037 0.48182291666666666 0.07366898148148149 0.08218750000000004
0 0.48213541666666665 0.27380208333333333 0.27039351851851856 0.27458333333333335
0 0.32690972222222225 0.43640625 0.07108796296296296 0.07583333333333328
0 0.3091550925925926 0.45812500000000006 0.050844907407407366 0.05593749999999993
0 0.2561400462962963 0.4490625 0.054733796296296336 0.06083333333333343
0 0.2639988425925926 0.3911458333333333 0.07417824074074071 0.08531250000000004
0 0.24152199074074074 0.4030729166666667 0.06043981481481477 0.06739583333333332
0 0.20222222222222222 0.4067708333333334 0.05109953703703703 0.057499999999999975
0 0.18131944444444445 0.35088541666666667 0.058368055555555555 0.06416666666666666
0 0.16067708333333336 0.36609375 0.05291666666666668 0.05916666666666668
0 0.14327546296296295 0.34203124999999995 0.06512731481481482 0.0677083333333334
0 0.12403935185185186 0.3146875 0.05473379629629629 0.060833333333333336
0 0.09453125000000001 0.21953125 0.15075231481481483 0.15687499999999996
0 0.0536400462962963 0.28630208333333335 0.07290509259259259 0.07750000000000004
0 0.22671296296296295 0.09171875 0.2434490740740741 0.16614583333333335