0 0.9035243055555556 0.4294270833333334 0.05812500000000007 0.11446759259259269
0 0.8035763888888889 0.371730324074074 0.05479166666666657 0.1096643518518519
0 0.7219270833333333 0.4305266203703704 0.045798611111111144 0.0828125
0 0.6630034722222222 0.4181712962962963 0.04614583333333329 0.090625
0 0.5839930555555556 0.3823784722222222 0.05138888888888893 0.10329861111111108
0 0.5104166666666666 0.4532118055555555 0.05552083333333328 0.09097222222222215
0 0.43435763888888895 0.4214409722222222 0.05322916666666657 0.10960648148148149
0 0.3544965277777778 0.387181712962963 0.06309027777777772 0.12089120370370363
0 0.2730208333333334 0.44207175925925923 0.05493055555555557 0.1127893518518519
0 0.18727430555555555 0.38177083333333334 0.05166666666666666 0.10954861111111117
0 0.11770833333333333 0.45040509259259254 0.05465277777777779 0.1065393518518519