0 0.5140625 0.48515625 0.03515625 0.05546875
0 0.434375 0.48203125 0.06171875 0.07578125
0 0.44296875 0.69609375 0.1 0.17421875
0 0.33515625 0.63828125 0.0734375 0.13359375
0 0.5359375 0.628125 0.06171875 0.09140625
0 0.475 0.62265625 0.05703125 0.08046875
0 0.62265625 0.64296875 0.071875 0.125
0 0.76015625 0.6640625 0.08671875 0.13203125
0 0.2703125 0.59453125 0.06640625 0.078125
0 0.2265625 0.59921875 0.053125 0.09140625
0 0.178125 0.59375 0.046875 0.0671875
0 0.12109375 0.5734375 0.0453125 0.0578125
0 0.08671875 0.5671875 0.03671875 0.04921875
0 0.0625 0.56796875 0.03203125 0.046875
0 0.36015625 0.5671875 0.05 0.07109375