0 0.08585648148148148 0.40431134259259255 0.08885416666666668 0.10954861111111111
0 0.1515277777777778 0.3287037037037037 0.08350694444444447 0.1041666666666666
0 0.14683449074074076 0.2713831018518519 0.05410879629629628 0.06921296296296298
0 0.1497453703703704 0.22236689814814814 0.055451388888888876 0.06788194444444447
0 0.12033564814814815 0.24432870370370371 0.06746527777777778 0.0880208333333334
0 0.10877314814814816 0.1564814814814815 0.045659722222222233 0.05266203703703702
0 0.18400462962962966 0.17161458333333335 0.04409722222222223 0.052430555555555536
0 0.20857638888888888 0.1840277777777778 0.03674768518518521 0.04369212962962963
0 0.23672453703703705 0.19936342592592593 0.04053240740740742 0.048842592592592604
0 0.21329282407407407 0.2525173611111111 0.05054398148148147 0.065625
0 0.24572337962962965 0.288425925925926 0.05076388888888887 0.0671875
0 0.25896412037037037 0.324681712962963 0.05322916666666666 0.06296296296296297
0 0.2191261574074074 0.3754050925925926 0.08372685185185187 0.1057291666666667
0 0.24930555555555553 0.45564236111111106 0.07881944444444447 0.10347222222222215
0 0.2725694444444445 0.48301504629629627 0.0928587962962963 0.11626157407407404
0 0.30918981481481483 0.4948206018518519 0.09752314814814814 0.12766203703703702
0 0.4167592592592593 0.5011863425925925 0.08104166666666668 0.10839120370370381
0 0.4809259259259259 0.5609375 0.0917361111111111 0.11915509259259256
0 0.4881481481481481 0.49262152777777785 0.08394675925925928 0.10729166666666679
0 0.40088541666666666 0.4326388888888889 0.08638888888888889 0.1137731481481481
0 0.33457754629629627 0.41643518518518513 0.06902777777777783 0.08825231481481484
0 0.3623206018518519 0.45164930555555555 0.06858796296296302 0.08512731481481488
0 0.30505208333333333 0.38255208333333335 0.07793981481481485 0.09722222222222224
0 0.28922453703703704 0.3363425925925926 0.055891203703703686 0.07100694444444447
0 0.30221643518518515 0.30636574074074074 0.03718749999999993 0.046817129629629584
0 0.3287037037037037 0.3278356481481482 0.038969907407407425 0.04861111111111107
0 0.356400462962963 0.3407118055555555 0.03718749999999993 0.046817129629629584
0 0.36211805555555554 0.30008680555555556 0.03362268518518521 0.04322916666666661
0 0.3442881944444444 0.25677083333333334 0.03496527777777771 0.041898148148148184
0 0.3620775462962963 0.2267071759259259 0.026273148148148094 0.034490740740740745
0 0.323125 0.22013888888888894 0.0329629629629629 0.038541666666666606
0 0.312037037037037 0.253587962962963 0.029837962962962906 0.03807870370370372
0 0.30171875 0.281568287037037 0.03228009259259261 0.04456018518518512
0 0.27271412037037035 0.2836516203703704 0.04253472222222223 0.05219907407407405
0 0.2724363425925926 0.2572916666666667 0.038969907407407425 0.04861111111111107
0 0.2538946759259259 0.2473668981481482 0.03340277777777771 0.04166666666666661
0 0.2787152777777778 0.21834490740740745 0.03496527777777771 0.041898148148148115
0 0.2886921296296296 0.1871238425925926 0.026273148148148094 0.034490740740740745
0 0.2951446759259259 0.23194444444444445 0.0318402777777778 0.04143518518518512
0 0.3837037037037037 0.2713831018518519 0.03140046296296291 0.03831018518518521
0 0.40038194444444447 0.24354745370370373 0.0264930555555555 0.03605324074074075
0 0.4256481481481481 0.2680266203703704 0.026273148148148094 0.034490740740740745
0 0.4328125 0.27945601851851853 0.03184027777777772 0.04143518518518512
0 0.38034143518518515 0.3179398148148148 0.029837962962962906 0.03807870370370372
0 0.38517361111111115 0.3346064814814815 0.03384259259259252 0.044791666666666695
0 0.4017129629629629 0.3474247685185185 0.04119212962962959 0.05353009259259256
0 0.44755208333333335 0.3390625 0.04475694444444454 0.05711805555555553
0 0.4680671296296296 0.2782986111111111 0.03496527777777771 0.041898148148148184
0 0.4973437499999999 0.2459490740740741 0.0280555555555555 0.03628472222222223
0 0.4395717592592593 0.418431712962963 0.06145833333333321 0.07795138888888893
0 0.4676851851851852 0.4170138888888889 0.04297453703703695 0.055324074074074046
0 0.4875810185185186 0.43431712962962965 0.05501157407407398 0.06475694444444446
0 0.49820601851851853 0.3928240740740741 0.03718749999999993 0.046817129629629674
0 0.4767361111111111 0.36970486111111117 0.038969907407407335 0.04861111111111107
0 0.48270833333333335 0.34427083333333336 0.0329629629629629 0.038541666666666696
0 0.492488425925926 0.32578125 0.029398148148148097 0.03495370370370363
0 0.5143923611111111 0.2891493055555555 0.04031249999999993 0.04728009259259256
0 0.5484606481481482 0.30775462962962963 0.03340277777777771 0.0416666666666667
0 0.5243460648148148 0.35442708333333334 0.03184027777777772 0.04143518518518521
0 0.5381018518518518 0.3700231481481482 0.038969907407407335 0.04861111111111107
0 0.5172337962962963 0.4219618055555555 0.03540509259259252 0.04502314814814814
0 0.5232002314814815 0.44756944444444446 0.04609953703703695 0.055787037037037024
0 0.5303877314814814 0.47016782407407404 0.055451388888888786 0.06788194444444429
0 0.5560590277777778 0.47476851851851853 0.07881944444444447 0.10347222222222215
0 0.5478240740740741 0.4312789351851851 0.03184027777777772 0.04143518518518512
0 0.5807175925925925 0.36756365740740743 0.0280555555555555 0.03628472222222214
0 0.5577141203703704 0.5196759259259259 0.08394675925925928 0.10729166666666679
0 0.5954918981481482 0.44392361111111106 0.03918981481481474 0.05017361111111107
0 0.6348321759259259 0.3684027777777778 0.03228009259259253 0.04456018518518521
0 0.6230902777777778 0.3554976851851852 0.029837962962962906 0.03807870370370363
0 0.6368287037037037 0.30888310185185186 0.0327430555555555 0.036979166666666695
0 0.6441087962962962 0.26848958333333334 0.03362268518518512 0.043229166666666693
0 0.6754513888888889 0.3177951388888889 0.029837962962962906 0.03807870370370372
0 0.6890162037037036 0.29508101851851853 0.027835648148148096 0.03472222222222223
0 0.6788136574074074 0.37890625 0.03340277777777771 0.04166666666666661
0 0.6172511574074073 0.4989872685185185 0.050983796296296194 0.06875
0 0.6197569444444444 0.469849537037037 0.03518518518518512 0.043460648148148096
0 0.6773321759259259 0.4177662037037037 0.03718749999999993 0.046817129629629584
0 0.5952083333333333 0.5762731481481482 0.0877314814814815 0.11244212962962959
0 0.5761689814814815 0.64921875 0.10421296296296312 0.13171296296296298
0 0.6401793981481482 0.5797453703703704 0.07813657407407408 0.10949074074074083
0 0.6615393518518519 0.6036458333333334 0.09217592592592591 0.12228009259259273
0 0.6841030092592593 0.669994212962963 0.11668981481481495 0.1442708333333334
0 0.6731307870370371 0.7592881944444445 0.13229166666666678 0.15729166666666677
0 0.8095775462962962 0.5944733796296297 0.10802083333333323 0.12615740740740744
0 0.837181712962963 0.7780092592592592 0.16435185185185192 0.20028935185185173
0 0.7228935185185186 0.5983796296296295 0.08885416666666668 0.10954861111111107
0 0.7251851851851852 0.5197627314814814 0.08172453703703689 0.10237268518518512
0 0.6744039351851852 0.5122395833333334 0.041874999999999926 0.047511574074074046
0 0.6848090277777779 0.47230902777777783 0.041874999999999926 0.047511574074074046
0 0.7108506944444445 0.44027777777777777 0.03362268518518512 0.04322916666666661
0 0.7279571759259259 0.40373263888888894 0.0280555555555555 0.03628472222222219
0 0.7375752314814814 0.3070601851851852 0.0343055555555555 0.0372106481481481
0 0.7858275462962963 0.33255208333333336 0.027395833333333286 0.031597222222222235
0 0.7725520833333334 0.3872106481481482 0.03340277777777771 0.04166666666666661
0 0.7910185185185185 0.41467013888888893 0.03162037037037031 0.039872685185185164
0 0.7930787037037037 0.43969907407407405 0.03162037037037031 0.03987268518518512
0 0.7882002314814816 0.5083622685185185 0.041192129629629724 0.05353009259259274
0 0.8176736111111111 0.46328125 0.04119212962962955 0.05353009259259274
0 0.8412789351851853 0.38622685185185185 0.026273148148148094 0.034490740740740745
0 0.8446412037037037 0.33967013888888886 0.027835648148148096 0.03472222222222223
0 0.8729340277777778 0.3709780092592593 0.029398148148148097 0.03495370370370372
0 0.843125 0.46944444444444444 0.04163194444444436 0.05665509259259256
0 0.9201562500000001 0.5454571759259259 0.05677083333333357 0.07725694444444446
0 0.9315393518518519 0.49291087962962965 0.04475694444444471 0.05711805555555553