0 0.08038194444444444 0.49437499999999995 0.16076388888888887 0.4487500000000001
0 0.14817708333333335 0.40421874999999996 0.06875 0.08833333333333329
0 0.19192708333333336 0.42921875 0.0671875 0.08822916666666672
0 0.22144097222222223 0.49859375000000006 0.1786458333333333 0.23989583333333328
0 0.2894965277777778 0.49328125 0.10173611111111107 0.13395833333333335
0 0.3693576388888889 0.4375520833333333 0.09253472222222223 0.10697916666666667
0 0.41631944444444446 0.32895833333333335 0.08142361111111107 0.1046875
0 0.41328125 0.5028645833333333 0.050868055555555534 0.06697916666666667
0 0.4484375 0.6470833333333333 0.31805555555555554 0.43374999999999986
0 0.6013020833333333 0.6113020833333334 0.08194444444444446 0.109375
0 0.6069444444444445 0.5675 0.08055555555555553 0.096875
0 0.5717013888888889 0.5566666666666666 0.06336805555555572 0.08177083333333321
0 0.6469618055555555 0.6330729166666667 0.1109375 0.14697916666666658
0 0.6941840277777778 0.6128645833333334 0.06736111111111107 0.08979166666666671
0 0.7293402777777778 0.6663541666666667 0.09548611111111108 0.11958333333333329
0 0.7828125 0.7364583333333334 0.20381944444444428 0.27104166666666674