0 0.1523263888888889 0.42741898148148144 0.024837962962962968 0.029120370370370453
0 0.7366030092592591 0.19978587962962963 0.14423611111111115 0.14659722222222218
0 0.7974479166666667 0.35499421296296296 0.12651620370370367 0.14130787037037038
0 0.809369212962963 0.47881365740740744 0.09931712962962962 0.10730324074074069
0 0.8173090277777778 0.5478530092592593 0.07581018518518512 0.08599537037037024
0 0.8229861111111111 0.6036111111111111 0.05775462962962976 0.0607870370370371
0 0.8102083333333333 0.6318171296296297 0.05958333333333323 0.06254629629629634
0 0.8216319444444444 0.6584837962962963 0.049143518518518545 0.05511574074074073
0 0.7976157407407407 0.6745717592592593 0.041296296296296296 0.04495370370370377
0 0.3125231481481482 0.07987268518518519 0.11567129629629633 0.09560185185185184
0 0.47964120370370367 0.18577546296296296 0.10506944444444458 0.11414351851851849
0 0.5443113425925926 0.35446180555555556 0.08887731481481484 0.09987268518518526
0 0.6056076388888888 0.4225752314814814 0.07241898148148138 0.08403935185185181
0 0.6524768518518519 0.4957523148148148 0.07371527777777764 0.082673611111111
0 0.6798958333333334 0.5534837962962962 0.07215277777777782 0.08247685185185176
0 0.7031886574074073 0.5869965277777778 0.06274305555555557 0.07211805555555557
0 0.7156423611111111 0.6107349537037037 0.05150462962962958 0.05999999999999996
0 0.7194039351851852 0.6417881944444443 0.041296296296296296 0.04495370370370359
0 0.15303819444444444 0.09954282407407408 0.08315972222222223 0.10221064814814815
0 0.2340856481481482 0.1938425925925926 0.0852199074074074 0.09635416666666666
0 0.1440625 0.20391203703703703 0.05619212962962963 0.06059027777777777
0 0.2110590277777778 0.2650983796296297 0.058819444444444445 0.06703703703703709
0 0.14889467592592592 0.2771469907407408 0.049143518518518545 0.05511574074074073
0 0.13655092592592594 0.316875 0.04495370370370368 0.04847222222222225
0 0.1410590277777778 0.33884837962962966 0.03554398148148148 0.038113425925925884
0 0.14091435185185186 0.36940972222222224 0.030057870370370398 0.03283564814814817
0 0.19295138888888888 0.3293287037037037 0.05645833333333332 0.062152777777777855
0 0.19825810185185183 0.35598958333333336 0.031620370370370396 0.033032407407407406
0 0.18479745370370368 0.3757002314814815 0.02822916666666666 0.031076388888888928
0 0.21058449074074073 0.41487847222222224 0.027696759259259275 0.02795138888888893
0 0.22225115740740745 0.4025868055555556 0.03032407407407405 0.034398148148148164
0 0.23719328703703707 0.3960590277777778 0.03634259259259256 0.04280092592592597
0 0.2536458333333333 0.3759606481481481 0.045486111111111074 0.05159722222222225
0 0.27350115740740744 0.32647569444444446 0.059351851851851836 0.07016203703703709
0 0.34531828703703704 0.2858275462962963 0.08365740740740737 0.09615740740740737
0 0.4166377314814815 0.3544386574074074 0.07318287037037034 0.07954861111111118
0 0.3548090277777778 0.38640625 0.05436342592592593 0.05883101851851844
0 0.3029513888888889 0.40510416666666665 0.046782407407407425 0.05023148148148149
0 0.28585069444444444 0.42588541666666674 0.0381712962962963 0.04456018518518512
0 0.26715277777777774 0.4372916666666667 0.03032407407407405 0.034398148148148164
0 0.24700810185185187 0.444693287037037 0.02640046296296301 0.02931712962962969
0 0.280787037037037 0.4634722222222223 0.027962962962963012 0.02951388888888893
0 0.29770833333333335 0.4640740740740741 0.03032407407407405 0.034398148148148164
0 0.32240740740740736 0.4564814814814815 0.03371527777777779 0.036354166666666646
0 0.35324074074074074 0.4534837962962963 0.04495370370370368 0.04847222222222225
0 0.39956597222222223 0.4516724537037037 0.04468750000000003 0.04690972222222225
0 0.47765625 0.4523321759259259 0.06118055555555557 0.07192129629629633
0 0.5306886574074074 0.5033506944444445 0.0682291666666666 0.07739583333333329
0 0.567511574074074 0.5355092592592593 0.056192129629629585 0.060590277777777854
0 0.47795138888888894 0.5303472222222222 0.04495370370370359 0.04847222222222225
0 0.455306712962963 0.4961516203703704 0.04418981481481481 0.05296296296296284
0 0.4362789351851852 0.5235706018518519 0.040532407407407336 0.04944444444444436
0 0.39503472222222225 0.4923842592592592 0.04236111111111116 0.0512037037037036
0 0.3600462962962963 0.4979166666666667 0.03162037037037031 0.033032407407407406
0 0.3399189814814815 0.5099074074074075 0.02640046296296301 0.02931712962962969
0 0.30665509259259255 0.4896643518518518 0.025868055555555537 0.02619212962962969
0 0.38957175925925924 0.5276273148148147 0.03527777777777778 0.03655092592592588
0 0.3836747685185185 0.5513483796296297 0.027962962962963012 0.02951388888888893
0 0.39936921296296296 0.5716724537037037 0.024837962962962923 0.029120370370370453
0 0.4146296296296296 0.580474537037037 0.024305555555555535 0.025995370370370453
0 0.4298206018518519 0.5709201388888889 0.02666666666666657 0.03087962962962969
0 0.4094560185185186 0.5545949074074075 0.028229166666666618 0.031076388888888928
0 0.4152372685185185 0.534681712962963 0.024305555555555712 0.025995370370370453
0 0.44840277777777776 0.5633217592592592 0.02849537037037031 0.032638888888888926
0 0.48616898148148147 0.5696064814814814 0.02849537037037031 0.032638888888888926
0 0.4665567129629629 0.5801331018518519 0.02693287037037031 0.03244212962962969
0 0.446412037037037 0.5875347222222222 0.02666666666666657 0.03087962962962969
0 0.461556712962963 0.6001446759259259 0.027962962962962835 0.02951388888888893
0 0.47407407407407404 0.6063078703703704 0.02849537037037031 0.032638888888888926
0 0.45512731481481483 0.6207407407407407 0.019351851851851797 0.02384259259259256
0 0.46270833333333333 0.6293402777777779 0.024305555555555535 0.025995370370370453
0 0.505462962962963 0.6469560185185186 0.026134259259259274 0.02775462962962969
0 0.5010185185185184 0.6074074074074074 0.02849537037037031 0.032638888888888926
0 0.5120081018518519 0.6225520833333333 0.02693287037037031 0.03244212962962969
0 0.5234953703703704 0.6316435185185185 0.024039351851851975 0.024432870370370452
0 0.5122858796296296 0.5927719907407407 0.028229166666666573 0.031076388888888928
0 0.5236400462962963 0.6010821759259259 0.03162037037037031 0.033032407407407406
0 0.5425925925925925 0.6225810185185185 0.02666666666666657 0.03087962962962969
0 0.5508217592592592 0.6304976851851851 0.023275462962962835 0.028923611111111212
0 0.5680613425925927 0.6464293981481481 0.02979166666666657 0.03127314814814817
0 0.532974537037037 0.5571527777777778 0.04392361111111107 0.05140046296296301
0 0.5446296296296296 0.5762037037037038 0.037638888888889 0.04143518518518512
0 0.5712789351851851 0.6024942129629629 0.041030092592592736 0.0433912037037036
0 0.584212962962963 0.6155902777777778 0.036076388888889 0.04123842592592588
0 0.5950868055555556 0.6345428240740741 0.02537037037037031 0.03224537037037045
0 0.6047800925925926 0.6510532407407407 0.027962962962963012 0.02951388888888893
0 0.6145717592592592 0.6591666666666667 0.021446759259259273 0.027164351851851797
0 0.6212731481481482 0.6760648148148147 0.024305555555555535 0.025995370370370453
0 0.6363194444444444 0.6970717592592592 0.024305555555555535 0.025995370370370453
0 0.5966898148148149 0.5766435185185186 0.05043981481481481 0.053750000000000145
0 0.6173726851851852 0.6082986111111112 0.04418981481481481 0.05296296296296284
0 0.6347453703703704 0.625011574074074 0.038437500000000034 0.04612268518518512
0 0.64390625 0.6383969907407407 0.028761574074074047 0.03420138888888893
0 0.6542476851851852 0.654224537037037 0.028229166666666573 0.031076388888888928
0 0.6604513888888889 0.6771759259259259 0.028229166666666573 0.031076388888888928
0 0.6681828703703704 0.6911458333333333 0.02719907407407405 0.03400462962962969
0 0.6713599537037037 0.705306712962963 0.025868055555555713 0.02619212962962969
0 0.6758333333333333 0.7181018518518518 0.019085648148148237 0.02228009259259256
0 0.9822453703703704 0.3904456018518519 0.035509259259259095 0.17408564814814814
0 0.9690422453703704 0.5092592592592593 0.06191550925925924 0.129386574074074
0 0.9657581018518518 0.5808101851851852 0.06848379629629626 0.09831018518518526
0 0.9503993055555554 0.6380034722222223 0.076840277777778 0.08306712962962966
0 0.928130787037037 0.6688368055555556 0.05592592592592567 0.05902777777777786
0 0.9101157407407406 0.6887384259259259 0.04651620370370395 0.04866898148148149
0 0.9005613425925926 0.7089409722222222 0.048344907407407336 0.050428240740740725
0 0.8799016203703705 0.7178067129629631 0.04209490740740733 0.0496412037037036
0 0.8737210648148149 0.7353761574074074 0.038171296296296474 0.04456018518518512
0 0.8591608796296295 0.7396585648148148 0.031620370370370667 0.033032407407407406
0 0.8525636574074074 0.7502951388888889 0.02849537037037031 0.032638888888888926
0 0.8409780092592591 0.7496006944444444 0.019884259259259095 0.02696759259259256
0 0.8360590277777777 0.7566261574074075 0.022743055555555714 0.025798611111111213
0 0.8252546296296295 0.7560300925925926 0.024305555555555712 0.025995370370370453
0 0.8198206018518519 0.764519675925926 0.021180555555555713 0.0256018518518518
0 0.8141203703703702 0.7714467592592593 0.021446759259259096 0.027164351851851797
0 0.794704861111111 0.7651793981481482 0.020914351851851976 0.024039351851851798
0 0.802482638888889 0.7569849537037037 0.02091435185185171 0.024039351851851975
0 0.769519675925926 0.7474826388888889 0.024305555555555535 0.025995370370370453
0 0.7775115740740741 0.7270833333333334 0.03215277777777779 0.0361574074074074
0 0.7985185185185186 0.7067939814814814 0.03032407407407405 0.034398148148148164
0 0.7323726851851852 0.6640625 0.024837962962963013 0.029120370370370453
0 0.7187962962962964 0.6875810185185186 0.027962962962962835 0.02951388888888893
0 0.7217245370370371 0.7047685185185186 0.02666666666666657 0.03087962962962969
0 0.7238715277777777 0.721857638888889 0.029027777777777784 0.03576388888888893