0 0.040625 0.44296875 0.04140625 0.0671875
0 0.321875 0.5546875 0.0703125 0.09921875
0 0.33671875 0.746875 0.11015625 0.17734375
0 0.328125 0.47890625 0.046875 0.05859375
0 0.32578125 0.428125 0.03203125 0.046875
0 0.4125 0.43515625 0.03203125 0.046875
0 0.46015625 0.46875 0.046875 0.06953125
0 0.475 0.52578125 0.053125 0.09453125
0 0.6296875 0.70078125 0.09296875 0.17109375
0 0.60234375 0.48203125 0.0515625 0.0828125
0 0.521875 0.43828125 0.03359375 0.04921875
0 0.53515625 0.3765625 0.0296875 0.0515625
0 0.57109375 0.39453125 0.03828125 0.05625
0 0.728125 0.43046875 0.03359375 0.0609375
0 0.75234375 0.44296875 0.028125 0.0453125
0 0.71328125 0.54921875 0.06015625 0.0828125
0 0.9328125 0.696875 0.0984375 0.1484375
0 0.9703125 0.53515625 0.05703125 0.08515625