0 0.0985763888888889 0.17815972222222223 0.15122685185185186 0.22180555555555553
0 0.10439236111111112 0.3017534722222222 0.09755787037037038 0.1589930555555556
0 0.25362268518518516 0.5840393518518519 0.06530092592592593 0.08814814814814813
0 0.28555555555555556 0.49745370370370373 0.06422453703703708 0.08346064814814813
0 0.37074074074074076 0.5008333333333334 0.06530092592592593 0.08814814814814813
0 0.43104745370370373 0.4541030092592592 0.06601851851851848 0.09127314814814813
0 0.5031539351851851 0.4405613425925926 0.06637731481481488 0.09283564814814813
0 0.5647685185185185 0.40680555555555553 0.0714236111111111 0.09582175925925931
0 0.6294386574074075 0.32448495370370367 0.06061342592592602 0.08672453703703704
0 0.6918344907407408 0.2904918981481482 0.058819444444444355 0.07891203703703704
0 0.5361689814814815 0.08619502314814816 0.14968749999999992 0.1723900462962963
0 0.6092476851851851 0.16012731481481482 0.07034722222222226 0.09113425925925926
0 0.7602893518518519 0.2646875 0.06194444444444436 0.07986111111111116
0 0.8373900462962964 0.2437789351851852 0.07298611111111128 0.09629629629629635
0 0.7038310185185186 0.0598582175925926 0.13311342592592582 0.1197164351851852
0 0.9086458333333333 0.18285879629629628 0.07478009259259259 0.10410879629629628
0 0.9539525462962963 0.11811921296296297 0.06302083333333357 0.08454861111111112