0 0.17010995370370371 0.6810937499999999 0.11857638888888893 0.16531249999999992
0 0.24629629629629632 0.6591666666666667 0.1036458333333333 0.11802083333333328
0 0.31377314814814816 0.7693749999999999 0.17013888888888892 0.21041666666666678
0 0.3499421296296297 0.6730208333333334 0.08125 0.08874999999999993
0 0.40723379629629636 0.6907291666666666 0.1269097222222222 0.15197916666666664
0 0.3905381944444445 0.6255729166666667 0.08495370370370363 0.09208333333333343
0 0.47109375 0.6980729166666666 0.10381944444444446 0.12729166666666672
0 0.48585069444444445 0.6527604166666666 0.0828125 0.08885416666666668
0 0.5396122685185185 0.6555729166666666 0.07714120370370381 0.09156250000000003
0 0.4897858796296296 0.4531770833333333 0.055787037037037024 0.07624999999999993
0 0.6302662037037037 0.8499739583333333 0.2852430555555555 0.3000520833333333
0 0.659056712962963 0.7005729166666667 0.13715277777777785 0.15729166666666677
0 0.8836226851851852 0.7548958333333333 0.12690972222222213 0.15197916666666664
0 0.882986111111111 0.693125 0.08553240740740761 0.09520833333333342
0 0.9700520833333333 0.9028645833333332 0.05989583333333357 0.19427083333333356
0 0.9918692129629629 0.7743229166666666 0.016261574074074046 0.08260416666666667