0 0.12086805555555555 0.5431134259259259 0.1520486111111111 0.19768518518518513
0 0.15302083333333333 0.48623263888888885 0.10083333333333329 0.13114583333333343
0 0.1971527777777778 0.5137905092592593 0.0884722222222222 0.13443287037037024
0 0.24767361111111114 0.5490798611111111 0.07055555555555557 0.0975462962962963
0 0.3157465277777778 0.604849537037037 0.09458333333333328 0.12966435185185182
0 0.3475694444444445 0.6380381944444444 0.08656249999999996 0.11843749999999993
0 0.5979166666666667 0.7828645833333333 0.06902777777777765 0.09873842592592581
0 0.6135416666666667 0.8215393518518518 0.08027777777777771 0.11539351851851842
0 0.6485243055555555 0.85703125 0.08024305555555564 0.11383101851851833
0 0.7040104166666666 0.8709606481481481 0.08017361111111114 0.11070601851851869
0 0.7086111111111111 0.9336226851851851 0.15857638888888878 0.13275462962962975
0 0.8685937499999999 0.9693836805555556 0.09145833333333328 0.06123263888888886
0 0.8667708333333334 0.9554456018518518 0.06729166666666657 0.08910879629629634
0 0.91078125 0.9756076388888889 0.07736111111111121 0.048784722222222146