0 0.8361458333333334 0.5348263888888889 0.13827546296296306 0.17121527777777779
0 0.8010127314814814 0.4780960648148148 0.1084606481481483 0.12103009259259263
0 0.9242129629629631 0.45532407407407405 0.07182870370370367 0.09733796296296297
0 0.9001504629629629 0.41334490740740737 0.0594444444444445 0.06601851851851852
0 0.8980555555555556 0.3540277777777778 0.04790509259259253 0.059687499999999984
0 0.8582349537037036 0.4027256944444444 0.054305555555555426 0.06129629629629636
0 0.8545891203703704 0.3676215277777778 0.048865740740740904 0.053449074074074066
0 0.8052199074074075 0.36954861111111115 0.041863425925925755 0.04559027777777782
0 0.786238425925926 0.41262731481481485 0.0691203703703703 0.06921296296296298
0 0.7616087962962963 0.4495023148148148 0.06281250000000008 0.08478009259259274
0 0.6584027777777778 0.4916435185185185 0.09505787037037035 0.11156249999999997
0 0.5897511574074075 0.5397743055555555 0.11792824074074079 0.13827546296296306
0 0.6441261574074074 0.4128993055555556 0.0533449074074074 0.06753472222222219
0 0.6700231481481482 0.44393518518518515 0.0616087962962963 0.07228009259259274
0 0.6804861111111111 0.40013888888888893 0.0547569444444445 0.06598379629629622
0 0.6203414351851851 0.3193923611111111 0.04670138888888893 0.04718750000000007
0 0.594375 0.3539351851851852 0.030474537037036953 0.04082175925925924
0 0.5819618055555555 0.37744791666666666 0.029722222222222074 0.03300925925925924
0 0.5702719907407408 0.38534143518518515 0.025844907407407545 0.02517361111111107
0 0.5579803240740742 0.39948495370370374 0.030023148148148236 0.03613425925925924
0 0.534375 0.4176157407407407 0.04589120370370363 0.05498842592592599
0 0.48713541666666665 0.4460706018518518 0.05803240740740741 0.06756944444444457
0 0.4532233796296296 0.46583912037037045 0.05148148148148159 0.06439814814814823
0 0.4179166666666667 0.46766203703703707 0.06891203703703712 0.08326388888888889
0 0.3770775462962963 0.49450810185185184 0.06377314814814819 0.07854166666666665
0 0.3089525462962963 0.5371701388888889 0.09349537037037034 0.11155092592592589
0 0.23567708333333334 0.5603530092592592 0.09998842592592591 0.13033564814814813
0 0.14081597222222222 0.6617650462962963 0.16129629629629627 0.1994907407407407
0 0.0562037037037037 0.6405324074074075 0.10028935185185184 0.13346064814814812
0 0.1370023148148148 0.539224537037037 0.07747685185185187 0.0911342592592593
0 0.051440972222222214 0.5359548611111111 0.07747685185185187 0.0911342592592593
0 0.014389467592592593 0.5050694444444443 0.028778935185185185 0.06748842592592581
0 0.11575231481481482 0.4761458333333334 0.04261574074074074 0.053402777777777646
0 0.14063078703703705 0.4853298611111111 0.04387731481481483 0.050289351851851904
0 0.16237268518518516 0.47033564814814816 0.042615740740740725 0.05340277777777782
0 0.03511574074074074 0.4946990740740741 0.04730324074074075 0.05343750000000007
0 0.07335648148148148 0.46240740740740743 0.03934027777777778 0.05181712962962966
0 0.09524305555555554 0.4864467592592593 0.02891203703703704 0.04081018518518533
0 0.0490162037037037 0.4719560185185185 0.03798611111111111 0.03775462962962965
0 0.030133101851851852 0.4572627314814815 0.03329861111111111 0.0377199074074074
0 0.2012326388888889 0.520792824074074 0.0522337962962963 0.07221064814814823
0 0.17530092592592592 0.5225462962962963 0.049259259259259246 0.07375000000000007
0 0.2187847222222222 0.4925578703703703 0.0533449074074074 0.06753472222222215
0 0.21289930555555556 0.4644965277777778 0.04589120370370372 0.05498842592592599
0 0.18902777777777777 0.4529629629629629 0.03621527777777778 0.05179398148148149
0 0.22218749999999998 0.4410069444444444 0.040000000000000036 0.042453703703703737
0 0.2919212962962963 0.4951388888888889 0.05289351851851851 0.06284722222222214
0 0.3553703703703704 0.4767129629629629 0.04916666666666671 0.05657407407407398
0 0.39765625 0.4186284722222222 0.04619212962962962 0.058113425925925985
0 0.4194733796296296 0.4028530092592593 0.032187499999999855 0.04239583333333332
0 0.4591956018518518 0.41192708333333333 0.03531249999999986 0.04241898148148149
0 0.4812673611111111 0.4016145833333334 0.03329861111111114 0.0377199074074074
0 0.5086863425925926 0.40063078703703703 0.031886574074074046 0.039270833333333324
0 0.5587962962962962 0.36668981481481483 0.027858796296296263 0.029872685185185155
0 0.367505787037037 0.39933449074074073 0.02659722222222225 0.03298611111111107
0 0.303275462962963 0.4177662037037037 0.03375000000000004 0.04240740740740741
0 0.32489583333333333 0.41214120370370366 0.03032407407407405 0.03925925925925924