0 0.1631712962962963 0.27771990740740743 0.07884259259259263 0.10844907407407404
0 0.19727430555555556 0.44707754629629626 0.08680555555555554 0.12991898148148148
0 0.2795196759259259 0.4638310185185185 0.08693287037037037 0.14710648148148148
0 0.44218171296296294 0.46163194444444444 0.07741898148148145 0.12696759259259255
0 0.4586458333333333 0.3614293981481481 0.05210648148148138 0.08107638888888884
0 0.5113020833333334 0.3958622685185185 0.058506944444444466 0.10231481481481489
0 0.5656365740740741 0.2345196759259259 0.055208333333333394 0.07841435185185182
0 0.5876793981481482 0.4651041666666666 0.10909722222222236 0.1894097222222222
0 0.6376909722222223 0.35367476851851853 0.05995370370370381 0.08692129629629627
0 0.7202256944444445 0.40949074074074077 0.09303240740740737 0.12771990740740743
0 0.769068287037037 0.35141782407407407 0.05366898148148138 0.08130787037037042
0 0.7433912037037038 0.26371527777777776 0.059976851851851976 0.09004629629629637
0 0.90265625 0.22526041666666666 0.06635416666666671 0.10815972222222223