0 0.1674189814814815 0.6481770833333333 0.07135416666666669 0.0766319444444445
0 0.354369212962963 0.6303761574074074 0.08703703703703702 0.08902777777777775
0 0.3134837962962963 0.6060590277777778 0.06909722222222223 0.07178240740740734
0 0.3140335648148148 0.540162037037037 0.06348379629629627 0.06504629629629619
0 0.3734375 0.5395543981481481 0.06574074074074084 0.06989583333333335
0 0.3670138888888889 0.5711574074074074 0.07986111111111108 0.08212962962962962
0 0.42332175925925936 0.533587962962963 0.07627314814814815 0.07868055555555546
0 0.43995949074074076 0.49061342592592594 0.057233796296296366 0.06439814814814823
0 0.5170428240740741 0.45406250000000004 0.06574074074074084 0.06989583333333335
0 0.4969618055555555 0.43631365740740746 0.049131944444444464 0.05124999999999993
0 0.516724537037037 0.37159722222222225 0.05723379629629619 0.06439814814814815
0 0.5862268518518519 0.42309027777777775 0.054745370370370236 0.05798611111111107
0 0.615306712962963 0.43197337962962956 0.06597222222222214 0.07145833333333336
0 0.5825520833333334 0.4893113425925925 0.07743055555555571 0.08649305555555564
0 0.6222222222222222 0.5161342592592593 0.08078703703703702 0.08837962962962961
0 0.6949074074074074 0.44989583333333333 0.08304398148148148 0.09322916666666661
0 0.6598958333333333 0.395619212962963 0.06238425925925917 0.0680092592592593
0 0.7225405092592593 0.37405092592592587 0.0796875 0.09134259259259263
0 0.7583043981481481 0.27277199074074077 0.06510416666666678 0.07598379629629637
0 0.8249710648148149 0.25157986111111114 0.06307870370370372 0.0726967592592592
0 0.8359375 0.47017361111111117 0.1350694444444443 0.14324074074074072
0 0.9312210648148149 0.41190393518518514 0.11493055555555572 0.1319212962962963
0 0.9393518518518519 0.32221643518518517 0.09826388888888893 0.10250000000000004
0 0.9679253472222221 0.26891782407407405 0.06414930555555572 0.09511574074074076