0 0.6390277777777778 0.502800925925926 0.18166666666666664 0.3252893518518519
0 0.3717013888888889 0.4730150462962963 0.1353472222222222 0.18225694444444454
0 0.203125 0.3746469907407407 0.10072916666666662 0.15368055555555565
0 0.15184027777777778 0.35853587962962963 0.07822916666666666 0.1067708333333333
0 0.11161458333333334 0.3707696759259259 0.055798611111111104 0.09501157407407401
0 0.08612847222222222 0.3339988425925926 0.04746527777777776 0.07000000000000002
0 0.5408506944444444 0.5020370370370371 0.042465277777777824 0.08248842592592602
0 0.48689236111111106 0.49803240740740745 0.023645833333333498 0.042615740740740725
0 0.45187499999999997 0.48761574074074077 0.03822916666666672 0.0692013888888889
0 0.705486111111111 0.5818402777777778 0.07177083333333342 0.1372222222222222
0 0.7577256944444445 0.5782233796296297 0.050416666666666644 0.08601851851851841
0 0.8717361111111112 0.6165219907407409 0.09236111111111107 0.1454629629629629