0 0.865306712962963 0.2636979166666667 0.07997685185185191 0.08156249999999998
0 0.7722222222222221 0.28500000000000003 0.11064814814814809 0.1067708333333333
0 0.7422743055555555 0.3690104166666667 0.06539351851851852 0.06604166666666664
0 0.7347222222222223 0.42093749999999996 0.05914351851851851 0.06520833333333335
0 0.7258101851851851 0.5393229166666667 0.11927083333333321 0.1109375
0 0.5986689814814815 0.3388541666666667 0.152025462962963 0.15
0 0.5690104166666666 0.5206250000000001 0.07135416666666679 0.07739583333333329
0 0.5146701388888889 0.5011979166666667 0.08587962962962976 0.08687499999999986
0 0.547048611111111 0.5356770833333334 0.04849537037037024 0.05322916666666657
0 0.4809027777777778 0.57359375 0.06030092592592595 0.06385416666666668
0 0.437037037037037 0.45739583333333333 0.10520833333333339 0.10906249999999992
0 0.23206018518518517 0.3651041666666667 0.24265046296296297 0.24354166666666668
0 0.24502314814814813 0.6769791666666667 0.0945601851851852 0.09708333333333333