0 0.007340856481481495 0.6323263888888888 0.01468171296296299 0.06999999999999992
0 0.032326388888888904 0.6645486111111112 0.06465277777777781 0.09395833333333332
0 0.029412615740740757 0.6222743055555556 0.05882523148148151 0.07315972222222236
0 0.07474537037037039 0.5778993055555556 0.0587037037037037 0.05409722222222228
0 0.13922453703703705 0.5722569444444444 0.06114583333333332 0.05725694444444436
0 0.17364583333333336 0.5840277777777778 0.07560185185185189 0.06999999999999992
0 0.10446180555555558 0.6650347222222222 0.1065162037037037 0.09708333333333333
0 0.19989583333333336 0.7756423611111112 0.19032407407407406 0.1796875
0 0.18439236111111112 0.45927083333333324 0.0749189814814815 0.07309027777777785
0 0.21801504629629634 0.5464930555555555 0.05513888888888889 0.052465277777777784
0 0.2758969907407408 0.5642881944444444 0.08561342592592594 0.07798611111111117
0 0.2900405092592593 0.5307986111111112 0.06891203703703708 0.0682986111111111
0 0.37009259259259264 0.5396527777777778 0.07828703703703707 0.06850694444444443
0 0.362019675925926 0.5040972222222222 0.05225694444444447 0.04774305555555554
0 0.43934606481481486 0.47515625000000006 0.054016203703703705 0.05399305555555571
0 0.4453472222222222 0.6018576388888889 0.13674768518518512 0.12725694444444446
0 0.48123263888888895 0.8290625 0.24746527777777777 0.23374999999999985
0 0.5402430555555556 0.5049131944444445 0.10270833333333336 0.10010416666666674
0 0.5823668981481482 0.4641840277777778 0.08581018518518527 0.08420138888888892
0 0.6345659722222222 0.4574826388888889 0.06270833333333332 0.05729166666666661
0 0.6971817129629629 0.48638888888888887 0.09582175925925931 0.0921875
0 0.6345659722222223 0.5636111111111111 0.14939814814814803 0.14461805555555554
0 0.7274652777777778 0.4430381944444445 0.0749189814814816 0.07309027777777785
0 0.7407060185185186 0.4071701388888889 0.07091435185185198 0.06989583333333335