0 0.05546875 0.6421875 0.07265625 0.13359375
0 0.03359375 0.51171875 0.04765625 0.09375
0 0.09921875 0.4578125 0.04609375 0.08046875
0 0.1578125 0.43984375 0.04375 0.08359375
0 0.203125 0.528125 0.05546875 0.1
0 0.20625 0.43828125 0.04609375 0.08046875
0 0.23984375 0.403125 0.03984375 0.0765625
0 0.296875 0.41953125 0.03984375 0.06328125
0 0.3046875 0.471875 0.04375 0.0734375
0 0.3140625 0.53828125 0.06328125 0.10703125
0 0.184375 0.9078125 0.1734375 0.17734375
0 0.3625 0.6703125 0.103125 0.18359375
0 0.41015625 0.46953125 0.05 0.08359375
0 0.36484375 0.4765625 0.0421875 0.0765625
0 0.3609375 0.4046875 0.034375 0.0671875
0 0.434375 0.309375 0.02890625 0.05703125
0 0.44140625 0.453125 0.0328125 0.0703125
0 0.39921875 0.4296875 0.03828125 0.06328125
0 0.52265625 0.4515625 0.0421875 0.08671875
0 0.4984375 0.5203125 0.05 0.096875
0 0.54375 0.74921875 0.1375 0.2140625
0 0.56015625 0.6 0.07421875 0.14375
0 0.609375 0.503125 0.0515625 0.1171875
0 0.63359375 0.4484375 0.0421875 0.08046875
0 0.73125 0.428125 0.04609375 0.08046875
0 0.75546875 0.53828125 0.06484375 0.13359375
0 0.72578125 0.67890625 0.10078125 0.2140625
0 0.8609375 0.51015625 0.06484375 0.13046875
0 0.934375 0.525 0.0703125 0.13359375