0 0.01859375 0.8639062500000001 0.0371875 0.12906249999999994
0 0.3496875 0.7540625000000001 0.11218750000000002 0.12593749999999987
0 0.42359375000000005 0.5348437500000001 0.1196874999999999 0.13343749999999996
0 0.41671874999999997 0.7926562500000001 0.10250000000000004 0.12249999999999997
0 0.45906249999999993 0.8084374999999999 0.11374999999999993 0.12624999999999992
0 0.5112500000000001 0.8440625 0.14968749999999992 0.16343749999999996
0 0.5689062500000001 0.7670312499999999 0.11437500000000007 0.12937499999999993
0 0.51203125 0.74265625 0.10031250000000007 0.11156249999999997
0 0.6821875000000001 0.8546875 0.20343750000000008 0.22218750000000007
0 0.6954687500000001 0.74765625 0.12156249999999993 0.14281250000000015
0 0.7790625 0.805 0.165625 0.19812499999999994
0 0.8612500000000001 0.6825 0.10249999999999986 0.12249999999999997