0 0.059375 0.32421875 0.0640625 0.16015625
0 0.11328125 0.3296875 0.0796875 0.16015625
0 0.225 0.32109375 0.0796875 0.1859375
0 0.3078125 0.275 0.109375 0.22578125
0 0.39609375 0.35625 0.1203125 0.24765625
0 0.55625 0.32421875 0.14765625 0.3359375
0 0.65703125 0.1609375 0.05 0.12578125
0 0.73125 0.203125 0.071875 0.15
0 0.87265625 0.353125 0.2328125 0.57421875
0 0.9265625 0.07578125 0.06328125 0.13203125
0 0.815625 0.046875 0.0359375 0.078125
0 0.6796875 0.0796875 0.0421875 0.09609375
0 0.59921875 0.053125 0.03125 0.078125
0 0.55078125 0.0421875 0.03125 0.06015625
0 0.51328125 0.0546875 0.02734375 0.0578125
0 0.47734375 0.0953125 0.02734375 0.0578125
0 0.43671875 0.10234375 0.0359375 0.0796875
0 0.3421875 0.13984375 0.03515625 0.084375
0 0.32890625 0.1109375 0.0296875 0.0578125
0 0.3578125 0.1046875 0.02578125 0.06171875
0 0.28203125 0.121875 0.02578125 0.0640625
0 0.23671875 0.16484375 0.03828125 0.065625
0 0.23046875 0.11171875 0.0328125 0.0640625
0 0.15234375 0.15703125 0.03671875 0.07421875
0 0.10390625 0.190625 0.03828125 0.08203125
0 0.07890625 0.171875 0.03203125 0.0640625
0 0.0234375 0.15625 0.0328125 0.0640625