0 0.15913194444444442 0.4879861111111111 0.07541666666666665 0.09559027777777765
0 0.22935763888888888 0.48564236111111114 0.08968749999999996 0.10621527777777792
0 0.33791666666666664 0.5477256944444445 0.08173611111111115 0.09927083333333328
0 0.42416666666666664 0.49093749999999997 0.12010416666666668 0.1416666666666666
0 0.5603645833333333 0.5022222222222222 0.1219444444444445 0.1543055555555556
0 0.5050868055555556 0.6038194444444445 0.05777777777777793 0.07375000000000007
0 0.5794791666666667 0.6244965277777779 0.07211805555555557 0.0875
0 0.6768576388888888 0.6634027777777778 0.070451388888889 0.082673611111111
0 0.740625 0.6008159722222223 0.09798611111111111 0.1287847222222222
0 0.7381423611111111 0.6774479166666667 0.06423611111111108 0.08368055555555554
0 0.7696875000000001 0.6964756944444443 0.0514930555555555 0.07163194444444443
0 0.8944965277777778 0.6237847222222221 0.10444444444444442 0.13871527777777787
0 0.8565798611111111 0.7160416666666667 0.06565972222222208 0.07756944444444436