0 0.8055324074074075 0.65546875 0.07212962962962957 0.0890625
0 0.7507407407407407 0.6359375 0.06927083333333339 0.08246527777777786
0 0.6720601851851852 0.6527777777777778 0.056064814814814665 0.06909722222222232
0 0.6580555555555556 0.6414930555555556 0.04409722222222214 0.05451388888888893
0 0.5540046296296296 0.6388020833333333 0.05040509259259256 0.06336805555555554
0 0.4998784722222222 0.6357638888888889 0.04350694444444443 0.058854166666666784
0 0.4573379629629629 0.63203125 0.05261574074074069 0.06684027777777786
0 0.4283449074074074 0.6378472222222221 0.03908564814814817 0.05190972222222214
0 0.4141782407407407 0.62734375 0.04253472222222214 0.054166666666666786
0 0.36985532407407407 0.6322048611111111 0.03778935185185191 0.04565972222222214
0 0.33366898148148144 0.6372395833333334 0.03401620370370377 0.04184027777777786
0 0.3215219907407407 0.6288194444444445 0.030891203703703775 0.041145833333333215
0 0.28140046296296295 0.6370659722222223 0.03837962962962962 0.041319444444444464
0 0.2746469907407407 0.6184027777777777 0.029328703703703773 0.04079861111111107
0 0.2463483796296296 0.6366319444444445 0.031481481481481485 0.036805555555555536
0 0.21364004629629632 0.63671875 0.03902777777777777 0.04444444444444447
0 0.1638310185185185 0.6207465277777777 0.030243055555555554 0.03802083333333339
0 0.13750578703703703 0.6255208333333334 0.030891203703703685 0.041145833333333215
0 0.10148148148148146 0.6297743055555556 0.038113425925925926 0.047222222222222145
0 0.04086805555555554 0.6146701388888889 0.03401620370370371 0.04184027777777786
0 0.01133101851851851 0.6158854166666666 0.02266203703703702 0.046354166666666786
0 0.09555555555555555 0.6268229166666666 0.02393518518518518 0.029166666666666785