0 0.17760416666666667 0.4031365740740741 0.12739583333333332 0.1589236111111111
0 0.3115104166666667 0.4326620370370371 0.14572916666666663 0.1829282407407408
0 0.47151041666666665 0.7082581018518519 0.13031250000000014 0.1698611111111111
0 0.42302083333333335 0.42854166666666665 0.1420833333333334 0.1748495370370371
0 0.49890624999999994 0.4698090277777777 0.13270833333333343 0.17325231481481485
0 0.6106770833333334 0.5365798611111111 0.16458333333333322 0.21447916666666664
0 0.7606770833333333 0.5845081018518519 0.17364583333333333 0.22049768518518514
0 0.6917187499999999 0.5384548611111111 0.13145833333333332 0.19093750000000007
0 0.8699999999999999 0.5554050925925926 0.14281250000000006 0.19436342592592587
0 0.9420572916666667 0.5827951388888889 0.11588541666666644 0.17824074074074064
0 0.9979427083333334 0.6046701388888889 0.004114583333333144 0.17793981481481486