0 0.8746527777777778 0.8373437499999999 0.2506944444444444 0.2608680555555555
0 0.990625 0.6280381944444444 0.01875 0.05527777777777772
0 0.9644097222222221 0.6119791666666666 0.05260416666666643 0.04875000000000007
0 0.8583333333333332 0.5322743055555555 0.07725694444444428 0.07614583333333336
0 0.765625 0.56953125 0.08506944444444428 0.0764930555555555
0 0.6991319444444445 0.5543402777777777 0.07586805555555572 0.06989583333333335
0 0.6783854166666666 0.5142361111111111 0.039583333333333214 0.03888888888888893
0 0.742361111111111 0.5287499999999999 0.033159722222222146 0.03086805555555543
0 0.6028645833333334 0.5649305555555555 0.09565972222222215 0.08934027777777782
0 0.593923611111111 0.49274305555555553 0.042708333333333216 0.03902777777777775
0 0.61171875 0.49116319444444445 0.03454861111111107 0.037118055555555605
0 0.5415798611111111 0.4737673611111111 0.042708333333333216 0.03902777777777775
0 0.4422743055555555 0.6588541666666667 0.20121527777777787 0.18840277777777778
0 0.19401041666666666 0.6990798611111111 0.1317708333333333 0.25184027777777784
0 0.4142361111111111 0.5078298611111112 0.10086805555555567 0.09885416666666665
0 0.4542534722222221 0.4926388888888889 0.06909722222222214 0.07423611111111103
0 0.3997395833333333 0.42484374999999996 0.07725694444444446 0.07614583333333336