0 0.1 0.91796875 0.19609375 0.16015625
0 0.06015625 0.8078125 0.1015625 0.128125
0 0.07265625 0.71640625 0.05078125 0.06328125
0 0.1625 0.76015625 0.07421875 0.096875
0 0.20234375 0.71875 0.03828125 0.06328125
0 0.15703125 0.6921875 0.0234375 0.0390625
0 0.3125 0.71875 0.0546875 0.07265625
0 0.37265625 0.88046875 0.11640625 0.18125
0 0.41015625 0.73359375 0.06328125 0.1015625
0 0.49765625 0.76015625 0.05234375 0.06796875
0 0.56015625 0.76171875 0.0765625 0.1234375
0 0.4734375 0.721875 0.03125 0.04375
0 0.43671875 0.60859375 0.021875 0.03125
0 0.5984375 0.7109375 0.0328125 0.06015625
0 0.65390625 0.71171875 0.034375 0.0578125
0 0.63359375 0.69609375 0.0234375 0.04140625
0 0.71015625 0.715625 0.03125 0.05546875
0 0.771875 0.7625 0.078125 0.12109375
0 0.8328125 0.703125 0.02890625 0.04609375
0 0.8609375 0.68984375 0.03125 0.053125
0 0.92421875 0.70703125 0.03125 0.0390625
0 0.9375 0.6875 0.02734375 0.0390625
0 0.9765625 0.70859375 0.02890625 0.04609375