0 0.9408854166666668 0.515625 0.10503472222222214 0.1712962962962962
0 0.9099479166666666 0.35584490740740743 0.05947916666666657 0.08356481481481488
0 0.8739930555555556 0.38657407407407407 0.07239583333333358 0.1041666666666667
0 0.8320138888888889 0.3709490740740741 0.04194444444444443 0.06539351851851852
0 0.8149652777777778 0.39742476851851855 0.07062500000000008 0.0945601851851852
0 0.7939409722222222 0.46171875 0.10916666666666668 0.14699074074074078
0 0.7064409722222222 0.448755787037037 0.09499999999999993 0.14021990740740745
0 0.6381597222222222 0.45274884259259257 0.07565972222222221 0.11087962962962972
0 0.5563888888888888 0.4288773148148149 0.06597222222222214 0.09542824074074079
0 0.5259201388888889 0.42436342592592596 0.06611111111111115 0.10167824074074065
0 0.4458333333333334 0.4305266203703704 0.04659722222222236 0.06452546296296298
0 0.16399305555555554 0.38015046296296295 0.09979166666666668 0.1456018518518519
0 0.6576388888888889 0.38744212962962965 0.043333333333333356 0.0578125
0 0.6315451388888889 0.3976851851851852 0.041770833333333354 0.05758101851851851
0 0.6995833333333333 0.36935763888888895 0.038680555555555426 0.058680555555555534
0 0.7307118055555556 0.3794560185185185 0.041770833333333354 0.05758101851851851