0 0.07890625 0.5859375 0.034375 0.0453125
0 0.0828125 0.5609375 0.03203125 0.0359375
0 0.21015625 0.4921875 0.04609375 0.065625
0 0.7609375 0.59765625 0.03046875 0.053125
0 0.80859375 0.5859375 0.02265625 0.04375
0 0.82421875 0.6015625 0.03359375 0.05859375
0 0.87109375 0.58359375 0.03359375 0.04296875
0 0.86796875 0.6328125 0.034375 0.0453125
0 0.94765625 0.57265625 0.02421875 0.0359375
0 0.97578125 0.58671875 0.034375 0.0453125
0 0.9484375 0.54296875 0.01484375 0.0296875
0 0.97265625 0.55390625 0.0203125 0.028125
0 0.965625 0.5375 0.0109375 0.02109375
0 0.928125 0.55234375 0.01796875 0.03359375
0 0.921875 0.53828125 0.01484375 0.02421875
0 0.8984375 0.55703125 0.01796875 0.02890625
0 0.8953125 0.534375 0.0171875 0.021875
0 0.859375 0.54765625 0.02109375 0.0359375
0 0.84609375 0.56328125 0.01796875 0.028125
0 0.8375 0.5390625 0.015625 0.02578125
0 0.828125 0.55703125 0.0203125 0.0296875
0 0.8140625 0.55 0.01640625 0.02578125
0 0.8140625 0.53671875 0.0171875 0.021875
0 0.775 0.50546875 0.01328125 0.0171875
0 0.72734375 0.5765625 0.02109375 0.040625
0 0.71015625 0.559375 0.02109375 0.0296875
0 0.69375 0.55234375 0.01640625 0.02578125
0 0.67578125 0.54921875 0.015625 0.02109375
0 0.64453125 0.571875 0.01875 0.03359375
0 0.68125 0.5875 0.02890625 0.03671875
0 0.74140625 0.54765625 0.01015625 0.01875
0 0.6171875 0.571875 0.02265625 0.0359375
0 0.58203125 0.5875 0.02890625 0.04140625
0 0.5515625 0.58671875 0.028125 0.0359375
0 0.5640625 0.5625 0.021875 0.03125
0 0.54140625 0.5609375 0.01640625 0.0265625
0 0.528125 0.55859375 0.01640625 0.0265625
0 0.5109375 0.54921875 0.0140625 0.02109375
0 0.50234375 0.5671875 0.02109375 0.03359375
0 0.484375 0.56640625 0.01640625 0.03203125
0 0.2625 0.5421875 0.0078125 0.01171875
0 0.25703125 0.53671875 0.0078125 0.01484375
0 0.28125 0.54453125 0.0078125 0.0140625
0 0.290625 0.5484375 0.009375 0.01484375
0 0.3015625 0.53671875 0.00859375 0.02109375
0 0.30625 0.546875 0.0078125 0.01171875
0 0.30859375 0.5578125 0.009375 0.0171875
0 0.31640625 0.55078125 0.0125 0.0171875
0 0.32734375 0.5484375 0.0078125 0.0125
0 0.3390625 0.55 0.01015625 0.01640625
0 0.35 0.5484375 0.0125 0.01953125
0 0.3453125 0.55078125 0.01015625 0.0171875
0 0.3625 0.55 0.0125 0.021875
0 0.375 0.5546875 0.01328125 0.0234375
0 0.396875 0.54296875 0.0140625 0.02109375
0 0.38515625 0.55234375 0.009375 0.02109375
0 0.41171875 0.5484375 0.0109375 0.01953125
0 0.42421875 0.55390625 0.0109375 0.0234375
0 0.43203125 0.54765625 0.01328125 0.021875
0 0.43359375 0.5640625 0.01484375 0.0296875
0 0.44921875 0.57109375 0.01875 0.03203125
0 0.490625 0.53828125 0.00625 0.01484375