0 0.1859375 0.53515625 0.08203125 0.1359375
0 0.2078125 0.47890625 0.05859375 0.10625
0 0.1765625 0.4140625 0.03671875 0.06484375
0 0.21953125 0.4234375 0.03515625 0.059375
0 0.19609375 0.37578125 0.025 0.04140625
0 0.159375 0.3671875 0.021875 0.04140625
0 0.14140625 0.390625 0.0203125 0.03515625
0 0.13046875 0.36796875 0.021875 0.04453125
0 0.07890625 0.40859375 0.03828125 0.0828125
0 0.2625 0.37421875 0.021875 0.04453125
0 0.28671875 0.40078125 0.0234375 0.05625
0 0.30859375 0.39921875 0.0265625 0.053125
0 0.4171875 0.32578125 0.01796875 0.053125
0 0.4671875 0.37421875 0.021875 0.03828125
0 0.51953125 0.3875 0.021875 0.04140625
0 0.5234375 0.4375 0.0265625 0.06484375
0 0.5484375 0.4203125 0.0296875 0.053125
0 0.5734375 0.39765625 0.0203125 0.05
0 0.60546875 0.4421875 0.03203125 0.05625
0 0.61484375 0.39375 0.0203125 0.03515625
0 0.59765625 0.3859375 0.01484375 0.03828125
0 0.67109375 0.3296875 0.03203125 0.04453125
0 0.67265625 0.46015625 0.03515625 0.0625
0 0.7140625 0.45234375 0.0484375 0.0828125
0 0.6515625 0.51640625 0.053125 0.109375
0 0.83828125 0.55 0.09296875 0.165625
0 0.90078125 0.48515625 0.06171875 0.10078125