0 0.1 0.40234375 0.06484375 0.14765625
0 0.025 0.2515625 0.04921875 0.12109375
0 0.10703125 0.22109375 0.05078125 0.10703125
0 0.2140625 0.2546875 0.0546875 0.1140625
0 0.28359375 0.43984375 0.06484375 0.12109375
0 0.33125 0.26640625 0.04453125 0.1109375
0 0.39453125 0.26171875 0.04609375 0.1140625
0 0.41953125 0.45 0.0609375 0.14765625
0 0.48046875 0.25703125 0.04765625 0.10390625
0 0.565625 0.4140625 0.05078125 0.13125
0 0.58125 0.30703125 0.04609375 0.09765625
0 0.565625 0.2484375 0.0375 0.0875
0 0.6703125 0.28828125 0.04453125 0.09375
0 0.73515625 0.2765625 0.04453125 0.09765625
0 0.77578125 0.2984375 0.0375 0.10703125
0 0.7171875 0.42421875 0.04609375 0.09765625
0 0.81484375 0.4578125 0.04453125 0.10390625
0 0.8828125 0.3140625 0.04765625 0.10390625
0 0.88515625 0.48125 0.04921875 0.1171875
0 0.92578125 0.2921875 0.0359375 0.08046875
0 0.97890625 0.44609375 0.0390625 0.10078125