0 0.8215914351851852 0.1579340277777778 0.22244212962962956 0.2371180555555555
0 0.874542824074074 0.4924594907407408 0.08778935185185191 0.12815972222222224
0 0.8393344907407407 0.4835243055555555 0.09916666666666671 0.11638888888888879
0 0.7531770833333333 0.36609375 0.17443287037037045 0.20063657407407404
0 0.7364699074074074 0.5137384259259259 0.09424768518518523 0.10068287037037038
0 0.7073263888888889 0.5390856481481482 0.08230324074074069 0.09542824074074083
0 0.6723842592592593 0.4480092592592593 0.10810185185185191 0.12921296296296295
0 0.7298148148148148 0.43439814814814814 0.1255208333333334 0.14556712962962964
0 0.5902488425925926 0.5361747685185185 0.09503472222222235 0.11153935185185179
0 0.47096643518518516 0.4810127314814815 0.12362268518518515 0.14392361111111107
0 0.4400752314814815 0.5402372685185185 0.10173611111111107 0.12115740740740755
0 0.4840509259259259 0.5377777777777778 0.07615740740740744 0.08120370370370367
0 0.4885474537037037 0.5830381944444445 0.07046296296296291 0.07627314814814809
0 0.4304513888888889 0.16214120370370372 0.3203472222222222 0.29009259259259257
0 0.39194444444444443 0.27152777777777776 0.17810185185185184 0.17456018518518518
0 0.2996701388888889 0.5392766203703705 0.10284722222222217 0.11194444444444436
0 0.304837962962963 0.581412037037037 0.08699074074074069 0.09567129629629641
0 0.31397569444444445 0.6087442129629629 0.07046296296296291 0.07627314814814809
0 0.14935185185185187 0.6065277777777778 0.07939814814814813 0.08909722222222208
0 0.1502777777777778 0.5433796296296296 0.08888888888888888 0.09731481481481481
0 0.1151851851851852 0.5265509259259259 0.10508101851851852 0.11515046296296294
0 0.21106481481481482 0.40750000000000003 0.1425 0.1742592592592592
0 0.0664988425925926 0.20462962962962963 0.1329976851851852 0.2655092592592593
0 0.02866030092592593 0.5684837962962963 0.05732060185185186 0.11153935185185197