0 0.5384027777777778 0.42456597222222214 0.10762731481481484 0.13395833333333332
0 0.3720717592592592 0.7855034722222223 0.2128819444444444 0.2527430555555556
0 0.4442418981481481 0.7485243055555555 0.11269675925925923 0.13107638888888892
0 0.5224479166666667 0.8373263888888889 0.12092592592592588 0.14649305555555542
0 0.5445891203703703 0.9227690972222222 0.30680555555555566 0.15446180555555564
0 0.2626793981481481 0.7639583333333333 0.17649305555555558 0.21180555555555552
0 0.13379629629629627 0.8264583333333334 0.2547569444444445 0.3039583333333333
0 0.0833449074074074 0.6450868055555555 0.1666898148148148 0.2540625
0 0.037332175925925914 0.6083680555555555 0.07466435185185183 0.17538194444444438
0 0.04902777777777777 0.5244791666666666 0.09805555555555553 0.15590277777777786
0 0.1524421296296296 0.5527604166666666 0.12795138888888893 0.14562500000000006