0 0.6433622685185185 0.6950520833333333 0.16820601851851863 0.1950810185185185
0 0.7074016203703704 0.6655960648148148 0.11715277777777774 0.15150462962962957
0 0.7241550925925926 0.6157118055555555 0.11471064814814813 0.1447916666666668
0 0.7646469907407407 0.5939814814814814 0.07684027777777765 0.09913194444444447
0 0.6271180555555556 0.57109375 0.07994212962962965 0.11053240740740726
0 0.5992881944444445 0.5613715277777777 0.11046296296296312 0.14652777777777787
0 0.45505208333333336 0.6872106481481481 0.15812500000000007 0.20856481481481487
0 0.48938657407407404 0.6081597222222221 0.10423611111111111 0.13420138888888894
0 0.5121701388888888 0.5579861111111111 0.08619212962962966 0.11238425925925917
0 0.5182291666666667 0.5202546296296295 0.06836805555555561 0.09212962962962976
0 0.4176331018518519 0.5328414351851851 0.0915162037037037 0.12893518518518512
0 0.36373263888888896 0.6019675925925926 0.13829861111111114 0.18472222222222215
0 0.33884259259259264 0.709664351851852 0.15524305555555556 0.1987268518518519
0 0.46657407407407414 0.3925636574074074 0.05613425925925917 0.06903935185185181
0 0.3991956018518518 0.3765914351851852 0.08885416666666668 0.12065972222222224
0 0.33007523148148155 0.5325810185185185 0.08929398148148149 0.12378472222222214
0 0.2797685185185185 0.5602141203703704 0.09019675925925927 0.11956018518518512
0 0.20459490740740743 0.6049479166666666 0.1354166666666666 0.17488425925925916
0 0.2575347222222223 0.5054108796296296 0.08084490740740743 0.10630787037037023
0 0.10672453703703706 0.7896701388888889 0.2020717592592593 0.2335648148148149
0 0.12380208333333335 0.5832175925925925 0.13204861111111113 0.18287037037037024
0 0.21508101851851852 0.49852430555555555 0.06568287037037042 0.0943287037037038
0 0.16785300925925928 0.5042824074074075 0.07193287037037037 0.09618055555555571
0 0.1195891203703704 0.4961226851851851 0.06902777777777777 0.09681712962962977
0 0.08439814814814815 0.4908275462962964 0.06524305555555554 0.09120370370370381
0 0.04785300925925927 0.7208043981481481 0.09570601851851854 0.3333912037037038
0 0.03967881944444445 0.5964699074074075 0.0793576388888889 0.2247685185185187
0 0.000983796296296302 0.5828703703703704 0.001967592592592604 0.19363425925925917
0 0.09407986111111112 0.37416087962962963 0.059675925925925924 0.08356481481481479