0 0.22421875 0.440625 0.0953125 0.16953125
0 0.1359375 0.38671875 0.05859375 0.09609375
0 0.09453125 0.3375 0.0484375 0.078125
0 0.0671875 0.3375 0.03828125 0.0734375
0 0.05078125 0.30078125 0.025 0.05078125
0 0.1328125 0.27265625 0.025 0.03046875
0 0.1625 0.29453125 0.025 0.04296875
0 0.18671875 0.27109375 0.0265625 0.04296875
0 0.17890625 0.32578125 0.03515625 0.05546875
0 0.2765625 0.27421875 0.0203125 0.0375
0 0.33984375 0.28046875 0.0234375 0.05078125
0 0.35546875 0.3484375 0.0453125 0.07578125
0 0.4078125 0.2875 0.028125 0.0453125
0 0.44765625 0.30546875 0.03515625 0.0609375
0 0.4828125 0.26875 0.025 0.04296875
0 0.52109375 0.38125 0.08203125 0.13125
0 0.59765625 0.30078125 0.025 0.05078125
0 0.63828125 0.29296875 0.0265625 0.0453125
0 0.6609375 0.2890625 0.025 0.04296875
0 0.6484375 0.39921875 0.06328125 0.12109375
0 0.725 0.34453125 0.04296875 0.06796875
0 0.7875 0.3546875 0.05859375 0.0984375
0 0.8296875 0.31328125 0.03671875 0.065625