0 0.08515625 0.57734375 0.103125 0.1609375
0 0.175 0.58359375 0.0640625 0.11328125
0 0.278125 0.60390625 0.0875 0.2140625
0 0.36875 0.66796875 0.14296875 0.23515625
0 0.46171875 0.60546875 0.07421875 0.13984375
0 0.55546875 0.63984375 0.109375 0.2203125
0 0.315625 0.440625 0.02734375 0.05390625
0 0.4140625 0.54140625 0.0390625 0.07734375
0 0.5953125 0.5640625 0.0609375 0.11015625
0 0.64765625 0.565625 0.040625 0.0953125
0 0.7046875 0.3703125 0.05390625 0.11640625
0 0.8 0.6515625 0.18359375 0.3390625
0 0.88046875 0.60390625 0.07421875 0.2140625
0 0.946875 0.69375 0.103125 0.26796875
0 0.9515625 0.5546875 0.05234375 0.11015625
0 0.2234375 0.53125 0.02890625 0.0625