0 0.12050347222222221 0.4256770833333333 0.11006944444444441 0.13093749999999993
0 0.2373900462962963 0.35182291666666665 0.18565972222222218 0.22937500000000002
0 0.2358738425925926 0.4591145833333334 0.11163194444444446 0.13114583333333338
0 0.26787615740740744 0.49421875000000004 0.07880787037037038 0.10041666666666664
0 0.3657754629629629 0.5118750000000001 0.0849652777777778 0.09968749999999993
0 0.4133738425925926 0.47796874999999994 0.11282407407407416 0.12510416666666657
0 0.4158449074074074 0.55953125 0.07016203703703709 0.08531249999999986
0 0.45458912037037036 0.34963541666666664 0.19384259259259248 0.23666666666666672
0 0.503443287037037 0.5628124999999999 0.0705324074074074 0.09156250000000003
0 0.6625289351851852 0.5101041666666667 0.14712962962962967 0.18083333333333335
0 0.6063136574074074 0.5979166666666667 0.11328703703703695 0.13291666666666657
0 0.7387789351851851 0.6275000000000001 0.12699074074074074 0.1548958333333335
0 0.8594270833333333 0.6436979166666666 0.101701388888889 0.12052083333333333
0 0.8820601851851851 0.6934375 0.08018518518518505 0.09749999999999996