0 0.2067708333333333 0.5918402777777778 0.22256944444444446 0.35694444444444445
0 0.26241319444444444 0.5792534722222222 0.2817708333333333 0.3421875
0 0.28324652777777776 0.7162326388888889 0.10954861111111107 0.12951388888888893
0 0.35277777777777775 0.6004340277777778 0.16857638888888893 0.203125
0 0.3624131944444444 0.5537326388888889 0.0989583333333333 0.11614583333333321
0 0.3988715277777778 0.5953125 0.11006944444444447 0.125
0 0.3910590277777778 0.5457465277777778 0.06475694444444446 0.07881944444444447
0 0.4256076388888889 0.5499131944444444 0.08107638888888888 0.09739583333333321
0 0.48637152777777776 0.3910590277777778 0.1625 0.16892361111111107
0 0.5458333333333333 0.3668402777777778 0.146875 0.1671875
0 0.5598090277777777 0.4405381944444445 0.09131944444444447 0.10920138888888893
0 0.5053819444444445 0.4730034722222222 0.10642361111111107 0.11545138888888892
0 0.9519965277777779 0.4834201388888889 0.09600694444444428 0.23385416666666675