0 0.6476215277777777 0.5849826388888889 0.11281250000000007 0.13350694444444428
0 0.5710763888888889 0.7335590277777777 0.07554398148148156 0.09208333333333343
0 0.578599537037037 0.8396006944444444 0.05790509259259267 0.07222222222222215
0 0.688744212962963 0.8381944444444442 0.0631712962962963 0.08031250000000005
0 0.4676099537037037 0.8357465277777777 0.06402777777777775 0.08343750000000005
0 0.4337037037037037 0.7564409722222222 0.07141203703703702 0.08256944444444443
0 0.3745023148148148 0.8417361111111111 0.06543981481481484 0.07746527777777779
0 0.45978009259259256 0.5917708333333334 0.0796759259259261 0.10159722222222207
0 0.3056076388888889 0.5925173611111111 0.08108796296296301 0.09562500000000007
0 0.3292650462962963 0.7398090277777778 0.05079861111111104 0.06854166666666668
0 0.28519675925925925 0.8199479166666667 0.05934027777777775 0.0830208333333335
0 0.19971064814814815 0.8092534722222222 0.0598958333333333 0.07392361111111115
0 0.15897569444444443 0.8410763888888889 0.047523148148148134 0.062152777777777855
0 0.21550347222222221 0.7377256944444445 0.062314814814814844 0.07718749999999996
0 0.10617476851851851 0.8168055555555556 0.057048611111111126 0.06909722222222214
0 0.13549768518518518 0.6152604166666666 0.08549768518518518 0.10059027777777771
0 0.42663773148148143 0.37062500000000004 0.2649074074074075 0.32690972222222225
0 0.012314814814814811 0.7235416666666666 0.024629629629629623 0.0916666666666666
0 0.016796875 0.5705381944444444 0.03359375 0.11805555555555554