0 0.9061631944444445 0.8559519675925926 0.18767361111111108 0.28809606481481476
0 0.9221064814814814 0.7201099537037037 0.09508101851851869 0.1418981481481481
0 0.9708622685185185 0.7324710648148148 0.05827546296296297 0.11777777777777772
0 0.9836226851851851 0.8269618055555557 0.03275462962962976 0.28195601851851854
0 0.995920138888889 0.6715567129629629 0.008159722222222143 0.09589120370370381
0 0.8993055555555556 0.5368460648148148 0.03327546296296298 0.05481481481481474
0 0.8468460648148148 0.5240393518518518 0.03616898148148166 0.05236111111111121
0 0.714670138888889 0.7739583333333333 0.10196759259259273 0.17259259259259263
0 0.5994791666666666 0.8276331018518519 0.10173611111111107 0.16946759259259273
0 0.5757233796296296 0.9296296296296296 0.20920138888888892 0.14074074074074083
0 0.45173611111111117 0.8673958333333334 0.1424189814814815 0.24125000000000013
0 0.3298611111111111 0.4260532407407407 0.03240740740740744 0.06385416666666668
0 0.20135995370370371 0.9208854166666667 0.16730324074074074 0.15822916666666664