0 0.039441550925925925 0.4568576388888889 0.07888310185185185 0.1715277777777778
0 0.08447337962962963 0.5210069444444445 0.0809375 0.1320023148148149
0 0.029259259259259263 0.6592013888888889 0.058518518518518525 0.12517361111111108
0 0.1531539351851852 0.5802372685185185 0.08359953703703704 0.1244212962962962
0 0.1866087962962963 0.4791377314814815 0.09961805555555552 0.18472222222222215
0 0.30656249999999996 0.5735532407407408 0.07607638888888886 0.1549768518518519
0 0.4400752314814815 0.5583333333333333 0.08628472222222214 0.1697337962962962
0 0.5338715277777778 0.5644965277777778 0.09409722222222214 0.1703125
0 0.6605729166666666 0.5715277777777777 0.09125000000000014 0.17476851851851852
0 0.8294733796296295 0.5550057870370371 0.0860995370370369 0.16660879629629619
0 0.9135185185185186 0.5800636574074074 0.12425925925925937 0.2067708333333332