0 0.8877314814814815 0.018854166666666672 0.030092592592592737 0.037708333333333344
0 0.8738136574074075 0.03523726851851853 0.028761574074074047 0.03975694444444444
0 0.8872395833333332 0.047534722222222235 0.018634259259259524 0.02285879629629628
0 0.8478009259259259 0.021637731481481494 0.03726851851851833 0.04327546296296299
0 0.8546875 0.04597800925925927 0.02806712962962976 0.035069444444444445
0 0.8512731481481481 0.0587326388888889 0.025347222222222143 0.027002314814814833
0 0.8269097222222221 0.06880208333333335 0.02447916666666643 0.03143518518518518
0 0.8300636574074073 0.04236689814814816 0.030092592592592383 0.03844907407407407
0 0.787037037037037 0.06005208333333335 0.03478009259259274 0.03921296296296297
0 0.7931712962962963 0.08039930555555556 0.023784722222222145 0.0267476851851852
0 0.7842881944444444 0.09404513888888891 0.022916666666666786 0.031180555555555545
0 0.7527777777777778 0.08545717592592593 0.03211805555555554 0.04182870370370371
0 0.757175925925926 0.09693865740740741 0.02268518518518512 0.029618055555555543
0 0.7243344907407407 0.10762731481481483 0.029629629629629582 0.03532407407407408
0 0.7113425925925926 0.0975462962962963 0.029166666666666785 0.032199074074074074
0 0.7020543981481481 0.12421875 0.029629629629629763 0.03532407407407403
0 0.6888020833333334 0.12104166666666667 0.027835648148148096 0.033506944444444464
0 0.6624131944444445 0.13449074074074074 0.023784722222222145 0.026747685185185156
0 0.6963541666666667 0.08550347222222224 0.042881944444444466 0.052731481481481476
0 0.6714699074074074 0.06821180555555557 0.05231481481481488 0.06494212962962961
0 0.6668113425925926 0.029412615740740743 0.06261574074074083 0.058825231481481485
0 0.6778356481481481 0.016032986111111112 0.11180555555555571 0.032065972222222225
0 0.7138599537037036 0.0322337962962963 0.0668981481481481 0.0644675925925926
0 0.7311921296296295 0.05619212962962964 0.046238425925925954 0.05480324074074072
0 0.6358506944444444 0.09765046296296297 0.040625 0.04778935185185185
0 0.6314525462962963 0.12733796296296296 0.03478009259259256 0.03921296296296299
0 0.6111400462962963 0.13064814814814815 0.024479166666666607 0.0314351851851852
0 0.6064814814814815 0.10548611111111113 0.04357638888888893 0.05741898148148148
0 0.5880787037037037 0.06502893518518518 0.07071759259259255 0.08623842592592593
0 0.5633969907407407 0.11326967592592592 0.04965277777777786 0.0675578703703704
0 0.5339699074074075 0.13178819444444445 0.04467592592592595 0.05454861111111113
0 0.508912037037037 0.1465451388888889 0.04311342592592595 0.05429398148148148
0 0.5410590277777778 0.16112847222222224 0.03142361111111107 0.03714120370370368
0 0.5416087962962963 0.18314814814814814 0.027372685185185118 0.030381944444444465
0 0.524681712962963 0.1790451388888889 0.030960648148148095 0.03401620370370369
0 0.5053819444444445 0.18066550925925925 0.03032407407407405 0.040011574074074074
0 0.5009548611111111 0.1951099537037037 0.02424768518518512 0.029872685185185155
0 0.576388888888889 0.1439351851851852 0.029166666666666785 0.032199074074074074
0 0.5733217592592592 0.1543460648148148 0.027372685185185118 0.030381944444444465
0 0.4568287037037037 0.10700231481481481 0.08061342592592595 0.10157407407407408
0 0.45066550925925924 0.13316550925925927 0.05815972222222214 0.07351851851851851
0 0.44988425925925923 0.17446180555555554 0.042881944444444466 0.052731481481481476
0 0.446412037037037 0.19789930555555557 0.03368055555555553 0.04208333333333334
0 0.420775462962963 0.23714699074074072 0.025347222222222143 0.02700231481481481
0 0.4105902777777778 0.22355902777777778 0.026273148148148094 0.03325231481481481
0 0.3916956018518518 0.21215277777777777 0.037962962962962976 0.050405092592592585
0 0.381712962962963 0.20234375 0.043807870370370414 0.058981481481481524
0 0.3597222222222222 0.18610532407407407 0.05902777777777786 0.06908564814814815
0 0.3416666666666667 0.24622685185185186 0.035243055555555534 0.042337962962962904
0 0.37881944444444443 0.24245949074074075 0.018865740740740745 0.02442129629629628
0 0.3263599537037037 0.27235532407407403 0.020196759259259255 0.023113425925925933
0 0.28712384259259255 0.2901851851851852 0.02870370370370363 0.02907407407407412
0 0.2734085648148148 0.22837962962962965 0.0651041666666666 0.07922453703703702
0 0.26290509259259254 0.10887152777777778 0.13900462962962962 0.17665509259259257
0 0.17277199074074073 0.23868055555555556 0.09230324074074074 0.11872685185185183
0 0.20691550925925925 0.2758101851851852 0.053182870370370325 0.060509259259259277
0 0.2283564814814815 0.27002893518518517 0.04224537037037042 0.05872685185185187
0 0.2632523148148148 0.2712037037037037 0.03368055555555553 0.04208333333333334
0 0.3007523148148148 0.2650925925925926 0.028067129629629584 0.035069444444444466
0 0.2674768518518518 0.2941493055555556 0.028067129629629584 0.035069444444444466
0 0.228125 0.3127604166666667 0.03142361111111107 0.03714120370370377
0 0.22259837962962964 0.30374999999999996 0.024479166666666698 0.031435185185185156
0 0.20908564814814815 0.30747685185185186 0.027835648148148186 0.033506944444444464
0 0.16643518518518516 0.3174768518518518 0.03657407407407405 0.04103009259259256
0 0.16692708333333334 0.288425925925926 0.04155092592592591 0.054039351851851866
0 0.14207175925925924 0.3275462962962963 0.037962962962962976 0.05040509259259256
0 0.15659722222222222 0.34271412037037036 0.024247685185185164 0.029872685185185155
0 0.1267361111111111 0.3590162037037037 0.024479166666666698 0.031435185185185156
0 0.12025462962962963 0.36159722222222224 0.020428240740740743 0.024675925925925934
0 0.08275462962962962 0.3471238425925926 0.03952546296296298 0.05065972222222222
0 0.06999421296296296 0.3148958333333334 0.06961805555555559 0.08910879629629634
0 0.07120949074074073 0.41990740740740745 0.032349537037037045 0.04339120370370364
0 0.03793402777777777 0.3666261574074074 0.029629629629629627 0.03532407407407412
0 0.02809606481481481 0.39186342592592593 0.028530092592592593 0.03819444444444446
0 0.04108796296296295 0.4019444444444444 0.020428240740740743 0.02467592592592598
0 0.00792824074074074 0.3843287037037037 0.01585648148148148 0.03583333333333334
0 0.006510416666666663 0.33382523148148147 0.013020833333333325 0.12297453703703702
0 0.015017361111111108 0.34997106481481477 0.030034722222222216 0.05560185185185187
0 0.0024884259259259243 0.4143981481481481 0.004976851851851849 0.031435185185185156
0 0.013223379629629628 0.4091261574074074 0.026446759259259257 0.04313657407407412
0 0.4505497685185185 0.31920717592592596 0.016608796296296368 0.019479166666666714
0 0.3885416666666667 0.34151041666666665 0.017071759259259255 0.022604166666666713