0 0.10234375 0.9078125 0.07578125 0.103125
0 0.13671875 0.8203125 0.065625 0.06484375
0 0.15859375 0.77421875 0.05546875 0.07109375
0 0.2171875 0.80390625 0.06875 0.1046875
0 0.21875 0.69921875 0.02734375 0.046875
0 0.18984375 0.67421875 0.021875 0.0390625
0 0.159375 0.696875 0.02890625 0.03671875
0 0.15546875 0.67109375 0.02109375 0.028125
0 0.109375 0.67109375 0.02421875 0.03203125
0 0.08359375 0.68984375 0.02578125 0.03359375
0 0.040625 0.7109375 0.025 0.034375
0 0.0578125 0.69921875 0.02421875 0.03515625
0 0.115625 0.70859375 0.03046875 0.03046875
0 0.259375 0.68671875 0.0203125 0.03046875
0 0.228125 0.675 0.0234375 0.03125
0 0.246875 0.671875 0.0171875 0.03203125
0 0.3 0.6921875 0.02265625 0.0359375
0 0.3046875 0.671875 0.02109375 0.025
0 0.33828125 0.659375 0.02109375 0.03203125
0 0.32265625 0.63671875 0.01796875 0.02578125
0 0.3625 0.64921875 0.0203125 0.02109375
0 0.36171875 0.66953125 0.02109375 0.0265625
0 0.3265625 0.7015625 0.01875 0.0296875
0 0.346875 0.71953125 0.03046875 0.03671875
0 0.38515625 0.70078125 0.028125 0.04375
0 0.29609375 0.778125 0.04296875 0.05390625
0 0.3640625 0.81171875 0.05390625 0.0765625
0 0.36171875 0.890625 0.0671875 0.1
0 0.39453125 0.77734375 0.04921875 0.06796875
0 0.43125 0.71953125 0.034375 0.03515625
0 0.446875 0.696875 0.0234375 0.03203125
0 0.50625 0.709375 0.03046875 0.04140625
0 0.496875 0.675 0.01796875 0.028125
0 0.5125 0.66640625 0.0171875 0.02421875
0 0.62421875 0.59453125 0.01796875 0.0234375
0 0.51015625 0.8046875 0.0578125 0.07578125
0 0.56484375 0.825 0.05546875 0.09453125
0 0.58125 0.92578125 0.0765625 0.06875
0 0.65703125 0.88984375 0.1078125 0.15
0 0.7859375 0.928125 0.07421875 0.07890625
0 0.75078125 0.815625 0.05859375 0.08046875
0 0.690625 0.80625 0.0484375 0.0703125
0 0.64765625 0.775 0.04453125 0.05703125
0 0.5734375 0.703125 0.03515625 0.05
0 0.60625 0.71796875 0.02890625 0.03984375
0 0.62265625 0.690625 0.02421875 0.034375
0 0.69921875 0.71953125 0.034375 0.03671875
0 0.725 0.70234375 0.021875 0.03046875
0 0.7375 0.71171875 0.02265625 0.028125
0 0.7421875 0.68671875 0.01640625 0.0265625
0 0.76484375 0.70703125 0.02109375 0.03125
0 0.78984375 0.7234375 0.02734375 0.034375
0 0.79765625 0.70078125 0.02421875 0.034375
0 0.81484375 0.66640625 0.0203125 0.03828125
0 0.8265625 0.68359375 0.01953125 0.040625
0 0.85703125 0.67421875 0.015625 0.03125
0 0.88671875 0.69140625 0.03203125 0.0453125
0 0.88359375 0.78359375 0.0453125 0.05390625
0 0.790625 0.78125 0.0390625 0.06484375
0 0.846875 0.8203125 0.040625 0.05
0 0.93203125 0.85625 0.06484375 0.07578125
0 0.92109375 0.7 0.0328125 0.0484375
0 0.95546875 0.71875 0.021875 0.04375
0 0.971875 0.7015625 0.02890625 0.0453125
0 0.98671875 0.725 0.021875 0.04609375