0 0.8731655092592593 0.3447164351851852 0.1323842592592591 0.16909722222222223
0 0.8837326388888889 0.5163020833333334 0.054907407407407405 0.07185185185185183
0 0.8005208333333333 0.4801967592592592 0.06987268518518519 0.08258101851851851
0 0.7300462962962962 0.4645370370370371 0.09163194444444436 0.11563657407407409
0 0.8101446759259259 0.5249363425925926 0.0627199074074074 0.07260416666666672
0 0.7911631944444444 0.5693344907407407 0.04961805555555543 0.06515046296296294
0 0.7564004629629629 0.5525578703703704 0.04760416666666671 0.06031250000000003
0 0.890474537037037 0.5427430555555556 0.0457407407407409 0.05703703703703713
0 0.6586805555555555 0.6912268518518518 0.032187500000000036 0.04489583333333336
0 0.6646932870370371 0.5644849537037038 0.06377314814814809 0.08354166666666671
0 0.5953761574074073 0.54484375 0.06034722222222229 0.08011574074074072
0 0.6169907407407408 0.5775925925925927 0.042314814814814736 0.053611111111111144
0 0.5683854166666666 0.6000752314814815 0.034351851851851835 0.051296296296296263
0 0.5126678240740741 0.5597743055555556 0.05087962962962962 0.06217592592592602
0 0.513425925925926 0.6162037037037037 0.03843749999999986 0.045497685185185155
0 0.44756365740740744 0.6008738425925926 0.032187500000000036 0.04489583333333336
0 0.45543402777777775 0.6155960648148148 0.03068287037037045 0.029270833333333357
0 0.4602835648148148 0.6375752314814814 0.022569444444444465 0.025393518518518475
0 0.42648726851851854 0.5866493055555555 0.04760416666666671 0.06031249999999986
0 0.38167824074074075 0.5375578703703704 0.08805555555555564 0.11064814814814809
0 0.39458912037037036 0.6044270833333334 0.044027777777777735 0.055324074074074046
0 0.378900462962963 0.6307060185185185 0.028009259259259255 0.03365740740740737
0 0.3672858796296296 0.6387905092592593 0.023171296296296263 0.031643518518518474
0 0.3421527777777778 0.6265046296296296 0.03762731481481483 0.053159722222222074
0 0.3009895833333333 0.6118923611111111 0.04543981481481474 0.05391203703703695
0 0.24765046296296295 0.5388541666666666 0.1105671296296296 0.15151620370370367
0 0.18550347222222222 0.5974710648148148 0.05752314814814814 0.08293981481481474
0 0.20376736111111113 0.6328645833333333 0.03561342592592594 0.04832175925925917
0 0.24263310185185186 0.6391840277777778 0.028310185185185154 0.03678240740740737
0 0.19213541666666664 0.6572048611111111 0.0270486111111111 0.03975694444444429
0 0.16294560185185186 0.6468576388888889 0.03374999999999999 0.045046296296296265
0 0.10310763888888888 0.633269675925926 0.04901620370370371 0.05890046296296294
0 0.08456597222222222 0.5444965277777778 0.09358796296296297 0.13594907407407408
0 0.03066550925925926 0.5494328703703704 0.06133101851851852 0.10601851851851851
0 0.031221064814814813 0.6161979166666667 0.05884259259259259 0.06449074074074072
0 0.06580439814814816 0.6267997685185185 0.04700231481481482 0.054062500000000034