0 0.72890625 0.19609375 0.053125 0.06875
0 0.7734375 0.26640625 0.07578125 0.11953125
0 0.8890625 0.41171875 0.09296875 0.1046875
0 0.9453125 0.51484375 0.09140625 0.13203125
0 0.6234375 0.59765625 0.1359375 0.21875
0 0.62890625 0.77265625 0.146875 0.1859375
0 0.58671875 0.396875 0.06640625 0.075
0 0.5375 0.325 0.053125 0.06875
0 0.57890625 0.26796875 0.046875 0.06875
0 0.60859375 0.23203125 0.03984375 0.0625
0 0.465625 0.23828125 0.0421875 0.05078125
0 0.3765625 0.39375 0.06875 0.0984375
0 0.4375 0.33515625 0.084375 0.08984375
0 0.32109375 0.55390625 0.09140625 0.1140625
0 0.146875 0.72890625 0.146875 0.15859375
0 0.1390625 0.51640625 0.1046875 0.1109375
0 0.1796875 0.41484375 0.07578125 0.08671875
0 0.2375 0.321875 0.0625 0.08046875
0 0.246875 0.27265625 0.04453125 0.0421875
0 0.2921875 0.23671875 0.05078125 0.065625
0 0.21328125 0.23359375 0.04453125 0.06015625
0 0.15546875 0.26640625 0.0578125 0.078125
0 0.03125 0.3296875 0.0578125 0.08359375