0 0.8543576388888889 0.7793229166666666 0.24725694444444457 0.38468750000000007
0 0.7075520833333334 0.7024479166666666 0.07315972222222236 0.1328125
0 0.6532986111111111 0.7183333333333334 0.016180555555555642 0.026041666666666786
0 0.6742534722222222 0.7134895833333333 0.014687500000000141 0.029062500000000036
0 0.6526388888888889 0.6886458333333334 0.020972222222222215 0.03104166666666668
0 0.6234548611111111 0.7093229166666667 0.019583333333333286 0.03874999999999993
0 0.6017881944444444 0.6821354166666667 0.024513888888888856 0.05
0 0.576875 0.6492708333333332 0.022673611111111214 0.03739583333333343
0 0.5650347222222222 0.678125 0.017847222222222216 0.03083333333333336
0 0.5505381944444444 0.6927604166666667 0.016284722222222214 0.030729166666666786
0 0.5185069444444445 0.6204166666666666 0.03246527777777786 0.056770833333333395
0 0.4852256944444444 0.5971354166666666 0.04038194444444443 0.061979166666666786
0 0.4734895833333333 0.66578125 0.016250000000000143 0.029166666666666785
0 0.49921875 0.6651562500000001 0.01930555555555564 0.02624999999999993
0 0.5159548611111111 0.6810937499999999 0.014548611111111142 0.022812499999999857
0 0.4413715277777778 0.6597395833333334 0.016284722222222214 0.030729166666666786
0 0.43494791666666666 0.61640625 0.022604166666666713 0.03427083333333343
0 0.3962673611111111 0.5958854166666667 0.04229166666666666 0.07770833333333335
0 0.40522569444444445 0.6479687500000001 0.019583333333333286 0.03874999999999993
0 0.37184027777777773 0.62 0.018020833333333285 0.03864583333333336
0 0.3369965277777778 0.5966145833333334 0.019409722222222214 0.03093749999999993
0 0.17710069444444443 0.6327604166666667 0.026041666666666696 0.04854166666666657