0 0.9273206018518518 0.5864293981481481 0.047766203703703526 0.07893518518518512
0 0.8628993055555556 0.6742650462962964 0.051712962962962905 0.07334490740740733
0 0.8602314814814814 0.6230555555555556 0.045092592592592594 0.06934027777777771
0 0.8091435185185185 0.5983912037037037 0.0482175925925926 0.06978009259259252
0 0.7630497685185185 0.5919039351851852 0.04315972222222229 0.06599537037037032
0 0.7561458333333333 0.6568576388888889 0.03836805555555554 0.0514930555555555
0 0.7344733796296297 0.6855787037037038 0.05097222222222229 0.06709490740740734
0 0.708894675925926 0.6065219907407406 0.04472222222222229 0.06621527777777772
0 0.6402488425925925 0.5825636574074075 0.046203703703703705 0.07871527777777772
0 0.5980729166666666 0.563125 0.04315972222222229 0.06599537037037032
0 0.548275462962963 0.5878877314814815 0.045462962962962906 0.07246527777777771
0 0.4963657407407407 0.5567534722222222 0.045462962962962906 0.07246527777777771
0 0.4687152777777778 0.5353877314814814 0.045092592592592594 0.06934027777777771
0 0.4289293981481482 0.5695023148148148 0.045462962962962906 0.07246527777777771
0 0.3958101851851852 0.5473668981481481 0.044351851851851885 0.06309027777777772
0 0.36469907407407404 0.5954108796296296 0.045462962962962906 0.07246527777777771
0 0.3199826388888889 0.5907060185185186 0.042604166666666644 0.06130787037037031
0 0.3409375 0.541232638888889 0.04104166666666664 0.061087962962962906
0 0.2799363425925926 0.5532986111111111 0.03561342592592585 0.054178240740740694
0 0.2756134259259259 0.5026504629629629 0.042337962962962994 0.0720254629629629
0 0.2508101851851852 0.5912962962962963 0.047847222222222284 0.06665509259259253
0 0.24067708333333332 0.5628645833333333 0.042789351851851884 0.06287037037037031
0 0.21781828703703704 0.5278761574074075 0.0419675925925926 0.0689004629629629
0 0.1869560185185185 0.5537152777777777 0.038101851851851845 0.0622106481481481
0 0.14205439814814816 0.5505729166666666 0.04784722222222224 0.06665509259259253
0 0.1450810185185185 0.5049305555555555 0.042604166666666644 0.06130787037037031
0 0.07115740740740742 0.5255034722222222 0.0477662037037037 0.07893518518518512