0 0.07546875 0.215 0.1509375 0.1584722222222222
0 0.041249999999999995 0.3117361111111111 0.08249999999999999 0.11666666666666661
0 0.1015625 0.2742361111111111 0.11281249999999998 0.11496527777777779
0 0.14484375 0.3598090277777778 0.121875 0.1215625000000001
0 0.26375000000000004 0.2840625 0.13687500000000002 0.14236111111111108
0 0.21921875000000002 0.3518576388888889 0.11624999999999999 0.1166666666666667
0 0.2603125 0.5761284722222222 0.09437500000000006 0.10020833333333332
0 0.399375 0.21763888888888888 0.18062499999999995 0.1907638888888889
0 0.38234375 0.36473958333333334 0.13687500000000002 0.14236111111111108
0 0.49296875 0.31491319444444443 0.13687500000000002 0.14236111111111108
0 0.58109375 0.3853298611111111 0.11687499999999992 0.1197916666666667
0 0.7409375 0.5191493055555555 0.1440624999999999 0.14732638888888888