0 0.1 0.4015625 0.05 0.0765625
0 0.26640625 0.53671875 0.1078125 0.16015625
0 0.3328125 0.41640625 0.06015625 0.08671875
0 0.275 0.346875 0.05 0.0796875
0 0.41015625 0.3296875 0.03984375 0.06640625
0 0.4484375 0.36171875 0.04765625 0.0703125
0 0.5171875 0.421875 0.075 0.096875
0 0.50390625 0.3015625 0.02734375 0.05703125
0 0.6390625 0.31328125 0.0375 0.06015625
0 0.66875 0.3734375 0.0421875 0.0734375
0 0.74140625 0.33671875 0.0421875 0.06640625
0 0.775 0.31328125 0.0296875 0.03984375
0 0.71484375 0.6046875 0.13515625 0.18359375
0 0.875 0.44296875 0.075 0.1265625
0 0.89140625 0.39140625 0.0578125 0.08359375