0 0.05546875 0.46015625 0.02734375 0.04921875
0 0.1171875 0.471875 0.0390625 0.07265625
0 0.18984375 0.4671875 0.028125 0.0640625
0 0.2078125 0.4078125 0.025 0.04921875
0 0.24921875 0.46171875 0.0234375 0.03671875
0 0.265625 0.47421875 0.02109375 0.03828125
0 0.28046875 0.46171875 0.021875 0.03671875
0 0.3015625 0.45390625 0.02578125 0.04921875
0 0.3890625 0.45 0.04453125 0.084375
0 0.4203125 0.46953125 0.02578125 0.06796875
0 0.43359375 0.453125 0.02421875 0.05
0 0.45390625 0.45 0.02265625 0.053125
0 0.46796875 0.44375 0.0203125 0.03984375
0 0.48046875 0.4890625 0.0421875 0.06796875
0 0.5046875 0.44765625 0.0296875 0.053125
0 0.52578125 0.4578125 0.02890625 0.05625
0 0.53671875 0.38984375 0.02109375 0.0359375
0 0.67265625 0.478125 0.03203125 0.04296875
0 0.715625 0.4578125 0.025 0.05
0 0.7421875 0.4578125 0.0296875 0.059375
0 0.76640625 0.46171875 0.0203125 0.03984375
0 0.78515625 0.47734375 0.034375 0.07421875
0 0.81484375 0.4703125 0.03046875 0.0546875
0 0.85234375 0.4625 0.0421875 0.0859375
0 0.88984375 0.44296875 0.03515625 0.0796875
0 0.93515625 0.4640625 0.05390625 0.090625