0 0.06328125 0.5703125 0.1234375 0.19921875
0 0.2375 0.55625 0.0984375 0.140625
0 0.30625 0.44921875 0.034375 0.04921875
0 0.428125 0.5859375 0.10390625 0.146875
0 0.53359375 0.59140625 0.0578125 0.08671875
0 0.50546875 0.5734375 0.04140625 0.0625
0 0.61953125 0.5609375 0.03515625 0.04921875
0 0.6484375 0.45390625 0.025 0.04453125
0 0.70234375 0.58984375 0.12265625 0.15625
0 0.87890625 0.57734375 0.04296875 0.0796875
0 0.91484375 0.590625 0.06484375 0.0859375
0 0.98203125 0.5765625 0.034375 0.0984375