0 0.9724537037037038 0.42439236111111106 0.05509259259259238 0.21822916666666675
0 0.9173611111111111 0.48142361111111115 0.07806712962962976 0.14131944444444447
0 0.8466145833333334 0.44279513888888894 0.061111111111111074 0.1019097222222222
0 0.7540219907407407 0.49487847222222225 0.084375 0.1442708333333334
0 0.7030671296296297 0.45894097222222224 0.05179398148148149 0.10138888888888893
0 0.6386863425925926 0.48585069444444445 0.06284722222222214 0.10694444444444447
0 0.6006944444444444 0.45963541666666663 0.05254629629629619 0.07986111111111108
0 0.5845775462962963 0.4923611111111111 0.034895833333333216 0.06354166666666679
0 0.4908854166666667 0.5147569444444444 0.054456018518518515 0.08958333333333321
0 0.41918402777777775 0.5566840277777778 0.05457175925925935 0.09270833333333339
0 0.3223668981481481 0.5585069444444445 0.041724537037037025 0.08055555555555553
0 0.0962962962962963 0.6434027777777778 0.12204861111111112 0.19913194444444446