0 0.924542824074074 0.5392476851851852 0.110520833333333 0.13776620370370374
0 0.8645370370370371 0.5511631944444444 0.09856481481481474 0.12851851851851848
0 0.8292187500000001 0.549693287037037 0.07806712962962967 0.10349537037037031
0 0.8319849537037036 0.4750694444444445 0.08482638888888908 0.10833333333333321
0 0.7938194444444444 0.5019270833333334 0.08871527777777768 0.11387731481481467
0 0.7434201388888889 0.4903530092592593 0.07835648148148149 0.09611111111111122
0 0.7543518518518517 0.5620138888888889 0.09311342592592595 0.12254629629629629
0 0.69703125 0.5537673611111111 0.08221064814814802 0.11060185185185176
0 0.6723842592592593 0.4895428240740741 0.07574074074074062 0.09837962962962958
0 0.6811168981481481 0.4561111111111111 0.07028935185185184 0.09240740740740741
0 0.7144560185185185 0.46375578703703707 0.07988425925925924 0.10548611111111121
0 0.6302314814814814 0.4690335648148148 0.07054398148148149 0.0939699074074074
0 0.6529398148148149 0.5625810185185186 0.07806712962962976 0.10349537037037031
0 0.5706307870370371 0.5109143518518519 0.08380787037037045 0.10208333333333322
0 0.5504224537037037 0.5792650462962963 0.06225694444444443 0.0797569444444445
0 0.5311111111111111 0.4836631944444445 0.05756944444444443 0.07847222222222214
0 0.5972048611111112 0.48162615740740744 0.07159722222222217 0.09127314814814831
0 0.48632523148148155 0.46989583333333335 0.07181712962962976 0.1017824074074074
0 0.45444444444444443 0.48951967592592593 0.06378472222222217 0.0891319444444445
0 0.47829282407407414 0.5580034722222222 0.06432870370370374 0.08331018518518522
0 0.43482060185185184 0.5751967592592593 0.06716435185185184 0.09155092592592595
0 0.4031539351851851 0.4724768518518519 0.064837962962963 0.08643518518518523
0 0.3660763888888889 0.4876909722222223 0.05887731481481477 0.07733796296296305
0 0.37364583333333334 0.5524594907407407 0.06483796296296304 0.08643518518518523
0 0.31881944444444443 0.4725 0.06483796296296296 0.08643518518518505
0 0.3424305555555555 0.5349479166666666 0.05524305555555555 0.07335648148148159
0 0.3076041666666667 0.5410763888888889 0.06251157407407408 0.0813194444444445
0 0.2805208333333333 0.5672395833333332 0.06276620370370374 0.0828819444444445
0 0.24603587962962964 0.5525636574074074 0.058368055555555555 0.07421296296296305
0 0.21961805555555552 0.5415914351851852 0.054189814814814795 0.07605324074074069
0 0.19076967592592592 0.55234375 0.06018518518518521 0.07620370370370377