0 0.05 0.2375 0.04140625 0.06953125
0 0.01171875 0.26953125 0.02265625 0.071875
0 0.21484375 0.2234375 0.02890625 0.053125
0 0.23828125 0.21796875 0.03125 0.05859375
0 0.2875 0.240625 0.04609375 0.075
0 0.309375 0.278125 0.06484375 0.1
0 0.36953125 0.3125 0.08515625 0.1359375
0 0.47734375 0.521875 0.15859375 0.23359375
0 0.43125 0.1984375 0.03359375 0.046875
0 0.42890625 0.253125 0.0375 0.05
0 0.48828125 0.2515625 0.04765625 0.0640625
0 0.584375 0.225 0.05234375 0.0890625
0 0.81015625 0.32890625 0.10390625 0.146875