0 0.802980324074074 0.44866319444444447 0.037997685185185134 0.044479166666666715
0 0.7703125 0.44010416666666663 0.04241898148148149 0.055486111111111215
0 0.7188136574074073 0.41859375 0.03293981481481474 0.0412500000000001
0 0.690769675925926 0.43050347222222224 0.05309027777777775 0.0666319444444444
0 0.6443981481481481 0.43182291666666667 0.04747685185185198 0.05871527777777778
0 0.6210127314814815 0.42425347222222226 0.04085648148148149 0.05545138888888883
0 0.5500636574074075 0.41484375 0.0571412037037037 0.07451388888888885
0 0.5374942129629631 0.38871527777777776 0.03717592592592602 0.050694444444444466
0 0.50171875 0.41298611111111116 0.04067129629629633 0.05388888888888883
0 0.45784722222222224 0.39321180555555557 0.031006944444444427 0.038090277777777716
0 0.43941550925925926 0.39671874999999995 0.03662037037037038 0.04600694444444446
0 0.38439814814814816 0.40489583333333334 0.040300925925925844 0.05076388888888896
0 0.35332175925925924 0.41595486111111113 0.06781249999999997 0.08565972222222218
0 0.3221585648148148 0.36826388888888884 0.03460648148148149 0.055312499999999966
0 0.2610474537037037 0.35515625 0.04803240740740744 0.06340277777777778
0 0.23121527777777778 0.3623263888888889 0.041863425925925936 0.05079861111111113
0 0.20984375000000002 0.3642013888888889 0.05483796296296293 0.0682291666666666
0 0.19035300925925927 0.3700347222222222 0.03643518518518514 0.04444444444444447
0 0.12062500000000001 0.38336805555555553 0.08060185185185183 0.10152777777777774
0 0.0940451388888889 0.34987847222222224 0.05962962962962963 0.08236111111111111
0 0.06880787037037037 0.3579340277777778 0.041041666666666664 0.05701388888888888
0 0.03674768518518519 0.33763888888888893 0.03119212962962963 0.03965277777777772