0 0.89453125 0.4546875 0.0625 0.13515625
0 0.71484375 0.5421875 0.03125 0.06953125
0 0.6765625 0.5203125 0.0328125 0.06171875
0 0.6890625 0.49609375 0.02890625 0.05078125
0 0.63984375 0.5125 0.02734375 0.06171875
0 0.559375 0.52578125 0.03515625 0.07265625
0 0.5609375 0.4765625 0.03125 0.06171875
0 0.5375 0.49453125 0.0328125 0.0546875
0 0.428125 0.50703125 0.03515625 0.065625
0 0.45234375 0.48359375 0.0328125 0.06953125
0 0.39921875 0.48359375 0.02734375 0.0546875
0 0.36796875 0.5328125 0.04375 0.08046875
0 0.3578125 0.6296875 0.0640625 0.13515625
0 0.34453125 0.4796875 0.0328125 0.0765625
0 0.2828125 0.52578125 0.0515625 0.109375
0 0.1640625 0.56953125 0.0703125 0.1390625
0 0.18984375 0.3609375 0.0640625 0.13125
0 0.23125 0.44921875 0.03125 0.07265625
0 0.23984375 0.3921875 0.01875 0.04765625
0 0.225 0.403125 0.02265625 0.04765625
0 0.32265625 0.4140625 0.02265625 0.0546875
0 0.37265625 0.4578125 0.02734375 0.06171875
0 0.28828125 0.465625 0.0375 0.0546875
0 0.30703125 0.45234375 0.025 0.065625
0 0.2890625 0.41953125 0.02734375 0.05859375
0 0.35859375 0.425 0.02109375 0.0546875
0 0.13515625 0.4109375 0.0328125 0.06953125
0 0.0984375 0.4125 0.03125 0.05859375
0 0.075 0.45234375 0.04140625 0.08046875
0 0.02109375 0.41953125 0.0375 0.07265625
0 0.046875 0.4125 0.02734375 0.05859375
0 0.046875 0.3609375 0.02734375 0.04375
0 0.06875 0.3390625 0.02109375 0.04375
0 0.12890625 0.34296875 0.025 0.03671875
0 0.01484375 0.34296875 0.025 0.04375
0 0.01875 0.30625 0.025 0.04375