0 0.22734375 0.55234375 0.08203125 0.1296875
0 0.3078125 0.4015625 0.06796875 0.1078125
0 0.25 0.3625 0.05234375 0.07890625
0 0.27265625 0.30546875 0.0421875 0.07890625
0 0.184375 0.3875 0.06015625 0.09140625
0 0.109375 0.29296875 0.06171875 0.09140625
0 0.0359375 0.32734375 0.04765625 0.09140625
0 0.375 0.33984375 0.05 0.0984375
0 0.475 0.4703125 0.10234375 0.21171875
0 0.4671875 0.3765625 0.0578125 0.08828125
0 0.55 0.33203125 0.03984375 0.06953125
0 0.6390625 0.30703125 0.03828125 0.07578125
0 0.70078125 0.3734375 0.05390625 0.08828125
0 0.63515625 0.471875 0.078125 0.1265625
0 0.66796875 0.66171875 0.09609375 0.17734375
0 0.9171875 0.525 0.0859375 0.18359375
0 0.971875 0.3859375 0.05234375 0.0953125
0 0.9 0.3828125 0.05625 0.0953125
0 0.8140625 0.32265625 0.05234375 0.0953125