0 0.8415624999999999 0.24838541666666666 0.1314120370370369 0.15374999999999997
0 0.7779861111111112 0.33197916666666666 0.09792824074074069 0.11604166666666664
0 0.704670138888889 0.32234375000000004 0.09450231481481489 0.11427083333333332
0 0.6515219907407408 0.29427083333333337 0.11626157407407404 0.13114583333333335
0 0.5688773148148147 0.22625 0.3000925925925927 0.3408333333333333
0 0.43096064814814816 0.30963541666666666 0.1953125 0.22124999999999995
0 0.3141203703703704 0.34932291666666665 0.1511921296296296 0.184375
0 0.258125 0.4017708333333333 0.12028935185185183 0.13604166666666676
0 0.2924363425925926 0.5235416666666667 0.08061342592592595 0.09020833333333336
0 0.10552662037037037 0.25848958333333333 0.21105324074074075 0.27208333333333334
0 0.04618634259259259 0.37807291666666665 0.09237268518518518 0.15291666666666667