0 0.9517795138888889 0.2326736111111111 0.09644097222222214 0.11984953703703705
0 0.990017361111111 0.18498842592592593 0.019965277777777856 0.1003703703703704
0 0.9963194444444443 0.08140046296296295 0.007361111111111285 0.08245370370370368
0 0.90359375 0.11245949074074073 0.06565972222222242 0.07776620370370373
0 0.8687847222222222 0.13033564814814813 0.0734375 0.08572916666666668
0 0.78421875 0.11516782407407407 0.06520833333333335 0.08784722222222223
0 0.772673611111111 0.19752314814814814 0.09284722222222222 0.11145833333333335
0 0.808767361111111 0.34517939814814813 0.15145833333333342 0.19020833333333337
0 0.6834722222222223 0.24864583333333332 0.08968749999999996 0.11642361111111113
0 0.70015625 0.15321180555555552 0.06871527777777793 0.09026620370370368
0 0.6298090277777778 0.14164930555555555 0.05826388888888889 0.07136574074074073
0 0.5903298611111112 0.15747106481481482 0.06020833333333329 0.07335648148148151
0 0.6125347222222223 0.2380787037037037 0.08350694444444429 0.1030671296296296
0 0.5807638888888889 0.34681712962962963 0.1542361111111111 0.18368055555555562
0 0.6297395833333332 0.4926099537037037 0.1774652777777778 0.22503472222222226
0 0.3617708333333333 0.4535185185185185 0.1655555555555556 0.18824074074074065
0 0.29229166666666667 0.35002314814814817 0.09940972222222229 0.12637731481481485
0 0.25383680555555554 0.3563946759259259 0.09159722222222219 0.12423611111111113
0 0.11163194444444444 0.2861689814814815 0.06281250000000002 0.09593749999999997
0 0.19098958333333332 0.2527488425925926 0.05277777777777777 0.07277777777777779
0 0.23359375 0.27358217592592593 0.06444444444444439 0.08472222222222223
0 0.2815625 0.20041666666666663 0.05552083333333328 0.07207175925925927
0 0.3449826388888889 0.268894675925926 0.07263888888888888 0.08842592592592595
0 0.3294270833333333 0.22230902777777778 0.0699305555555556 0.08331018518518521
0 0.3822222222222222 0.19616898148148149 0.06871527777777775 0.09026620370370368
0 0.4589756944444444 0.17596643518518515 0.0531944444444445 0.0685185185185185
0 0.4998958333333333 0.22060185185185185 0.0609375 0.08230324074074077
0 0.5356423611111112 0.24748263888888888 0.08000000000000007 0.10064814814814813
0 0.5363194444444443 0.1547685185185185 0.05322916666666657 0.06269675925925924