0 0.1816435185185185 0.4477777777777778 0.08172453703703705 0.103125
0 0.28693287037037035 0.6895138888888889 0.2295370370370371 0.29437500000000016
0 0.25213541666666667 0.5466145833333333 0.1092939814814815 0.14010416666666678
0 0.4096238425925926 0.6448784722222223 0.14489583333333336 0.20447916666666668
0 0.3927488425925926 0.559392361111111 0.07781249999999992 0.09631944444444436
0 0.4176215277777778 0.3262847222222222 0.059826388888888894 0.07479166666666667
0 0.5269560185185186 0.873263888888889 0.2854398148148148 0.25347222222222215
0 0.6822858796296296 0.6994618055555556 0.1043981481481481 0.12548611111111113
0 0.6878124999999999 0.6584375 0.08836805555555553 0.1073611111111111
0 0.7256655092592592 0.6254513888888888 0.07567129629629629 0.1035763888888889
0 0.9121874999999999 0.913532986111111 0.17562500000000014 0.172934027777778
0 0.9234953703703704 0.7408159722222222 0.11261574074074084 0.14222222222222225
0 0.9857523148148148 0.7720486111111111 0.02849537037037031 0.12482638888888893
0 0.9853501157407407 0.7366145833333333 0.029299768518518475 0.103125