0 0.8894097222222221 0.18029513888888887 0.08854166666666644 0.13570601851851855
0 0.9642361111111111 0.20975115740740735 0.056944444444444284 0.08547453703703704
0 0.9840711805555555 0.20002893518518516 0.03185763888888893 0.0828125
0 0.8399305555555555 0.22743055555555552 0.0578125 0.0828125
0 0.8750868055555555 0.23949652777777777 0.03559027777777786 0.06163194444444446
0 0.9057291666666668 0.25373263888888886 0.04253472222222214 0.06660879629629637
0 0.9723090277777778 0.04351851851851849 0.05538194444444429 0.08703703703703698
0 0.7922743055555556 0.24155092592592592 0.030729166666666786 0.05289351851851851
0 0.7809895833333333 0.2582175925925926 0.026388888888888927 0.03993055555555554
0 0.7467013888888888 0.3549768518518518 0.03211805555555554 0.04600694444444446
0 0.7188368055555555 0.1508969907407407 0.16076388888888893 0.2505208333333333
0 0.671701388888889 0.25729166666666664 0.04184027777777786 0.07662037037037032
0 0.693142361111111 0.2600983796296296 0.04670138888888893 0.07222222222222223
0 0.6432291666666666 0.2790509259259259 0.027604166666666784 0.05196759259259265
0 0.6298611111111111 0.28634259259259254 0.03559027777777786 0.06163194444444446
0 0.56796875 0.23640046296296297 0.05798611111111107 0.09016203703703704
0 0.5776909722222222 0.2876446759259259 0.037673611111111074 0.05787037037037033
0 0.6071180555555555 0.2814236111111111 0.03454861111111107 0.056944444444444464
0 0.5458333333333334 0.2904224537037037 0.04409722222222214 0.06707175925925926
0 0.5326388888888889 0.3134837962962963 0.03125 0.04866898148148149
0 0.4734375 0.2719039351851852 0.06354166666666661 0.08888888888888884
0 0.40086805555555555 0.17016782407407405 0.1815972222222222 0.2654513888888889
0 0.19913194444444443 0.25159143518518523 0.18802083333333336 0.27465277777777786
0 0.11605902777777777 0.3311631944444445 0.09583333333333335 0.15538194444444448
0 0.10868055555555556 0.3841435185185185 0.054166666666666655 0.09924768518518512
0 0.12621527777777777 0.4405671296296296 0.039409722222222235 0.06568287037037024
0 0.16710069444444445 0.4184606481481481 0.04409722222222223 0.0670717592592592
0 0.1951388888888889 0.39849537037037036 0.04513888888888884 0.07175925925925926
0 0.22213541666666664 0.38133680555555555 0.053125 0.08142361111111107
0 0.28532986111111114 0.35095486111111107 0.05625 0.08234953703703703
0 0.33480902777777777 0.3637731481481482 0.05451388888888893 0.07453703703703703
0 0.36527777777777776 0.3472511574074074 0.03628472222222223 0.05162037037037033
0 0.3973958333333333 0.31941550925925927 0.05381944444444446 0.07141203703703702
0 0.43428819444444444 0.3317997685185185 0.05225694444444429 0.07094907407407405