0 0.742800925925926 0.49820023148148146 0.15137731481481484 0.17438657407407412
0 0.8331365740740739 0.5164641203703704 0.07549768518518514 0.08484953703703688
0 0.8579224537037037 0.4571875 0.11525462962962969 0.13278935185185184
0 0.9273842592592592 0.4966550925925926 0.07224537037037031 0.08319444444444439
0 0.9641319444444445 0.5172280092592592 0.051712962962962905 0.06076388888888893
0 0.9632118055555555 0.4684027777777778 0.073576388888889 0.10098379629629636
0 0.9996990740740742 0.46898726851851846 0.0006018518518516203 0.09003472222222228
0 0.9935821759259259 0.5855960648148149 0.012835648148148238 0.04964120370370377
0 0.880787037037037 0.5560648148148148 0.053275462962962906 0.06081018518518526
0 0.8914641203703703 0.5914525462962963 0.03599537037037024 0.040034722222222284
0 0.8293055555555554 0.5459664351851853 0.07093750000000006 0.08627314814814824
0 0.8222685185185185 0.5839467592592593 0.06341435185185196 0.07046296296296291
0 0.7986516203703704 0.6097453703703704 0.041446759259259204 0.049548611111111106
0 0.7512847222222222 0.5927546296296295 0.06172453703703695 0.06885416666666658
0 0.7639872685185185 0.6243055555555556 0.05302083333333343 0.05768518518518526
0 0.7564756944444444 0.6373321759259258 0.03287037037037042 0.03994212962962962
0 0.6989351851851853 0.6293923611111112 0.056655092592592736 0.06402777777777793
0 0.705005787037037 0.6560706018518518 0.03468750000000007 0.04311342592592595
0 0.5909085648148148 0.5661805555555556 0.13722222222222236 0.15370370370370362
0 0.6412210648148149 0.6097569444444444 0.08719907407407419 0.09454861111111121
0 0.6413078703703704 0.6682118055555556 0.05302083333333343 0.05768518518518526
0 0.591579861111111 0.6605034722222223 0.0845833333333335 0.10070601851851854
0 0.5256712962962963 0.6359490740740741 0.10148148148148142 0.11679398148148153
0 0.5225520833333333 0.7028819444444444 0.07199074074074083 0.08006944444444439
0 0.44199074074074074 0.6802314814814815 0.10135416666666668 0.11523148148148152
0 0.46084490740740736 0.7298900462962963 0.06835648148148152 0.0737268518518519
0 0.5133796296296296 0.7337847222222222 0.036122685185185154 0.041597222222222285
0 0.5744212962962962 0.6794791666666666 0.050023148148148164 0.05915509259259259
0 0.5903935185185185 0.7033333333333334 0.031053240740740763 0.03677083333333329
0 0.4445138888888889 0.7590219907407407 0.03287037037037042 0.03994212962962962
0 0.42502893518518514 0.7685763888888889 0.03755787037037024 0.04008101851851862
0 0.39037037037037037 0.7449479166666666 0.06704861111111118 0.07680555555555557
0 0.3709317129629629 0.7646354166666667 0.04689814814814817 0.05906249999999993
0 0.34605902777777775 0.765457175925926 0.061851851851851866 0.07041666666666675
0 0.3197800925925926 0.7872800925925926 0.05353009259259256 0.06393518518518526
0 0.27794560185185185 0.7712326388888889 0.08927083333333333 0.10084490740740737
0 0.24480902777777777 0.8045428240740741 0.0825115740740741 0.09440972222222221
0 0.24076967592592596 0.8410532407407407 0.04846064814814817 0.059108796296296263
0 0.19079861111111113 0.8590567129629629 0.04339120370370368 0.054282407407407265
0 0.2171875 0.8481481481481481 0.03793981481481481 0.04476851851851862
0 0.3031770833333333 0.8226388888888888 0.04157407407407403 0.0511111111111112