0 0.1062673611111111 0.5494328703703704 0.05815972222222223 0.07182870370370367
0 0.17927083333333332 0.5088483796296297 0.044305555555555556 0.05097222222222229
0 0.22963541666666668 0.46277199074074077 0.04815972222222227 0.05626157407407408
0 0.2785243055555555 0.43592592592592594 0.05250000000000003 0.06467592592592589
0 0.33864583333333337 0.4099479166666667 0.05586805555555561 0.06684027777777782
0 0.39588541666666666 0.3830092592592592 0.04864583333333332 0.059386574074074085
0 0.44362847222222224 0.3586574074074074 0.046354166666666606 0.05439814814814818
0 0.4895138888888889 0.33163194444444444 0.05815972222222214 0.07182870370370376
0 0.5356423611111112 0.3030439814814815 0.05020833333333332 0.059687499999999984
0 0.5854340277777779 0.2752662037037037 0.0502083333333335 0.059687499999999984
0 0.6454340277777778 0.2500694444444444 0.058993055555555604 0.06744212962962966
0 0.6899826388888889 0.23163773148148148 0.054062500000000034 0.06497685185185187
0 0.7380555555555556 0.19054976851851851 0.04996527777777775 0.05812499999999998