0 0.19234375 0.49453125 0.08812500000000001 0.096875
0 0.32484375 0.4502604166666666 0.06843750000000001 0.07482638888888893
0 0.31359375 0.34609375 0.06781249999999997 0.07934027777777777
0 0.38046875 0.544704861111111 0.15906249999999994 0.1765625
0 0.5120312499999999 0.47977430555555556 0.10718750000000003 0.13871527777777787
0 0.44781250000000006 0.40625 0.06468750000000015 0.07135416666666661
0 0.32203125 0.5280381944444444 0.09343750000000002 0.10815972222222214
0 0.618125 0.359375 0.08781250000000007 0.11059027777777786
0 0.6253124999999999 0.3314236111111111 0.0671875 0.07621527777777777
0 0.6681250000000001 0.321875 0.07281249999999986 0.07378472222222224
0 0.7462500000000001 0.4489583333333334 0.13374999999999987 0.16458333333333325
0 0.8009375000000001 0.36302083333333335 0.11031249999999986 0.12378472222222223
0 0.76578125 0.31102430555555555 0.07874999999999996 0.08819444444444446
0 0.8576562500000001 0.2872395833333333 0.06812499999999985 0.07326388888888893
0 0.9698437500000001 0.26935763888888886 0.06031249999999986 0.1119791666666667