0 0.018437500000000002 0.7211805555555555 0.036875000000000005 0.16545138888888894
0 0.008229166666666666 0.5916898148148148 0.016458333333333332 0.07907407407407412
0 0.004644097222222221 0.551869212962963 0.009288194444444443 0.06631944444444446
0 0.041831597222222225 0.6625925925925926 0.08366319444444445 0.1354861111111111
0 0.09756944444444444 0.5525115740740741 0.06072916666666668 0.10388888888888878
0 0.07244791666666667 0.5279166666666667 0.05437499999999999 0.08506944444444446
0 0.13052083333333334 0.5855729166666667 0.07194444444444445 0.10717592592592595
0 0.1636284722222222 0.6607638888888889 0.09604166666666666 0.13249999999999992
0 0.23835069444444446 0.522337962962963 0.05638888888888891 0.0726157407407408
0 0.28484375 0.5434953703703703 0.06017361111111104 0.09763888888888879
0 0.3254513888888889 0.6396412037037036 0.07777777777777777 0.10258101851851861
0 0.3484375 0.5917071759259259 0.06899305555555557 0.09152777777777779
0 0.35310763888888885 0.5128356481481482 0.05 0.07096064814814813
0 0.38989583333333333 0.5115104166666666 0.04361111111111109 0.06930555555555565
0 0.3082465277777778 0.7717534722222222 0.11444444444444439 0.1639814814814816
0 0.49539930555555556 0.3866724537037037 0.10409722222222229 0.1529050925925926
0 0.5588715277777778 0.4801388888888889 0.048576388888889 0.07249999999999997
0 0.5793229166666667 0.4782754629629629 0.03184027777777772 0.05976851851851848
0 0.6091666666666666 0.5199652777777778 0.04812499999999993 0.0849768518518518
0 0.6430555555555555 0.48981481481481487 0.04277777777777771 0.05993055555555564
0 0.6606076388888888 0.5644560185185185 0.06340277777777778 0.11641203703703695
0 0.6918749999999999 0.5374652777777778 0.06798611111111122 0.09775462962962962
0 0.7561631944444445 0.4725347222222222 0.04604166666666672 0.061539351851851797
0 0.8115451388888889 0.42880208333333336 0.04618055555555563 0.0631018518518518
0 0.8436631944444445 0.5414583333333333 0.07065972222222214 0.11027777777777778
0 0.8555729166666666 0.4952488425925926 0.055972222222222 0.06792824074074062
0 0.8704166666666666 0.45991898148148147 0.03993055555555571 0.0630092592592593
0 0.9024652777777777 0.5382465277777777 0.06600694444444458 0.09304398148148145
0 0.8633854166666666 0.7409027777777778 0.14840277777777766 0.23002314814814823
0 0.8892361111111111 0.6344097222222222 0.10840277777777771 0.13112268518518527