0 0.11723958333333333 0.471875 0.09447916666666667 0.15625
0 0.37592013888888887 0.5762499999999999 0.060381944444444446 0.0811805555555555
0 0.47053819444444445 0.5998784722222222 0.06038194444444454 0.0811805555555555
0 0.51765625 0.623125 0.07409722222222222 0.09996527777777775
0 0.4924305555555556 0.5521006944444444 0.054027777777777786 0.070451388888889
0 0.5327604166666667 0.5830208333333333 0.052187500000000143 0.06843749999999993
0 0.5754340277777777 0.5812673611111111 0.06590277777777782 0.08722222222222217
0 0.6249305555555555 0.5970486111111111 0.0625 0.08475694444444457
0 0.7566319444444445 0.72921875 0.1036458333333334 0.14111111111111113
0 0.8097048611111111 0.6400520833333333 0.07722222222222222 0.10086805555555553
0 0.9488975694444445 0.7793229166666666 0.102204861111111 0.17131944444444436
0 0.9013715277777777 0.6554166666666666 0.11229166666666686 0.1480555555555556
0 0.936753472222222 0.5959722222222222 0.11090277777777757 0.14024305555555544
0 0.8567534722222222 0.5128298611111111 0.07565972222222221 0.10041666666666664
0 0.7852083333333334 0.5647916666666666 0.07298611111111111 0.09371527777777774
0 0.7612500000000001 0.5134027777777778 0.06791666666666671 0.08187500000000014
0 0.6781423611111111 0.47531249999999997 0.04906249999999997 0.06753472222222232
0 0.6781423611111111 0.5420138888888889 0.05697916666666671 0.07871527777777772
0 0.71546875 0.6269097222222222 0.09333333333333335 0.12479166666666668
0 0.6635937500000001 0.5185416666666667 0.0485069444444445 0.06440972222222215
0 0.8737152777777777 0.48734374999999996 0.06673611111111129 0.09190972222222235
0 0.8923958333333333 0.4756944444444445 0.05954861111111107 0.0764930555555555
0 0.9567447916666666 0.5103819444444444 0.08651041666666685 0.1238888888888889
0 0.8965277777777778 0.4072222222222222 0.05458333333333343 0.07357638888888882
0 0.8818576388888889 0.39557291666666666 0.04270833333333357 0.056805555555555554