0 0.6723784722222221 0.526556712962963 0.1404050925925926 0.17645833333333344
0 0.7005844907407408 0.5622395833333333 0.12004629629629626 0.13949074074074072
0 0.6526967592592593 0.6356828703703703 0.09260416666666664 0.1139930555555555
0 0.6282175925925926 0.6743576388888889 0.07211805555555557 0.08722222222222217
0 0.6850405092592593 0.7069097222222223 0.07012731481481485 0.08528935185185169
0 0.580630787037037 0.7360416666666667 0.07196759259259267 0.08134259259259266
0 0.5527083333333334 0.7499652777777778 0.057476851851851765 0.07644675925925917
0 0.5019907407407407 0.7671006944444445 0.05505787037037031 0.07295138888888886
0 0.4702025462962963 0.803125 0.04480324074074069 0.05152777777777793
0 0.4451273148148148 0.8119907407407407 0.038402777777777786 0.044166666666666646
0 0.38809606481481485 0.8255092592592593 0.04309027777777778 0.04527777777777757
0 0.3419907407407407 0.8444733796296298 0.02900462962962962 0.025868055555555713
0 0.4461516203703703 0.6430034722222222 0.09373842592592592 0.1128009259259258
0 0.6306018518518519 0.3991261574074074 0.17966435185185184 0.2237499999999999
0 0.3845543981481481 0.42530671296296296 0.1830902777777778 0.23625000000000002
0 0.31524305555555554 0.48629629629629634 0.11281249999999998 0.1450810185185185
0 0.23924189814814817 0.45975115740740746 0.10043981481481482 0.1319212962962963
0 0.12951388888888887 0.4842997685185185 0.10827546296296298 0.1498495370370371
0 0.016640625 0.4786168981481482 0.03328125 0.1446296296296296
0 0.2509259259259259 0.5797048611111111 0.06329861111111112 0.07636574074074076
0 0.2863483796296296 0.5837268518518519 0.0662962962962963 0.08730324074074076
0 0.3437615740740741 0.6007986111111111 0.09018518518518519 0.11049768518518518
0 0.4008217592592592 0.6164930555555556 0.09943287037037041 0.12291666666666679
0 0.4292476851851852 0.6966840277777778 0.07708333333333325 0.08401620370370377
0 0.42322916666666666 0.7346354166666667 0.061863425925925954 0.06579861111111107
0 0.3006655092592593 0.7980208333333334 0.0566203703703704 0.07332175925925917
0 0.25677662037037036 0.806232638888889 0.048784722222222146 0.05539351851851855
0 0.2801851851851852 0.6728472222222222 0.055185185185185226 0.06275462962962966
0 0.2681192129629629 0.7195370370370371 0.04964120370370369 0.058518518518518546
0 0.2320949074074074 0.7390335648148147 0.05846064814814813 0.06937499999999996