0 0.5595138888888889 0.5591087962962963 0.10396990740740737 0.13015046296296298
0 0.34036458333333336 0.5483622685185185 0.08811342592592597 0.11295138888888889
0 0.2847974537037037 0.5156886574074073 0.07750000000000004 0.09185185185185177
0 0.16643518518518519 0.6147222222222222 0.08319444444444443 0.09712962962962965
0 0.09134259259259261 0.4600347222222222 0.08956018518518519 0.10553240740740737
0 0.600462962962963 0.6934490740740741 0.08285879629629633 0.09556712962962965
0 0.5699421296296296 0.7907060185185186 0.07906249999999986 0.092048611111111
0 0.5014467592592593 0.8294212962962962 0.05784722222222225 0.07113425925925938
0 0.4793055555555556 0.8017592592592593 0.05818287037037031 0.07269675925925938
0 0.47728009259259263 0.9419212962962963 0.05148148148148159 0.06273148148148167
0 0.45215856481481487 0.9580150462962962 0.04165509259259252 0.05237268518518547
0 0.3874710648148148 0.9715335648148148 0.041319444444444464 0.05081018518518512
0 0.33980324074074075 0.9784143518518519 0.04835648148148151 0.043171296296296194
0 0.27107060185185183 0.9456423611111111 0.03908564814814817 0.04748842592592588
0 0.3063194444444445 0.8786689814814814 0.065775462962963 0.07973379629629633
0 0.24896990740740738 0.8393518518518519 0.06633101851851855 0.07524305555555558
0 0.1922800925925926 0.9276967592592593 0.04064814814814812 0.04768518518518512
0 0.17247106481481483 0.922795138888889 0.039421296296296315 0.049050925925926234
0 0.16053240740740743 0.8065509259259258 0.05773148148148151 0.06351851851851853
0 0.24712962962962964 0.7283912037037037 0.07682870370370373 0.08872685185185177
0 0.16223958333333335 0.7425752314814815 0.07716435185185189 0.09028935185185176
0 0.09865740740740742 0.7770949074074074 0.05337962962962963 0.06449074074074072
0 0.07243055555555557 0.7721875 0.04545138888888889 0.055891203703703596
0 0.07637731481481483 0.8023726851851851 0.045787037037037036 0.05745370370370386
0 0.07702546296296299 0.8441782407407408 0.04444444444444444 0.0512037037037036