0 0.9093142361111111 0.6171875 0.1813715277777778 0.128125
0 0.9122106481481481 0.48828125 0.09108796296296298 0.0625
0 0.7229803240740742 0.4234375 0.09049768518518526 0.0671875
0 0.7888368055555556 0.4546875 0.06376157407407401 0.04375
0 0.7077488425925926 0.45546875 0.04905092592592588 0.040625
0 0.6581712962962962 0.49140625 0.06440972222222215 0.046875
0 0.5790162037037037 0.47890625 0.05341435185185191 0.0390625
0 0.5930960648148148 0.46015625 0.04840277777777775 0.0375
0 0.5163194444444444 0.515625 0.06909722222222214 0.046875
0 0.5480034722222222 0.57421875 0.11248842592592592 0.0828125
0 0.47059606481481486 0.50234375 0.047812500000000036 0.0421875
0 0.4938599537037037 0.47890625 0.041180555555555644 0.0328125
0 0.36428819444444444 0.49453125 0.05061342592592588 0.040625
0 0.3472453703703704 0.5140625 0.05594907407407401 0.04375
0 0.3046990740740741 0.55 0.08359953703703704 0.0640625
0 0.22940972222222228 0.5109375 0.04371527777777775 0.0375
0 0.15859375 0.52734375 0.0625810185185185 0.053125