0 0.8744675925925925 0.36640625 0.07843749999999972 0.1265625
0 0.7785185185185185 0.44453125 0.0766319444444445 0.121875
0 0.6984143518518519 0.55703125 0.07843750000000008 0.1265625
0 0.6077083333333333 0.45 0.06275462962962966 0.0953125
0 0.6390914351851851 0.33203125 0.06348379629629619 0.109375
0 0.5459317129629631 0.73515625 0.09182870370370359 0.14375
0 0.4876099537037037 0.54453125 0.08156250000000007 0.1265625
0 0.4871585648148148 0.38515625 0.06035879629629619 0.109375
0 0.44268518518518524 0.3109375 0.06701388888888893 0.1171875
0 0.4063715277777778 0.5296875 0.07754629629629636 0.109375
0 0.37657407407407406 0.61796875 0.06677083333333336 0.1125
0 0.40820023148148155 0.9265625 0.10861111111111117 0.1359375
0 0.3107696759259259 0.7953125 0.10168981481481483 0.153125
0 0.2078125 0.84375 0.09207175925925926 0.1484375
0 0.2663078703703704 0.60078125 0.07687499999999999 0.1265625
0 0.3072974537037037 0.50234375 0.07062499999999998 0.1265625
0 0.3405960648148148 0.40625 0.060115740740740796 0.1046875
0 0.25982060185185185 0.325 0.05674768518518523 0.1