0 0.93828125 0.7542824074074075 0.0453125 0.06261574074074083
0 0.93203125 0.6626446759259259 0.09375 0.13628472222222215
0 0.88125 0.7076388888888889 0.065625 0.09461805555555572
0 0.840625 0.7287905092592594 0.0390625 0.05457175925925917
0 0.7625 0.7048032407407407 0.03125 0.04646990740740744
0 0.746875 0.634693287037037 0.0578125 0.08026620370370381
0 0.75 0.6691840277777779 0.0515625 0.06753472222222215
0 0.6859375 0.6597800925925925 0.03125 0.04334490740740726
0 0.6515625 0.6796006944444445 0.03125 0.04021990740740744
0 0.66640625 0.723119212962963 0.028125 0.036979166666666605
0 0.80078125 0.5515335648148149 0.1234375 0.17488425925925916
0 0.6328125 0.59375 0.0859375 0.11568287037037042
0 0.60546875 0.6185185185185185 0.04375 0.06412037037037041
0 0.53203125 0.5517361111111111 0.06875 0.09160879629629619
0 0.509375 0.5923032407407407 0.053125 0.07228009259259256
0 0.5328125 0.5994212962962964 0.0390625 0.053009259259259166
0 0.46953125 0.4806712962962963 0.084375 0.1140625
0 0.45546875 0.574681712962963 0.0390625 0.05613425925925917
0 0.41796875 0.552980324074074 0.053125 0.07540509259259273
0 0.38671875 0.5096354166666667 0.053125 0.07228009259259256
0 0.40078125 0.54609375 0.034375 0.049710648148148094
0 0.34453125 0.5276041666666667 0.040625 0.05775462962962976
0 0.35546875 0.43816550925925923 0.0765625 0.0981481481481481
0 0.30234375 0.4783854166666666 0.0453125 0.06261574074074083
0 0.2625 0.49331597222222223 0.04375 0.05787037037037042
0 0.29375 0.4999421296296296 0.04375 0.05630787037037024
0 0.18828125 0.4100983796296296 0.0703125 0.10572916666666674
0 0.09921875 0.39273726851851853 0.0578125 0.08964120370370363
0 0.11640625 0.42696759259259254 0.046875 0.06892361111111112
0 0.021875 0.39612268518518523 0.0421875 0.075