0 0.009687499999999993 0.7010590277777778 0.019374999999999986 0.16975694444444436
0 0.063984375 0.7178645833333334 0.12796875 0.20555555555555555
0 0.1640625 0.7126388888888888 0.11749999999999998 0.1458333333333332
0 0.21765625000000002 0.7132465277777778 0.07562499999999998 0.10576388888888885
0 0.25593750000000004 0.6912499999999999 0.0609375 0.0764930555555555
0 0.30609375 0.7544965277777778 0.11749999999999998 0.1458333333333334
0 0.33765625 0.7082465277777776 0.06000000000000005 0.08652777777777772
0 0.359375 0.6946875 0.07312499999999993 0.09326388888888885
0 0.44890624999999995 0.7098090277777778 0.09968749999999997 0.13038194444444445
0 0.5248437499999999 0.7350520833333334 0.08218749999999986 0.10913194444444443
0 0.54609375 0.7816840277777778 0.05843749999999996 0.07135416666666661
0 0.6021875 0.7036805555555555 0.08312500000000007 0.11381944444444443
0 0.729375 0.8280208333333332 0.17937500000000012 0.234375
0 0.83375 0.8019791666666667 0.12437499999999986 0.165486111111111