0 0.2971180555555556 0.6337962962962963 0.1609375 0.23466435185185192
0 0.16447916666666668 0.4734953703703704 0.040590277777777795 0.056076388888888926
0 0.125 0.48321759259259256 0.05673611111111113 0.0818287037037038
0 0.08932291666666667 0.501880787037037 0.03038194444444444 0.05873842592592595
0 0.20607638888888893 0.4722222222222222 0.040590277777777774 0.056076388888888926
0 0.2695833333333334 0.4877893518518518 0.07093749999999996 0.09508101851851851
0 0.3051041666666666 0.44745370370370374 0.045763888888888896 0.06006944444444447
0 0.2935416666666667 0.36278935185185185 0.03732638888888893 0.04484953703703702
0 0.36189236111111117 0.47149884259259256 0.07899305555555554 0.09809027777777786
0 0.3967013888888889 0.4007523148148149 0.036249999999999984 0.047685185185185164
0 0.45486111111111105 0.3819444444444445 0.03673611111111121 0.05081018518518512
0 0.5027256944444444 0.35379050925925926 0.02951388888888893 0.04340277777777777
0 0.5228298611111111 0.3693576388888889 0.041423611111111217 0.05167824074074075
0 0.5357118055555555 0.37983217592592594 0.05263888888888886 0.075
0 0.5722222222222222 0.35619212962962965 0.04215277777777775 0.056365740740740744
0 0.6043923611111112 0.39765625 0.06479166666666672 0.08483796296296298
0 0.5332812499999999 0.4727141203703704 0.0968055555555555 0.11504629629629619
0 0.7893749999999999 0.43975694444444446 0.11583333333333332 0.13981481481481484
0 0.9099131944444444 0.30008680555555556 0.08635416666666665 0.11614583333333339
0 0.8970312499999998 0.253443287037037 0.04624999999999986 0.06319444444444447
0 0.9775520833333333 0.23370949074074074 0.036250000000000074 0.04768518518518512
0 0.7996006944444444 0.29881365740740734 0.05732638888888886 0.07586805555555554
0 0.7625 0.29282407407407407 0.04527777777777775 0.056944444444444464
0 0.7235590277777778 0.30083912037037036 0.036250000000000074 0.047685185185185205
0 0.6941145833333333 0.30789930555555556 0.04263888888888889 0.05949074074074075
0 0.621875 0.31886574074074076 0.03732638888888893 0.04484953703703702
0 0.5921354166666667 0.3291956018518518 0.03215277777777779 0.04085648148148149