0 0.7278182870370371 0.13545717592592593 0.06293981481481481 0.07903935185185186
0 0.4248900462962963 0.15743055555555557 0.07165509259259259 0.08557870370370368
0 0.3536226851851852 0.19883101851851853 0.08962962962962964 0.10922453703703701
0 0.28372685185185187 0.20069444444444445 0.1029745370370371 0.12431712962962962
0 0.3413194444444444 0.15191550925925926 0.08716435185185185 0.10416666666666666
0 0.24226273148148145 0.10840856481481483 0.05987268518518522 0.07085648148148146
0 0.2031134259259259 0.12994212962962964 0.07971064814814817 0.0964351851851852
0 0.15851851851851853 0.1274421296296296 0.08253472222222222 0.09561342592592591
0 0.8096412037037037 0.23369791666666667 0.05302083333333343 0.06624999999999996
0 0.8289988425925927 0.2536168981481482 0.08590277777777766 0.1053587962962963
0 0.8742071759259261 0.30171875 0.11812499999999986 0.14878472222222222
0 0.9305787037037037 0.3330208333333334 0.1388425925925926 0.17510416666666667
0 0.9528298611111111 0.23488425925925926 0.04929398148148145 0.06238425925925926
0 0.9640740740740741 0.2550925925925926 0.051458333333333425 0.06587962962962965
0 0.983912037037037 0.25527199074074075 0.032175925925925955 0.06624999999999996
0 0.9911689814814814 0.26754050925925926 0.017662037037037236 0.1053587962962963