0 0.06171875 0.3390625 0.04296875 0.05859375
0 0.13828125 0.32421875 0.04296875 0.06171875
0 0.20859375 0.34453125 0.06640625 0.121875
0 0.2578125 0.32890625 0.05546875 0.0984375
0 0.3140625 0.32578125 0.03671875 0.06171875
0 0.3125 0.29140625 0.0296875 0.053125
0 0.35625 0.3625 0.07421875 0.13203125
0 0.38671875 0.3078125 0.0359375 0.071875
0 0.4203125 0.296875 0.02421875 0.046875
0 0.45390625 0.25703125 0.02578125 0.04296875
0 0.4859375 0.26484375 0.02578125 0.04296875
0 0.49921875 0.2578125 0.01875 0.03515625
0 0.50078125 0.3890625 0.08359375 0.16171875
0 0.5609375 0.3140625 0.03671875 0.06796875
0 0.4828125 0.31640625 0.05703125 0.06640625
0 0.58203125 0.2828125 0.03203125 0.0453125
0 0.60078125 0.33203125 0.0546875 0.10703125
0 0.6734375 0.31953125 0.09140625 0.18203125
0 0.753125 0.33828125 0.05703125 0.146875
0 0.74296875 0.25546875 0.0296875 0.0484375
0 0.76640625 0.21484375 0.021875 0.04296875
0 0.79765625 0.25 0.02421875 0.046875
0 0.80625 0.31796875 0.04296875 0.08671875
0 0.840625 0.29140625 0.034375 0.0703125
0 0.84296875 0.24765625 0.021875 0.0453125
0 0.84765625 0.21328125 0.02421875 0.04296875
0 0.80859375 0.22578125 0.02421875 0.03828125
0 0.91875 0.3359375 0.1046875 0.18515625
0 0.89296875 0.19453125 0.02890625 0.04140625