0 0.04609375 0.4578125 0.08671875 0.16796875
0 0.11015625 0.45078125 0.021875 0.04296875
0 0.15859375 0.51484375 0.05625 0.1015625
0 0.14375 0.46171875 0.028125 0.04609375
0 0.3140625 0.45078125 0.13125 0.228125
0 0.403125 0.5 0.03671875 0.06796875
0 0.4484375 0.503125 0.02890625 0.04765625
0 0.4734375 0.509375 0.025 0.04453125
0 0.50234375 0.50703125 0.01640625 0.03359375
0 0.53125 0.515625 0.02890625 0.0515625
0 0.55546875 0.54140625 0.046875 0.0890625
0 0.61875 0.53984375 0.04140625 0.078125
0 0.665625 0.51875 0.0359375 0.0609375
0 0.7109375 0.5421875 0.028125 0.05859375
0 0.8234375 0.55859375 0.06171875 0.1171875
0 0.87421875 0.56015625 0.05546875 0.103125
0 0.91484375 0.58046875 0.03203125 0.07890625
0 0.94765625 0.57421875 0.02421875 0.06015625
0 0.2375 0.46640625 0.02734375 0.046875