0 0.64953125 0.08971064814814815 0.26031250000000006 0.1794212962962963
0 0.7528993055555555 0.17810185185185184 0.13003472222222232 0.13378472222222224
0 0.7660590277777777 0.2340046296296296 0.11208333333333335 0.11076388888888891
0 0.7990104166666667 0.2651967592592593 0.078125 0.07565972222222221
0 0.7947743055555556 0.30634837962962963 0.06295138888888871 0.06826388888888886
0 0.8291145833333333 0.29508101851851853 0.06920138888888908 0.06877314814814817
0 0.86359375 0.21373842592592593 0.104826388888889 0.11325231481481479
0 0.8959201388888889 0.26576967592592593 0.05899305555555543 0.0633217592592592
0 0.67265625 0.36095486111111114 0.05263888888888886 0.05356481481481481
0 0.6997222222222221 0.36028935185185185 0.04371527777777793 0.04667824074074076
0 0.6946875 0.37994791666666666 0.05024305555555557 0.04874999999999998
0 0.6389236111111112 0.3991203703703704 0.0531944444444445 0.05668981481481481
0 0.6052083333333333 0.38954861111111116 0.05236111111111121 0.05200231481481481
0 0.6039236111111111 0.42276041666666664 0.04555555555555557 0.0483680555555555
0 0.5703298611111112 0.3908506944444444 0.065625 0.07464120370370378
0 0.5476041666666667 0.41041087962962963 0.041423611111111217 0.05111111111111111
0 0.572673611111111 0.42530671296296296 0.041597222222222285 0.04342592592592602
0 0.5331944444444444 0.43083333333333335 0.047951388888888856 0.05318287037037024
0 0.511892361111111 0.45104745370370375 0.04583333333333321 0.0499305555555555
0 0.48324652777777777 0.43028356481481483 0.07159722222222217 0.07358796296296291
0 0.4578645833333333 0.4084837962962963 0.08319444444444457 0.08685185185185187
0 0.47093749999999995 0.4605439814814815 0.04454861111111121 0.05136574074074076
0 0.46263888888888893 0.4812384259259259 0.04371527777777775 0.04667824074074076
0 0.6094965277777777 0.48236111111111113 0.032951388888889 0.038101851851851797
0 0.4185590277777778 0.4563425925925927 0.0645138888888889 0.06839120370370359
0 0.4179513888888889 0.498738425925926 0.03763888888888882 0.03848379629629619
0 0.3761111111111111 0.5175462962962962 0.046111111111111124 0.0514930555555555
0 0.3527430555555556 0.5017418981481482 0.04777777777777779 0.0608680555555555
0 0.36758680555555556 0.43123842592592593 0.08006944444444448 0.08659722222222221
0 0.25730902777777775 0.4279050925925926 0.11375000000000002 0.12013888888888893
0 0.2770486111111111 0.4771122685185185 0.08236111111111111 0.08216435185185186
0 0.32618055555555553 0.50390625 0.06423611111111108 0.06682870370370378
0 0.30362847222222217 0.5311516203703703 0.047951388888888856 0.053182870370370415
0 0.32989583333333333 0.5436400462962963 0.04104166666666664 0.040300925925926025
0 0.2755208333333333 0.555 0.04270833333333339 0.049675925925926026
0 0.26637152777777773 0.5241782407407408 0.05843749999999996 0.06019675925925938
0 0.2525347222222222 0.5630324074074075 0.046666666666666676 0.0546180555555555
0 0.20368055555555556 0.5346759259259259 0.08135416666666666 0.08516203703703695
0 0.20569444444444446 0.575318287037037 0.04979166666666668 0.054872685185185156
0 0.17076388888888888 0.5812442129629629 0.05319444444444441 0.05668981481481481
0 0.12631944444444443 0.5887152777777779 0.05274305555555553 0.06281250000000008
0 0.10625 0.5803414351851852 0.06322916666666667 0.06982638888888885
0 0.0853125 0.5335416666666667 0.10159722222222223 0.10375000000000015
0 0.07121527777777778 0.4184953703703703 0.14243055555555556 0.256574074074074
0 0.019930555555555556 0.46285879629629634 0.03986111111111111 0.19615740740740736
0 0.03707465277777778 0.5560763888888889 0.07414930555555556 0.11870370370370367
0 0.0676736111111111 0.598113425925926 0.07371527777777778 0.07684027777777783
0 0.05222222222222221 0.64171875 0.05770833333333334 0.06475694444444446