0 0.008695023148148146 0.36105902777777776 0.017390046296296292 0.07782407407407402
0 0.06273148148148147 0.3237037037037037 0.0480324074074074 0.05740740740740744
0 0.05653935185185185 0.2480787037037037 0.04675925925925926 0.05861111111111104
0 0.07873263888888889 0.2130613425925926 0.035069444444444445 0.04395833333333332
0 0.13871527777777776 0.22846064814814815 0.03535879629629628 0.04552083333333332
0 0.1294849537037037 0.27022569444444444 0.03506944444444442 0.04395833333333332
0 0.14878472222222222 0.3114236111111111 0.04247685185185186 0.05164351851851849
0 0.1136574074074074 0.3718518518518519 0.04704861111111112 0.06017361111111112
0 0.18359374999999997 0.36177662037037034 0.05104166666666665 0.06557870370370367
0 0.20393518518518522 0.32868055555555553 0.03877314814814812 0.047800925925925955
0 0.23515625 0.28934606481481484 0.02795138888888893 0.037835648148148146
0 0.23747106481481478 0.25664930555555554 0.02893518518518512 0.035069444444444466
0 0.19114583333333335 0.27252314814814815 0.032928240740740744 0.040474537037037094
0 0.19728009259259258 0.24343750000000003 0.031076388888888883 0.038553240740740694
0 0.2735532407407407 0.26781249999999995 0.02951388888888893 0.03819444444444446
0 0.29693287037037036 0.29909722222222224 0.029224537037037025 0.03663194444444447
0 0.25613425925925926 0.33763888888888893 0.03321759259259256 0.042037037037037095
0 0.2525752314814815 0.38109375 0.05231481481481488 0.06437499999999999
0 0.33894675925925927 0.29842592592592593 0.05173611111111107 0.061249999999999985
0 0.3344328703703704 0.2702893518518518 0.02893518518518521 0.035069444444444466
0 0.3741319444444445 0.2821180555555555 0.025520833333333392 0.03278935185185183
0 0.3632523148148148 0.3489467592592592 0.02893518518518512 0.035069444444444466
0 0.37824074074074077 0.3245601851851852 0.030787037037037022 0.03699074074074069
0 0.40946180555555556 0.28522569444444446 0.02795138888888893 0.037835648148148146
0 0.48943865740740744 0.30575810185185187 0.02679398148148131 0.03158564814814815
0 0.47016782407407404 0.3371122685185185 0.02951388888888893 0.03819444444444446
0 0.4529513888888889 0.36949074074074073 0.03362268518518512 0.03614583333333332
0 0.4520833333333334 0.39437500000000003 0.04033564814814809 0.04815972222222227
0 0.4905960648148149 0.42068865740740746 0.044039351851851906 0.05200231481481481
0 0.51015625 0.3877719907407407 0.029224537037037025 0.03663194444444447
0 0.5194733796296296 0.34149884259259256 0.025520833333333215 0.03278935185185183
0 0.52109375 0.3246701388888889 0.023090277777777855 0.027743055555555608
0 0.5327546296296296 0.37884259259259256 0.03605324074074083 0.041192129629629634
0 0.5706018518518519 0.3320023148148148 0.025520833333333215 0.03278935185185183
0 0.548900462962963 0.42899305555555556 0.040625 0.04972222222222218
0 0.567679398148148 0.396255787037037 0.02251157407407405 0.024618055555555518
0 0.5829282407407408 0.37854166666666667 0.026793981481481488 0.03158564814814815
0 0.6041377314814815 0.34075810185185185 0.027372685185185118 0.03471064814814815
0 0.5473958333333333 0.4532754629629629 0.06030092592592595 0.07518518518518533
0 0.540798611111111 0.4929398148148148 0.06469907407407405 0.07469907407407402
0 0.505005787037037 0.5206076388888888 0.07268518518518512 0.08550925925925927
0 0.6053819444444445 0.410787037037037 0.04033564814814809 0.04815972222222218
0 0.6567997685185185 0.33913773148148146 0.02951388888888893 0.03819444444444446
0 0.6370370370370371 0.4296990740740741 0.04432870370370381 0.05356481481481481
0 0.6704861111111111 0.3823726851851852 0.0387731481481481 0.047800925925925955
0 0.6980613425925926 0.37080439814814814 0.033217592592592736 0.042037037037037005
0 0.7191261574074075 0.3943923611111111 0.02893518518518512 0.035069444444444466
0 0.7546296296296295 0.368287037037037 0.033217592592592736 0.042037037037037095
0 0.7658564814814814 0.40460648148148143 0.039467592592592735 0.043472222222222315
0 0.8002314814814815 0.37651620370370364 0.0387731481481481 0.047800925925925955
0 0.873755787037037 0.3753414351851852 0.032928240740740834 0.040474537037037094
0 0.8325520833333332 0.4483854166666667 0.05231481481481452 0.06437500000000007
0 0.7288483796296296 0.49538773148148146 0.07210648148148131 0.08238425925925927
0 0.7097222222222223 0.4855671296296296 0.0645833333333334 0.08215277777777778
0 0.6763310185185185 0.5770138888888889 0.1259837962962962 0.14711805555555557
0 0.6274884259259259 0.5822453703703703 0.13512731481481488 0.16417824074074083
0 0.508275462962963 0.6200925925925926 0.1556712962962962 0.1943287037037038
0 0.39383680555555556 0.7735358796296297 0.2361689814814815 0.24123842592592587
0 0.3822048611111111 0.4889641203703704 0.0901041666666667 0.11494212962962962
0 0.25083912037037037 0.5318460648148149 0.11261574074074074 0.13956018518518504
0 0.10248842592592591 0.5614236111111112 0.15908564814814818 0.19660879629629627