0 0.8363020833333333 0.7584490740740741 0.09447916666666671 0.11973379629629637
0 0.7217650462962963 0.7303530092592593 0.08751157407407409 0.11475694444444447
0 0.6673900462962963 0.6691840277777777 0.08126157407407408 0.11290509259259256
0 0.5849652777777777 0.6138888888888889 0.09291666666666672 0.11927083333333321
0 0.5005902777777778 0.5888888888888889 0.08728009259259259 0.10740740740740744
0 0.4261168981481481 0.5534722222222223 0.08018518518518522 0.10821759259259256
0 0.3457002314814815 0.5221354166666667 0.08643518518518514 0.11006944444444447
0 0.29313078703703704 0.4640046296296297 0.08979166666666663 0.11834490740740744
0 0.24361111111111108 0.3925925925925926 0.09243055555555557 0.12349537037037032
0 0.14541666666666667 0.3660011574074074 0.09855324074074075 0.13113425925925926
0 0.05600694444444443 0.352025462962963 0.08907407407407408 0.11521990740740744