0 0.0671875 0.6569039351851853 0.115625 0.1552314814814814
0 0.08359375 0.5767129629629629 0.0875 0.12908564814814802
0 0.11875 0.4957233796296296 0.0625 0.09108796296296298
0 0.14140625 0.4730787037037037 0.0453125 0.06721064814814817
0 0.19296875 0.5009606481481482 0.06875 0.09863425925925924
0 0.17265625 0.4358101851851853 0.0390625 0.0565393518518519
0 0.21015625 0.43655671296296295 0.0484375 0.0725462962962963
0 0.22421875 0.40353587962962967 0.046875 0.0628472222222222
0 0.31640625 0.23671875 0.16875 0.26468749999999996
0 0.4078125 0.3642708333333334 0.0609375 0.09388888888888891
0 0.4484375 0.4125405092592593 0.078125 0.11151620370370363
0 0.503125 0.5074768518518519 0.13125 0.19440972222222222
0 0.42265625 0.3314120370370371 0.0453125 0.06877314814814817
0 0.4890625 0.37721643518518516 0.065625 0.0948611111111111
0 0.48046875 0.32152777777777775 0.0453125 0.06252314814814816
0 0.52109375 0.3533912037037037 0.046875 0.07378472222222224
0 0.55078125 0.3579861111111111 0.05625 0.08979166666666663
0 0.58125 0.35336805555555556 0.0765625 0.12369212962962965
0 0.6625 0.4366261574074074 0.1203125 0.17651620370370366
0 0.77265625 0.7665046296296296 0.2140625 0.3350231481481483
0 0.64375 0.29211226851851857 0.04375 0.05594907407407401
0 0.69375 0.2681076388888889 0.0375 0.05621527777777775
0 0.7234375 0.2969212962962963 0.0484375 0.07567129629629629
0 0.7484375 0.2583564814814815 0.046875 0.07065972222222223
0 0.83125 0.2692824074074074 0.06875 0.10019675925925924
0 0.85078125 0.22489583333333338 0.0328125 0.05368055555555555