0 0.9290624999999999 0.32449074074074075 0.09666666666666686 0.14027777777777778
0 0.8892187500000001 0.3283275462962963 0.07270833333333329 0.1145833333333334
0 0.75296875 0.2853182870370371 0.1000694444444445 0.15307870370370366
0 0.7102083333333333 0.2800810185185185 0.08204861111111121 0.11392361111111109
0 0.7040277777777778 0.1723148148148148 0.12704861111111115 0.17438657407407412
0 0.6502777777777778 0.09714409722222221 0.2193402777777777 0.19428819444444442
0 0.5758333333333333 0.2228587962962963 0.09340277777777786 0.13372685185185187
0 0.4292881944444444 0.43264467592592587 0.07062500000000002 0.09099537037037035
0 0.4766319444444444 0.09922743055555555 0.15288194444444442 0.1984548611111111
0 0.39557291666666666 0.12561921296296297 0.0947222222222222 0.12293981481481482
0 0.22305555555555556 0.07908275462962963 0.13663194444444446 0.15816550925925926
0 0.4503298611111111 0.1523090277777778 0.10597222222222218 0.13805555555555554