0 0.8833043981481481 0.46520833333333333 0.05190972222222214 0.06635416666666671
0 0.8520543981481481 0.4610416666666667 0.044039351851851906 0.04854166666666675
0 0.7730613425925925 0.47692708333333333 0.04021990740740726 0.052604166666666785
0 0.721730324074074 0.5725520833333333 0.16655092592592596 0.20812500000000006
0 0.6655092592592593 0.5346354166666666 0.09629629629629637 0.13322916666666665
0 0.690769675925926 0.4803645833333333 0.06302083333333322 0.07697916666666664
0 0.6477719907407408 0.48343749999999996 0.06359953703703702 0.08010416666666664
0 0.6007523148148148 0.4995833333333334 0.04988425925925917 0.05541666666666671
0 0.5602430555555555 0.4805729166666667 0.061574074074074045 0.06916666666666664
0 0.5563368055555555 0.5232812499999999 0.07285879629629619 0.08895833333333343
0 0.5074074074074074 0.5583854166666666 0.10046296296296298 0.14749999999999996
0 0.45147569444444446 0.5621354166666667 0.16232638888888892 0.21822916666666678
0 0.42089120370370364 0.5068229166666667 0.07557870370370376 0.09541666666666657
0 0.3697048611111111 0.5368229166666667 0.08628472222222223 0.11208333333333335
0 0.35462962962962963 0.4971875 0.036226851851851816 0.047499999999999966
0 0.33359375 0.4983854166666667 0.04108796296296298 0.05729166666666678
0 0.3045717592592593 0.508125 0.04392361111111107 0.05614583333333343
0 0.27563657407407405 0.5130729166666667 0.047800925925925955 0.06885416666666658
0 0.2390625 0.5506249999999999 0.1267939814814815 0.16625000000000015
0 0.1677372685185185 0.5467187499999999 0.0734375 0.09208333333333343
0 0.09366319444444444 0.6008854166666666 0.1660300925925926 0.22177083333333325
0 0.025868055555555554 0.5438541666666666 0.05173611111111111 0.11677083333333335