0 0.7691782407407407 0.10953125 0.34914351851851855 0.2190625
0 0.7897222222222222 0.6675868055555556 0.08796296296296298 0.12666666666666657
0 0.6510300925925926 0.6971701388888889 0.07540509259259257 0.110798611111111
0 0.5062962962962964 0.6497222222222222 0.16945601851851855 0.23604166666666657
0 0.3055787037037037 0.6159895833333333 0.20179398148148148 0.2772916666666667
0 0.39671874999999995 0.8119444444444444 0.051851851851851906 0.07909722222222229
0 0.3247627314814815 0.8143229166666666 0.033472222222222216 0.052187500000000143
0 0.29363425925925923 0.7612326388888888 0.03848379629629628 0.05541666666666671
0 0.24086805555555557 0.8341145833333332 0.039722222222222214 0.052326388888889144
0 0.15002314814814816 0.7480555555555555 0.15943287037037038 0.22958333333333325
0 0.08706018518518518 0.8741666666666668 0.03412037037037037 0.05843750000000014
0 0.06189814814814813 0.8762847222222223 0.037083333333333336 0.056944444444444284
0 0.008460648148148142 0.7665277777777778 0.016921296296296285 0.08559027777777786
0 0.002442129629629625 0.8406597222222223 0.00488425925925925 0.061840277777777786