0 0.9681423611111111 0.27870370370370373 0.04163194444444436 0.1266203703703704
0 0.9639756944444444 0.2216493055555556 0.05190972222222214 0.10001157407407409
0 0.9073437500000001 0.21973379629629633 0.04847222222222243 0.08506944444444446
0 0.8179166666666667 0.3660185185185186 0.07736111111111095 0.12736111111111104
0 0.8194097222222222 0.29883101851851857 0.08524305555555571 0.13268518518518518
0 0.7162847222222222 0.3977314814814815 0.19503472222222235 0.32196759259259256
0 0.8006770833333334 0.6177546296296297 0.16329861111111094 0.2912962962962963
0 0.6950173611111111 0.13199074074074077 0.046840277777777925 0.08150462962962961
0 0.6117013888888889 0.17795717592592597 0.05333333333333332 0.09420138888888889
0 0.58640625 0.47776620370370376 0.14020833333333335 0.23045138888888883
0 0.5137326388888889 0.4291261574074074 0.0765625 0.16129629629629635
0 0.5643229166666666 0.42342592592592593 0.07763888888888885 0.13986111111111116
0 0.4527256944444444 0.44940393518518523 0.06347222222222229 0.13121527777777775
0 0.3744097222222222 0.6197337962962963 0.18979166666666672 0.2956481481481482
0 0.34998263888888886 0.4612442129629629 0.07913194444444445 0.13717592592592598
0 0.32859375 0.3756539351851852 0.04215277777777775 0.08018518518518522
0 0.24604166666666663 0.4920543981481481 0.05652777777777782 0.09820601851851851
0 0.2285763888888889 0.6142013888888889 0.07940972222222217 0.14967592592592602
0 0.15378472222222223 0.6958101851851852 0.12177083333333334 0.23923611111111107
0 0.1640798611111111 0.4421469907407408 0.03916666666666666 0.08555555555555547
0 0.0840625 0.584230324074074 0.06680555555555556 0.14146990740740756
0 0.11116319444444445 0.5874710648148149 0.07927083333333332 0.143425925925926