0 0.1046875 0.27734375 0.0640625 0.0703125
0 0.1453125 0.25859375 0.0421875 0.0578125
0 0.04609375 0.31015625 0.05234375 0.0734375
0 0.2671875 0.30234375 0.0625 0.0796875
0 0.3421875 0.2625 0.06484375 0.09921875
0 0.340625 0.1703125 0.03828125 0.05703125
0 0.4234375 0.18046875 0.03671875 0.05703125
0 0.47109375 0.25625 0.0421875 0.05234375
0 0.44140625 0.23203125 0.0328125 0.05546875
0 0.51796875 0.28671875 0.05546875 0.0890625
0 0.51640625 0.22890625 0.0546875 0.06640625
0 0.54453125 0.1640625 0.04453125 0.06640625
0 0.60546875 0.20078125 0.04296875 0.05859375
0 0.671875 0.2484375 0.04453125 0.0703125
0 0.734375 0.2734375 0.06484375 0.09765625
0 0.95625 0.1609375 0.0578125 0.1078125
0 0.66328125 0.20078125 0.034375 0.05234375