0 0.8432581018518519 0.5769097222222221 0.12974537037037023 0.20688657407407404
0 0.8670717592592592 0.4972222222222221 0.09450231481481453 0.1315393518518519
0 0.8000578703703705 0.49157986111111107 0.0528356481481481 0.09137731481481488
0 0.7720775462962963 0.4960069444444445 0.04311342592592595 0.07922453703703702
0 0.7255208333333333 0.5221643518518518 0.06452546296296298 0.11493055555555554
0 0.6598379629629629 0.6266203703703703 0.13049768518518512 0.22719907407407405
0 0.6302951388888889 0.5063368055555555 0.059375 0.10104166666666678
0 0.5921296296296296 0.4936921296296296 0.034490740740740836 0.055034722222222145
0 0.5349537037037038 0.5979456018518519 0.08993055555555554 0.175
0 0.55703125 0.5025462962962963 0.04137731481481488 0.07407407407407404
0 0.5378472222222221 0.4989583333333333 0.04450231481481488 0.075
0 0.5029224537037036 0.503125 0.03605324074074083 0.05549768518518512
0 0.48949652777777775 0.42751736111111105 0.0296875 0.050520833333333216
0 0.46695601851851853 0.5562789351851852 0.06776620370370363 0.1189814814814815
0 0.4298032407407407 0.5371527777777778 0.05758101851851851 0.09432870370370364
0 0.387818287037037 0.6693576388888889 0.13321759259259255 0.2171875
0 0.3817708333333333 0.6031539351851851 0.08211805555555554 0.1309606481481481
0 0.39201388888888883 0.5352141203703703 0.04467592592592595 0.0796875
0 0.37679398148148147 0.52890625 0.03825231481481488 0.0731481481481481
0 0.33833912037037034 0.5866608796296295 0.06603009259259256 0.11383101851851851
0 0.33203125 0.5483506944444445 0.044618055555555536 0.078125
0 0.31070601851851853 0.539988425925926 0.03964120370370372 0.06892361111111107
0 0.29172453703703705 0.5309317129629629 0.03964120370370372 0.06892361111111107
0 0.22989004629629628 0.5732060185185185 0.05746527777777777 0.09120370370370381
0 0.1832175925925926 0.6442129629629629 0.09484953703703702 0.14091435185185192
0 0.10978009259259258 0.7702835648148147 0.15787037037037038 0.2569444444444445
0 0.05726273148148148 0.8458912037037039 0.11452546296296295 0.19884259259259246
0 0.02306134259259259 0.7067708333333333 0.04612268518518518 0.14895833333333322
0 0.0576099537037037 0.6559317129629629 0.09600694444444446 0.13043981481481487
0 0.12766203703703702 0.621267361111111 0.04143518518518521 0.07563657407407405
0 0.1451099537037037 0.58828125 0.04265046296296297 0.06672453703703703
0 0.179369212962963 0.5812210648148148 0.058680555555555534 0.08229166666666661
0 0.10269097222222223 0.60703125 0.0445023148148148 0.075
0 0.09597800925925926 0.5796585648148148 0.04079861111111112 0.05844907407407405
0 0.046614583333333334 0.5981481481481482 0.04444444444444445 0.0734375
0 0.023466435185185184 0.6142939814814815 0.04693287037037037 0.09120370370370381
0 0.007957175925925925 0.5740740740740741 0.01591435185185185 0.04646990740740744
0 0.08153935185185185 0.5522569444444445 0.020081018518518512 0.04149305555555553
0 0.06435185185185185 0.557349537037037 0.022974537037037047 0.03616898148148149
0 0.22598379629629628 0.5326388888888889 0.04438657407407405 0.071875