0 0.9011458333333333 0.3212326388888889 0.09916666666666671 0.12951388888888893
0 0.9516666666666665 0.3054398148148148 0.055798611111111285 0.09951388888888886
0 0.9269097222222221 0.2319502314814815 0.07100694444444429 0.09141203703703697
0 0.7739930555555556 0.2747685185185185 0.06291666666666665 0.0845254629629629
0 0.67640625 0.3512210648148148 0.06312500000000014 0.08921296296296291
0 0.6044270833333334 0.39445023148148145 0.09434027777777772 0.12600694444444444
0 0.690625 0.29401620370370374 0.03993055555555554 0.0577430555555555
0 0.6718576388888888 0.3134490740740741 0.03944444444444439 0.046805555555555586
0 0.643888888888889 0.2947106481481482 0.03503472222222222 0.05267361111111111
0 0.5677777777777778 0.32582175925925927 0.040138888888888856 0.0624305555555555
0 0.5636979166666667 0.29501736111111115 0.041423611111111217 0.05630787037037042
0 0.5111631944444445 0.3561226851851852 0.0531944444444445 0.07594907407407411
0 0.40791666666666665 0.4198032407407407 0.06878472222222225 0.11146990740740743
0 0.4103298611111111 0.3479918981481481 0.0583680555555556 0.08726851851851851
0 0.4533159722222223 0.36161458333333335 0.0514930555555555 0.0726967592592593
0 0.4763715277777777 0.33326967592592593 0.04788194444444436 0.06150462962962964
0 0.3844444444444444 0.24734953703703705 0.035243055555555534 0.057361111111111106
0 0.34975694444444444 0.3972974537037037 0.07822916666666666 0.11379629629629626
0 0.30185763888888884 0.3716203703703703 0.0436805555555555 0.07206018518518516
0 0.22373263888888886 0.41301504629629626 0.06319444444444444 0.09077546296296295
0 0.1479513888888889 0.31410300925925927 0.046527777777777765 0.06606481481481481
0 0.06885416666666666 0.3773726851851852 0.0682986111111111 0.10053240740740739