0 0.21796875 0.490625 0.03125 0.0453125
0 0.21796875 0.5234375 0.0265625 0.04296875
0 0.23828125 0.5421875 0.03125 0.0484375
0 0.27421875 0.546875 0.0484375 0.06328125
0 0.325 0.6125 0.06484375 0.08828125
0 0.3921875 0.68671875 0.08515625 0.13359375
0 0.40859375 0.55859375 0.05 0.0703125
0 0.3453125 0.53046875 0.03984375 0.0546875
0 0.3171875 0.534375 0.0296875 0.0484375
0 0.29140625 0.50546875 0.02734375 0.0453125
0 0.5046875 0.621875 0.0578125 0.08671875
0 0.596875 0.60546875 0.07109375 0.0984375
0 0.4890625 0.4953125 0.03515625 0.053125
0 0.46875 0.48828125 0.025 0.04296875
0 0.4390625 0.4984375 0.02890625 0.03984375
0 0.51796875 0.4859375 0.02109375 0.03515625
0 0.559375 0.49453125 0.0265625 0.04140625
0 0.57578125 0.50546875 0.03359375 0.0546875
0 0.6390625 0.51796875 0.0390625 0.06328125
0 0.6265625 0.47890625 0.0265625 0.04140625
0 0.66796875 0.46640625 0.0265625 0.03359375
0 0.69921875 0.4921875 0.03359375 0.0484375
0 0.728125 0.478125 0.02109375 0.03984375
0 0.7421875 0.46640625 0.0203125 0.03671875
0 0.7671875 0.4765625 0.03359375 0.046875
0 0.78671875 0.48984375 0.03359375 0.046875
0 0.8015625 0.46953125 0.03125 0.0453125
0 0.7328125 0.5890625 0.0671875 0.0953125
0 0.9140625 0.59609375 0.09140625 0.121875
0 0.86796875 0.521875 0.0359375 0.05703125
0 0.8859375 0.48671875 0.0359375 0.05703125
0 0.934375 0.5109375 0.0609375 0.08828125
0 0.9140625 0.44765625 0.025 0.03203125
0 0.953125 0.4453125 0.02890625 0.0296875
0 0.978125 0.4359375 0.02109375 0.03828125
0 0.98515625 0.48828125 0.02734375 0.053125
0 0.6921875 0.3734375 0.02109375 0.0234375