0 0.044661458333333334 0.69171875 0.08932291666666667 0.1902546296296297
0 0.09418402777777779 0.7726215277777777 0.08402777777777777 0.10238425925925938
0 0.11119791666666667 0.8824363425925927 0.06059027777777777 0.0723032407407409
0 0.11701388888888889 0.6168981481481481 0.2078125 0.24260416666666665
0 0.18038194444444447 0.7572337962962963 0.08211805555555554 0.09910879629629629
0 0.228125 0.7610416666666666 0.06423611111111108 0.07729166666666672
0 0.25555555555555554 0.8197453703703704 0.044618055555555536 0.053761574074074045
0 0.2854166666666667 0.721550925925926 0.0760416666666666 0.0861574074074074
0 0.32534722222222223 0.731712962962963 0.055208333333333394 0.06560185185185183
0 0.3025173611111111 0.8305844907407408 0.044618055555555536 0.053761574074074045
0 0.4971354166666667 0.6921932870370371 0.065625 0.07587962962962962
0 0.5751736111111111 0.6649652777777778 0.05364583333333321 0.06545138888888893
0 0.689670138888889 0.4730613425925926 0.14184027777777786 0.16359953703703703
0 0.7296006944444444 0.36951967592592594 0.22326388888888893 0.25645833333333334
0 0.7798611111111111 0.4928009259259259 0.14184027777777786 0.16359953703703703
0 0.7403645833333334 0.5569039351851852 0.1296875 0.15160879629629634