0 0.03125 0.4875 0.06171875 0.115625
0 0.08359375 0.48671875 0.05546875 0.11796875
0 0.16328125 0.475 0.05703125 0.1
0 0.203125 0.46875 0.0421875 0.06796875
0 0.19375 0.43359375 0.03359375 0.05703125
0 0.234375 0.44453125 0.0484375 0.08125
0 0.265625 0.478125 0.0328125 0.07734375
0 0.1109375 0.7203125 0.15625 0.225
0 0.21171875 0.61796875 0.09921875 0.1796875
0 0.3015625 0.6484375 0.13125 0.2328125
0 0.42578125 0.62734375 0.08671875 0.14609375
0 0.4609375 0.5890625 0.05859375 0.11015625
0 0.4296875 0.54765625 0.06953125 0.08828125
0 0.43515625 0.48671875 0.05625 0.09453125
0 0.47109375 0.525 0.046875 0.08125
0 0.46796875 0.45625 0.04453125 0.07734375
0 0.49921875 0.46640625 0.03984375 0.07265625
0 0.5234375 0.453125 0.0375 0.075
0 0.54921875 0.46015625 0.0515625 0.07734375
0 0.50078125 0.2625 0.0359375 0.0765625
0 0.87109375 0.41171875 0.03984375 0.0609375
0 0.90078125 0.6 0.1 0.1921875
0 0.90234375 0.44921875 0.03984375 0.06171875
0 0.9125 0.4859375 0.0484375 0.0859375