0 0.121875 0.33671875 0.0734375 0.10703125
0 0.1875 0.34765625 0.06484375 0.1140625
0 0.2234375 0.3984375 0.0703125 0.121875
0 0.2859375 0.4109375 0.07734375 0.13125
0 0.36640625 0.44296875 0.08984375 0.14296875
0 0.36015625 0.33671875 0.0578125 0.0953125
0 0.33203125 0.3234375 0.04140625 0.0765625
0 0.50390625 0.34609375 0.0625 0.1109375
0 0.50625 0.284375 0.05 0.0765625
0 0.56171875 0.32265625 0.05390625 0.1046875
0 0.590625 0.43984375 0.1015625 0.17109375
0 0.60546875 0.3734375 0.0640625 0.09765625
0 0.615625 0.31015625 0.05625 0.08046875
0 0.67578125 0.29296875 0.0390625 0.07890625
0 0.7015625 0.35 0.0546875 0.1109375
0 0.75703125 0.3875 0.07890625 0.1140625
0 0.73125 0.4953125 0.1171875 0.1953125
0 0.871875 0.41171875 0.09375 0.1484375
0 0.9609375 0.39609375 0.075 0.1578125
0 0.91015625 0.35859375 0.05234375 0.1125
0 0.81328125 0.33515625 0.05859375 0.1140625
0 0.8578125 0.29296875 0.04609375 0.07890625
0 0.8984375 0.2984375 0.04140625 0.0828125
0 0.9421875 0.28828125 0.03359375 0.065625
0 0.971875 0.29609375 0.0359375 0.06015625