0 0.8954311342592594 0.4847800925925926 0.20913773148148138 0.21099537037037042
0 0.8769791666666666 0.3642939814814815 0.12592592592592594 0.12870370370370363
0 0.8112905092592593 0.40057870370370374 0.17061342592592582 0.17222222222222214
0 0.7294444444444445 0.3437789351851852 0.12884259259259245 0.14276620370370363
0 0.6605150462962963 0.36443865740740744 0.1287847222222222 0.13501157407407405
0 0.6109259259259259 0.37965856481481486 0.22479166666666667 0.23159722222222223
0 0.5651967592592593 0.409693287037037 0.2735185185185184 0.2721643518518519
0 0.5083854166666667 0.31417824074074074 0.16716435185185183 0.17054398148148148
0 0.4397743055555556 0.27184606481481477 0.15310185185185182 0.17002314814814812
0 0.31440972222222224 0.24814814814814815 0.2269444444444444 0.22702546296296297
0 0.22314236111111113 0.3129340277777778 0.25432870370370375 0.2543981481481481
0 0.17237268518518517 0.022569444444444444 0.08224537037037036 0.04513888888888889
0 0.1910763888888889 0.03706597222222222 0.08215277777777778 0.07413194444444444
0 0.2446296296296296 0.03072916666666667 0.09550925925925924 0.06145833333333334
0 0.38387731481481485 0.06686921296296296 0.10576388888888885 0.10625
0 0.47947337962962966 0.04782986111111111 0.13394675925925928 0.09565972222222222
0 0.7270486111111112 0.08171296296296296 0.10204861111111115 0.11076388888888888
0 0.5434780092592593 0.1341724537037037 0.07050925925925924 0.07083333333333335
0 0.8026388888888889 0.18046875 0.04787037037037045 0.05138888888888893
0 0.9309664351851852 0.2032696759259259 0.04943287037037045 0.051446759259259255
0 0.982879050925926 0.44684606481481487 0.03424189814814795 0.12870370370370376
0 0.9823668981481483 0.3841145833333333 0.03526620370370352 0.11122685185185191