0 0.8728327546296295 0.5472395833333333 0.2543344907407408 0.43781250000000005
0 0.7410127314814815 0.5611631944444444 0.08359953703703696 0.1484375
0 0.685457175925926 0.5223784722222222 0.018217592592592525 0.02951388888888893
0 0.7057175925925926 0.5350520833333333 0.016979166666666677 0.032187500000000036
0 0.685329861111111 0.5503819444444444 0.023391203703703668 0.03555555555555543
0 0.654693287037037 0.5180381944444445 0.022638888888888965 0.042916666666666714
0 0.634548611111111 0.5357118055555555 0.02846064814814824 0.055208333333333394
0 0.6118460648148148 0.5579513888888888 0.0256018518518518 0.0422569444444445
0 0.5977488425925925 0.5243229166666666 0.020266203703703668 0.034652777777777824
0 0.5827662037037037 0.504079861111111 0.018703703703703667 0.03420138888888893
0 0.5545775462962963 0.5611111111111111 0.03692129629629637 0.06371527777777786
0 0.5222280092592593 0.5707118055555556 0.045219907407407334 0.07065972222222214
0 0.5063425925925926 0.4979166666666666 0.01854166666666668 0.032638888888888926
0 0.5325289351851852 0.5092708333333332 0.021342592592592524 0.030416666666666713
0 0.5490393518518518 0.5003993055555556 0.016331018518518547 0.025937500000000037
0 0.47447337962962965 0.4902256944444444 0.018703703703703667 0.03420138888888893
0 0.47033564814814816 0.5307118055555555 0.025277777777777823 0.0391319444444445
0 0.43203125 0.5340451388888889 0.04840277777777775 0.08673611111111121
0 0.43918402777777776 0.48609375000000005 0.022638888888888965 0.042916666666666714
0 0.4065393518518519 0.5001562500000001 0.021076388888888832 0.042465277777777644
0 0.3724652777777778 0.5077430555555555 0.021828703703703666 0.035104166666666714
0 0.2094386574074074 0.40456597222222224 0.02986111111111107 0.05409722222222228