0 0.015500578703703704 0.4523958333333333 0.031001157407407408 0.08999999999999986
0 0.00010995370370370239 0.5850520833333334 0.00021990740740740478 0.10427083333333335
0 0.05059027777777778 0.4601041666666667 0.08476851851851852 0.09791666666666679
0 0.09549768518518519 0.4336458333333333 0.07325231481481483 0.08760416666666662
0 0.05796296296296296 0.5653125 0.08434027777777778 0.0963541666666666
0 0.12415509259259258 0.45062499999999994 0.0732523148148148 0.08760416666666657
0 0.1347974537037037 0.5042708333333333 0.085625 0.10104166666666678
0 0.18504050925925924 0.4213541666666666 0.07368055555555557 0.08916666666666662
0 0.20796296296296296 0.42755208333333333 0.06884259259259258 0.08208333333333329
0 0.22980324074074074 0.445625 0.07922453703703702 0.09354166666666668
0 0.1506712962962963 0.5731770833333333 0.08078703703703702 0.09395833333333332
0 0.2748611111111111 0.4133333333333333 0.07325231481481484 0.08760416666666662
0 0.28376157407407404 0.4442708333333334 0.07325231481481484 0.08760416666666657
0 0.3203009259259259 0.41135416666666663 0.07524305555555558 0.08958333333333339
0 0.36552662037037037 0.41015625 0.07922453703703702 0.09354166666666668
0 0.35755787037037035 0.47093749999999995 0.07809027777777774 0.09468749999999986
0 0.25913194444444443 0.5869791666666666 0.09131944444444447 0.11125000000000007
0 0.3287789351851852 0.5865104166666667 0.08434027777777775 0.09635416666666678
0 0.4171180555555556 0.4253645833333334 0.07481481481481485 0.08802083333333326
0 0.45165509259259257 0.4023958333333333 0.06314814814814813 0.071875
0 0.4341840277777778 0.45557291666666666 0.07922453703703702 0.09354166666666668
0 0.4928877314814815 0.41312499999999996 0.08121527777777775 0.09552083333333346
0 0.4844270833333334 0.47041666666666665 0.0787962962962963 0.09197916666666668
0 0.4188136574074074 0.5777083333333334 0.08363425925925934 0.09906250000000014
0 0.5452604166666666 0.428125 0.07481481481481485 0.0880208333333334
0 0.5418402777777778 0.48552083333333335 0.09116898148148156 0.10541666666666671
0 0.4929861111111111 0.5897916666666667 0.08761574074074066 0.10302083333333342
0 0.6062615740740741 0.4169270833333333 0.08149305555555557 0.09124999999999997
0 0.635625 0.43661458333333336 0.07708333333333339 0.08572916666666668
0 0.5561574074074074 0.5997395833333334 0.09714120370370374 0.11135416666666664
0 0.6732581018518518 0.48161458333333335 0.07282407407407412 0.08604166666666657
0 0.7268344907407407 0.4499479166666667 0.08874999999999993 0.10187500000000002