0 0.8533796296296294 0.6991145833333333 0.06719907407407391 0.10269675925925928
0 0.8219560185185186 0.7547800925925926 0.10851851851851854 0.1319907407407408
0 0.7064525462962963 0.6824652777777778 0.13733796296296302 0.1592476851851851
0 0.7358854166666666 0.7837094907407407 0.0841550925925926 0.09793981481481477
0 0.6681481481481482 0.7645659722222222 0.09340277777777786 0.10546296296296305
0 0.5927662037037037 0.6234143518518518 0.17479166666666668 0.20445601851851852
0 0.6198090277777777 0.7915393518518519 0.09112268518518522 0.10208333333333322
0 0.55625 0.856556712962963 0.07119212962962962 0.08078703703703702
0 0.48107638888888893 0.7956770833333333 0.1887268518518518 0.21274305555555556
0 0.3615393518518518 0.8256365740740741 0.0792361111111112 0.08961805555555565
0 0.2725694444444445 0.8954282407407408 0.06699074074074077 0.07559027777777771
0 0.24377314814814813 0.8267071759259259 0.09447916666666663 0.11015046296296305
0 0.22717592592592592 0.5954456018518519 0.25881944444444444 0.3083912037037038
0 0.11794560185185184 0.764056712962963 0.16951388888888888 0.1945717592592592
0 0.15810185185185183 0.83625 0.10421296296296294 0.11324074074074071
0 0.15696759259259258 0.897662037037037 0.0877662037037037 0.09401620370370338
0 0.004508101851851842 0.9271354166666667 0.009016203703703684 0.12443287037037046
0 0.025460069444444434 0.8553703703703703 0.05092013888888887 0.16546296296296284