0 0.6706539351851852 0.32961805555555557 0.07443287037037045 0.10041666666666664
0 0.5899016203703704 0.4139930555555556 0.08947916666666664 0.11965277777777779
0 0.5028414351851852 0.4182986111111111 0.11045138888888886 0.15697916666666673
0 0.42625 0.49998263888888894 0.1540277777777778 0.21423611111111113
0 0.36693865740740744 0.46649305555555554 0.06974537037037036 0.09906250000000014
0 0.3954340277777778 0.41954861111111114 0.06149305555555564 0.07583333333333328
0 0.32905092592592594 0.3106770833333333 0.04950231481481478 0.07534722222222223
0 0.30010416666666667 0.44262152777777786 0.06843749999999993 0.10017361111111112
0 0.25939236111111114 0.5325520833333334 0.09693287037037042 0.14711805555555557
0 0.21390625000000002 0.5010243055555555 0.0770138888888889 0.10711805555555554
0 0.19747106481481483 0.4648263888888889 0.06043981481481482 0.0785069444444444
0 0.1543576388888889 0.6745659722222221 0.20101851851851854 0.2650347222222223
0 0.12076388888888889 0.583767361111111 0.13611111111111113 0.19565972222222214
0 0.04489872685185185 0.59875 0.0897974537037037 0.13416666666666668
0 0.07039351851851852 0.5365277777777778 0.08613425925925926 0.1082638888888889
0 0.05751736111111112 0.51046875 0.07287037037037036 0.09996527777777775
0 0.0015451388888888917 0.5355208333333333 0.0030902777777777834 0.08565972222222236