0 0.084375 0.596875 0.078125 0.1125
0 0.184375 0.6703125 0.0765625 0.1140625
0 0.21953125 0.6 0.04609375 0.09375
0 0.2859375 0.64453125 0.10078125 0.1765625
0 0.2625 0.87890625 0.15625 0.240625
0 0.52109375 0.87890625 0.1421875 0.240625
0 0.55859375 0.7625 0.071875 0.1203125
0 0.48984375 0.6015625 0.05703125 0.1125
0 0.4609375 0.58515625 0.034375 0.0703125
0 0.56953125 0.62265625 0.06640625 0.10546875
0 0.55703125 0.559375 0.05234375 0.0703125
0 0.64765625 0.60703125 0.05 0.1046875
0 0.6671875 0.659375 0.0578125 0.109375
0 0.70546875 0.62421875 0.03828125 0.09375
0 0.75078125 0.61875 0.03515625 0.078125
0 0.73046875 0.82109375 0.10625 0.1828125
0 0.825 0.71875 0.07890625 0.1375
0 0.846875 0.68125 0.0671875 0.10546875
0 0.82890625 0.6203125 0.04375 0.075
0 0.38671875 0.56171875 0.05078125 0.0859375
0 0.3484375 0.62421875 0.0546875 0.096875