0 0.36031250000000004 0.6521990740740741 0.04760416666666671 0.06494212962962961
0 0.9810416666666667 0.5059085648148148 0.03791666666666664 0.10785879629629633
0 0.9444270833333335 0.5348784722222222 0.069166666666667 0.08700231481481495
0 0.896875 0.4939004629629629 0.07093750000000014 0.09038194444444443
0 0.8519791666666666 0.4579918981481482 0.07729166666666672 0.09296296296296305
0 0.9459375000000001 0.4300289351851852 0.08031250000000015 0.11509259259259252
0 0.9034375000000001 0.4184664351851852 0.10614583333333343 0.13166666666666668
0 0.8677604166666667 0.37015046296296295 0.1234375 0.159212962962963
0 0.7970312500000001 0.39880787037037035 0.09343749999999992 0.12650462962962966
0 0.8405729166666667 0.5071354166666666 0.08125 0.10597222222222218
0 0.7162499999999999 0.3694155092592592 0.11395833333333343 0.15612268518518518
0 0.67796875 0.44431712962962966 0.08291666666666657 0.10778935185185183
0 0.604375 0.4415972222222222 0.06500000000000003 0.09405092592592598
0 0.64375 0.29037037037037033 0.11666666666666661 0.1503819444444444
0 0.5796354166666667 0.29074074074074074 0.09677083333333343 0.1301388888888889
0 0.5749479166666667 0.37111689814814813 0.07770833333333335 0.09921296296296296
0 0.4841145833333333 0.3648148148148148 0.06291666666666665 0.08598379629629634
0 0.40817708333333336 0.2457986111111111 0.0994791666666666 0.12439814814814812
0 0.3706770833333334 0.28605324074074073 0.10458333333333325 0.131412037037037
0 0.3341145833333333 0.3171875 0.05927083333333334 0.07766203703703703
0 0.30203125000000003 0.33436921296296296 0.07760416666666661 0.09765046296296295
0 0.37421875 0.11894097222222222 0.1609375 0.1421412037037037
0 0.2705208333333333 0.08195023148148148 0.16604166666666667 0.10278935185185183
0 0.5526041666666666 0.151875 0.1677083333333332 0.15097222222222223
0 0.684375 0.19266782407407407 0.15020833333333333 0.14348379629629632
0 0.20510416666666664 0.15552083333333333 0.12312500000000001 0.15452546296296293
0 0.20859375 0.3701446759259259 0.06572916666666666 0.08180555555555555