0 0.9128298611111111 0.14713541666666669 0.07116898148148146 0.09614583333333333
0 0.8795949074074073 0.1885763888888889 0.04614583333333329 0.06579861111111111
0 0.9166608796296296 0.22494791666666666 0.05103009259259252 0.06850694444444443
0 0.882488425925926 0.22572916666666668 0.043206018518518616 0.054479166666666676
0 0.8588020833333333 0.2875520833333333 0.029525462962962833 0.04204861111111109
0 0.8579050925925926 0.30670138888888887 0.02521990740740776 0.031909722222222214
0 0.9119212962962961 0.280625 0.027372685185185475 0.036979166666666605
0 0.801278935185185 0.20317708333333334 0.07135416666666652 0.08559027777777777
0 0.7182118055555555 0.18335069444444446 0.09579861111111114 0.12336805555555555
0 0.7349710648148149 0.2186284722222222 0.07155092592592602 0.08715277777777783
0 0.7117939814814814 0.25836805555555553 0.03675925925925938 0.05138888888888893
0 0.7860763888888889 0.27579861111111115 0.025219907407407406 0.031909722222222214
0 0.7247280092592592 0.3119965277777778 0.03167824074074073 0.04711805555555557
0 0.6599652777777777 0.24302083333333338 0.03891203703703709 0.05645833333333332
0 0.6349768518518518 0.23701388888888886 0.057094907407407545 0.08059027777777776
0 0.6121469907407407 0.32210069444444445 0.027766203703703595 0.04010416666666661
0 0.5093634259259259 0.29649305555555555 0.06862268518518526 0.0879513888888889
0 0.46277777777777784 0.31166666666666665 0.03968750000000014 0.0505902777777778
0 0.4374016203703704 0.30272569444444447 0.03128472222222225 0.04399305555555557
0 0.3944270833333333 0.31928819444444445 0.038124999999999964 0.05020833333333332
0 0.37842013888888887 0.3141145833333333 0.048287037037037094 0.05874999999999995
0 0.29872106481481475 0.3457118055555556 0.03167824074074073 0.04711805555555557
0 0.2625925925925926 0.35 0.03460648148148149 0.04631944444444445
0 0.23544560185185182 0.3551215277777778 0.03108796296296301 0.04243055555555557
0 0.008518518518518517 0.41560763888888885 0.017037037037037035 0.11565972222222225