0 0.05131944444444444 0.5252083333333333 0.10263888888888888 0.16291666666666665
0 0.2548090277777778 0.7136747685185185 0.04527777777777775 0.07134259259259253
0 0.31359375 0.6029456018518518 0.04052083333333334 0.06793981481481488
0 0.36109375 0.5423958333333333 0.06940972222222222 0.10398148148148145
0 0.42711805555555554 0.4579108796296296 0.11125000000000007 0.161076388888889
0 0.4341666666666667 0.5631539351851852 0.05798611111111107 0.08145833333333333
0 0.46515625 0.576724537037037 0.04861111111111107 0.08090277777777785
0 0.4886631944444444 0.6101909722222223 0.030659722222222286 0.045509259259259235
0 0.5171006944444445 0.5977951388888888 0.033958333333333354 0.05350694444444457
0 0.5469965277777777 0.6605844907407408 0.027361111111111214 0.037511574074074086
0 0.5576215277777777 0.6048900462962963 0.03229166666666679 0.0487268518518519
0 0.5585069444444445 0.5650462962962963 0.0483680555555555 0.06996527777777786
0 0.5228125 0.48157407407407404 0.09222222222222207 0.1474652777777777
0 0.58421875 0.49929398148148146 0.07135416666666679 0.12126157407407412
0 0.5927604166666667 0.5725520833333333 0.04354166666666668 0.06343750000000004
0 0.6140972222222223 0.5980671296296297 0.025972222222222285 0.045231481481481595
0 0.5935590277777778 0.6070196759259259 0.025902777777777785 0.04210648148148142
0 0.657986111111111 0.5240046296296297 0.06434027777777765 0.08651620370370364
0 0.6870486111111112 0.5538888888888889 0.04190972222222218 0.06021990740740737
0 0.6692361111111111 0.5809953703703703 0.030659722222222286 0.045509259259259235
0 0.7165104166666667 0.6010069444444445 0.030555555555555537 0.04082175925925924
0 0.711736111111111 0.6398379629629629 0.033784722222222285 0.04569444444444439
0 0.7367881944444445 0.5685706018518518 0.038680555555555426 0.055347222222222214
0 0.7651388888888888 0.5600810185185185 0.03711805555555543 0.05525462962962955
0 0.7300868055555555 0.37729745370370366 0.16312499999999996 0.24841435185185184
0 0.6266145833333333 0.17559606481481482 0.22177083333333342 0.28934027777777777
0 0.843923611111111 0.4646180555555556 0.08902777777777793 0.14415509259259257
0 0.8838368055555555 0.35824652777777777 0.12548611111111113 0.16972222222222227
0 0.9007291666666667 0.47815393518518523 0.09663194444444442 0.13524305555555555
0 0.8413541666666667 0.5450405092592593 0.05958333333333314 0.08311342592592581
0 0.806996527777778 0.5774247685185185 0.04336805555555552 0.055625000000000036
0 0.845920138888889 0.6211921296296297 0.041874999999999926 0.058657407407407366
0 0.8345659722222223 0.5688888888888889 0.046493055555555426 0.05581018518518519
0 0.9166666666666666 0.6058275462962963 0.04982638888888893 0.06537037037037034
0 0.97734375 0.6563599537037037 0.020034722222222356 0.05892361111111111