0 0.9530208333333334 0.4676793981481481 0.09395833333333314 0.21614583333333326
0 0.9848437499999999 0.7641724537037037 0.03031250000000014 0.05560185185185187
0 0.9786979166666667 0.7839699074074075 0.0408333333333335 0.04265046296296297
0 0.9379166666666666 0.7774189814814815 0.038854166666666856 0.04075231481481474
0 0.9292708333333334 0.7173784722222222 0.08447916666666658 0.09032407407407402
0 0.9288541666666668 0.6336863425925926 0.14229166666666657 0.1594328703703704
0 0.8846875000000001 0.6938078703703704 0.06510416666666644 0.07290509259259252
0 0.8421875 0.6780497685185185 0.058645833333333286 0.0597337962962964
0 0.82109375 0.7066608796296296 0.04520833333333343 0.04800925925925927
0 0.8518229166666668 0.7279918981481481 0.036562500000000143 0.043206018518518616
0 0.8793229166666666 0.7316898148148148 0.044375000000000143 0.044884259259259277
0 0.7710416666666666 0.6045833333333334 0.08729166666666668 0.09534722222222225
0 0.76734375 0.6487152777777777 0.06187499999999986 0.06631944444444446
0 0.7733854166666666 0.6934664351851851 0.03729166666666668 0.04041666666666668
0 0.7307291666666667 0.6688368055555556 0.04520833333333343 0.04800925925925927
0 0.7115625 0.6742939814814815 0.032604166666666504 0.039409722222222145
0 0.6842708333333334 0.5829976851851851 0.0885416666666666 0.10003472222222225
0 0.6386458333333334 0.5002835648148147 0.15635416666666657 0.17204861111111108
0 0.64390625 0.6001041666666667 0.06281250000000008 0.07535879629629623
0 0.6801562499999999 0.6255671296296296 0.05635416666666657 0.06218749999999993
0 0.6630729166666667 0.6498842592592593 0.04250000000000007 0.04890046296296298
0 0.5307291666666667 0.5264467592592592 0.06583333333333333 0.07011574074074076
0 0.4932291666666666 0.4852488425925926 0.10697916666666671 0.1084143518518518
0 0.3971354166666667 0.38727430555555553 0.15395833333333328 0.16858796296296302
0 0.36885416666666665 0.48283564814814817 0.0916666666666666 0.10070601851851854
0 0.4213020833333333 0.499994212962963 0.062395833333333386 0.07379629629629622
0 0.43473958333333335 0.5559085648148148 0.05239583333333329 0.05839120370370363
0 0.46911458333333333 0.5632928240740741 0.05270833333333336 0.054039351851851866
0 0.49859375000000006 0.5688888888888888 0.04093750000000007 0.04856481481481474
0 0.5181250000000001 0.5841319444444444 0.038541666666666786 0.04510416666666668
0 0.5483854166666666 0.5898958333333333 0.039270833333333324 0.042314814814814736
0 0.5991145833333333 0.6309895833333334 0.04322916666666661 0.046111111111111214
0 0.5816666666666667 0.6125115740740741 0.03729166666666668 0.04041666666666668
0 0.5608854166666667 0.6257233796296295 0.04645833333333336 0.052696759259259096
0 0.2806770833333333 0.41454861111111113 0.10791666666666674 0.1174537037037037
0 0.30666666666666664 0.4650578703703704 0.06208333333333336 0.07814814814814816
0 0.1840625 0.2759548611111111 0.21489583333333334 0.24796296296296294
0 0.13291666666666666 0.36586805555555557 0.08864583333333334 0.1280439814814814
0 0.2588020833333333 0.43194444444444446 0.08697916666666661 0.09969907407407401