0 0.22673032407407406 0.39274305555555555 0.0766435185185185 0.10111111111111111
0 0.1739699074074074 0.43107638888888894 0.05826388888888889 0.07599537037037041
0 0.15967013888888887 0.47817129629629634 0.05454861111111113 0.07065972222222214
0 0.20935185185185184 0.49449652777777775 0.04300925925925929 0.05152777777777775
0 0.27715277777777775 0.4515219907407408 0.04164351851851853 0.05276620370370359
0 0.2888136574074074 0.30454282407407407 0.08759259259259267 0.1155555555555555
0 0.3493981481481481 0.3551273148148148 0.04770833333333328 0.06467592592592589
0 0.31918402777777777 0.40171874999999996 0.03616898148148149 0.04554398148148149
0 0.30647569444444445 0.4180497685185185 0.03284722222222225 0.043333333333333356
0 0.33043981481481477 0.47546874999999994 0.034212962962963014 0.04209490740740733
0 0.35735532407407405 0.4067361111111111 0.033240740740740723 0.04645833333333336
0 0.38655671296296296 0.3983969907407407 0.032453703703703686 0.04020833333333336
0 0.4103414351851852 0.336400462962963 0.06373842592592598 0.08321759259259257
0 0.4333564814814815 0.3651041666666667 0.034803240740740725 0.046782407407407425
0 0.45991898148148147 0.3595949074074074 0.029131944444444537 0.037997685185185225
0 0.47206018518518517 0.32359953703703703 0.044965277777777854 0.05497685185185182
0 0.49098958333333337 0.33641203703703704 0.034212962962962834 0.04209490740740742
0 0.5084375 0.2643171296296296 0.07605324074074069 0.09642361111111111
0 0.5456886574074075 0.3128935185185185 0.03225694444444436 0.03864583333333336
0 0.6048668981481482 0.1994270833333333 0.07684027777777765 0.1026736111111111
0 0.6559201388888889 0.21090277777777774 0.05846064814814813 0.07755787037037043
0 0.6959143518518518 0.1470659722222222 0.07487268518518526 0.0870486111111111
0 0.689693287037037 0.22063657407407405 0.038124999999999964 0.048993055555555554
0 0.6874305555555555 0.23860532407407406 0.029328703703703597 0.039560185185185226
0 0.6680844907407407 0.253269675925926 0.023657407407407405 0.030775462962962942
0 0.7835648148148149 0.17605902777777777 0.05103009259259252 0.0668865740740741
0 0.7619849537037038 0.1782523148148148 0.038715277777777855 0.05368055555555555
0 0.8183391203703703 0.15971643518518516 0.036562500000000143 0.04866898148148149
0 0.8539178240740741 0.1188599537037037 0.042037037037037095 0.05589120370370369
0 0.8502719907407407 0.15385416666666665 0.03225694444444471 0.03864583333333331