0 0.03671875 0.40703125 0.05703125 0.12421875
0 0.07734375 0.515625 0.06171875 0.1453125
0 0.1296875 0.5578125 0.0765625 0.16171875
0 0.196875 0.65234375 0.11953125 0.2265625
0 0.22421875 0.7328125 0.12421875 0.19140625
0 0.2625 0.415625 0.06640625 0.09609375
0 0.31796875 0.4953125 0.07890625 0.13515625
0 0.38515625 0.51328125 0.06796875 0.1140625
0 0.43203125 0.16328125 0.0671875 0.16015625
0 0.56015625 0.43046875 0.05546875 0.1171875
0 0.65625 0.7234375 0.12734375 0.253125
0 0.659375 0.48671875 0.1 0.18828125
0 0.6890625 0.41796875 0.05859375 0.12109375
0 0.7390625 0.3875 0.0578125 0.1203125
0 0.790625 0.40546875 0.05078125 0.09921875
0 0.7890625 0.51328125 0.0828125 0.13515625
0 0.9296875 0.42890625 0.08203125 0.15859375
0 0.96328125 0.38125 0.0625 0.1109375