0 0.1625 0.6412962962962963 0.2046875 0.2541898148148148
0 0.13333333333333336 0.5263831018518518 0.11822916666666669 0.14245370370370375
0 0.10772569444444444 0.4886979166666666 0.09479166666666665 0.10961805555555557
0 0.14244791666666667 0.45925925925925937 0.06319444444444441 0.08628472222222214
0 0.05043402777777779 0.4406712962962963 0.08246527777777776 0.10037037037037036
0 0.030859375 0.4880902777777777 0.06171875 0.09724537037037032
0 0.016362847222222227 0.5107118055555555 0.03272569444444445 0.10790509259259266
0 0.008203125 0.5223842592592594 0.01640625 0.167326388888889
0 0.26579861111111114 0.45991319444444445 0.05763888888888884 0.07449074074074069
0 0.30876736111111114 0.49406828703703703 0.0697916666666667 0.08956018518518505
0 0.33723958333333337 0.5002141203703704 0.06996527777777777 0.08373842592592595
0 0.33706597222222223 0.4562384259259259 0.054166666666666606 0.07207175925925924
0 0.38116319444444446 0.35477430555555556 0.0625 0.08315972222222223
0 0.39696180555555555 0.5074652777777777 0.1015625 0.1334837962962963
0 0.4480902777777779 0.5049016203703703 0.07847222222222214 0.10221064814814813
0 0.45460069444444445 0.4494965277777778 0.06440972222222215 0.08515046296296305
0 0.5296875 0.6375 0.14513888888888893 0.17770833333333336
0 0.5715277777777777 0.5760300925925926 0.1015625 0.1334837962962963
0 0.5418402777777779 0.5007581018518519 0.07777777777777786 0.09908564814814813
0 0.5229166666666667 0.47402199074074075 0.06944444444444446 0.08799768518518505
0 0.6036458333333334 0.50609375 0.05920138888888893 0.0749189814814816
0 0.6323784722222222 0.507337962962963 0.06336805555555554 0.08046296296296304
0 0.6465277777777778 0.5592881944444444 0.11059027777777786 0.13449074074074083
0 0.6891493055555555 0.49057291666666664 0.078125 0.10064814814814813
0 0.7417534722222222 0.5298553240740741 0.115625 0.13733796296296283
0 0.8614583333333334 0.6364293981481481 0.14513888888888893 0.1909143518518519
0 0.8487847222222221 0.5517303240740741 0.09982638888888892 0.1256712962962963