0 0.27347800925925925 0.8022280092592592 0.1105671296296296 0.13709490740740754
0 0.3667361111111111 0.793605324074074 0.13240740740740745 0.15734953703703702
0 0.43810763888888893 0.6497974537037037 0.244537037037037 0.2945601851851851
0 0.4924594907407407 0.7640914351851852 0.068611111111111 0.07962962962962958
0 0.5344444444444444 0.7361400462962963 0.08952546296296297 0.1075810185185185
0 0.6204340277777778 0.7145543981481481 0.0891435185185184 0.10289351851851851
0 0.6905266203703704 0.6980034722222223 0.07613425925925928 0.09571759259259256
0 0.7433738425925926 0.6413483796296295 0.15137731481481484 0.1804976851851851
0 0.863532986111111 0.5722800925925926 0.2729340277777779 0.3193287037037038
0 0.9809780092592593 0.5752604166666666 0.03804398148148138 0.14450231481481488
0 0.9299537037037038 0.5433449074074075 0.14009259259259252 0.20295138888888892