0 0.2484375 0.44296875 0.15234375 0.278125
0 0.20234375 0.25078125 0.09765625 0.165625
0 0.15703125 0.128125 0.03984375 0.07265625
0 0.19296875 0.10859375 0.0359375 0.065625
0 0.165625 0.08359375 0.02890625 0.0359375
0 0.1640625 0.0640625 0.021875 0.034375
0 0.25703125 0.0765625 0.03125 0.05703125
0 0.2890625 0.1 0.03359375 0.065625
0 0.31796875 0.14140625 0.04765625 0.0796875
0 0.3328125 0.0921875 0.0296875 0.046875
0 0.3703125 0.0828125 0.0296875 0.0625
0 0.39765625 0.18359375 0.0578125 0.10546875
0 0.4546875 0.24375 0.06875 0.13125
0 0.63203125 0.41171875 0.1140625 0.2296875
0 0.64375 0.2453125 0.07421875 0.1453125
0 0.52578125 0.16953125 0.046875 0.08984375
0 0.44921875 0.1453125 0.0421875 0.07265625
0 0.41640625 0.09296875 0.0296875 0.0484375
0 0.4625 0.0890625 0.03125 0.07421875
0 0.5078125 0.09921875 0.0359375 0.05390625
0 0.5453125 0.08671875 0.0234375 0.04453125
0 0.5703125 0.10078125 0.028125 0.05390625
0 0.59296875 0.0921875 0.0265625 0.06015625
0 0.6328125 0.1125 0.0296875 0.05859375
0 0.671875 0.1796875 0.04296875 0.08984375
0 0.69921875 0.1375 0.0421875 0.08828125
0 0.7875 0.15 0.03203125 0.0625
0 0.85078125 0.240625 0.0625 0.10859375
0 0.8640625 0.36875 0.10703125 0.18828125
0 0.8484375 0.18203125 0.05703125 0.1125
0 0.94921875 0.1953125 0.04921875 0.1