0 0.5970833333333333 0.20428819444444443 0.3639699074074073 0.40857638888888886
0 0.9116435185185185 0.3605787037037037 0.1767129629629629 0.3546064814814815
0 0.9123148148148147 0.7194733796296295 0.10443287037037052 0.13315972222222214
0 0.7276793981481481 0.6194039351851852 0.15158564814814818 0.1947222222222223
0 0.6997743055555555 0.47898726851851847 0.19299768518518512 0.24423611111111115
0 0.6174189814814814 0.6527314814814815 0.117326388888889 0.15606481481481466
0 0.5777141203703703 0.6885127314814815 0.09148148148148146 0.12550925925925932
0 0.4895023148148148 0.6686689814814815 0.09460648148148146 0.12624999999999992
0 0.45478009259259256 0.557037037037037 0.14533564814814817 0.19324074074074069
0 0.3469039351851852 0.4491608796296296 0.20282407407407402 0.2511458333333333
0 0.3388136574074074 0.6140914351851852 0.11717592592592592 0.15450231481481486
0 0.3645486111111111 0.7070775462962964 0.08513888888888888 0.10721064814814803
0 0.2980439814814815 0.6637094907407407 0.11143518518518514 0.14245370370370375
0 0.2447222222222222 0.6659606481481481 0.08261574074074077 0.11271990740740741
0 0.20623263888888888 0.5815914351851852 0.1573263888888889 0.2067708333333334
0 0.10800347222222222 0.5904918981481482 0.11107638888888886 0.15458333333333343
0 0.07841435185185185 0.6566377314814815 0.03886574074074074 0.10234953703703695
0 0.08659722222222223 0.6171412037037036 0.06275462962962963 0.11259259259259266