0 0.3290277777777778 0.41857638888888893 0.24111111111111114 0.31215277777777783
0 0.3110474537037037 0.5577256944444444 0.17190972222222226 0.21701388888888892
0 0.24443287037037037 0.6055555555555555 0.09020833333333336 0.12048611111111107
0 0.22201967592592592 0.6421875 0.0787962962962963 0.10694444444444447
0 0.22375578703703702 0.6999131944444444 0.04484953703703702 0.058680555555555534
0 0.2032060185185185 0.6914930555555555 0.043032407407407366 0.056944444444444464
0 0.32751157407407405 0.6822916666666667 0.044340277777777805 0.05555555555555554
0 0.37239004629629624 0.6987847222222222 0.05004629629629633 0.06232638888888893
0 0.4065798611111111 0.6826388888888889 0.05160879629629633 0.0625
0 0.44795138888888886 0.6964409722222222 0.04641203703703702 0.05885416666666661
0 0.4936342592592592 0.6378472222222221 0.07134259259259253 0.08003472222222215
0 0.541087962962963 0.6277777777777778 0.06425925925925924 0.09305555555555553
0 0.5319560185185186 0.6658854166666666 0.045648148148148236 0.054166666666666786
0 0.5518923611111111 0.6987847222222221 0.03162037037037031 0.04340277777777786
0 0.5632986111111111 0.6793402777777778 0.03863425925925927 0.048784722222222146
0 0.6077546296296296 0.669704861111111 0.039907407407407544 0.056597222222222146
0 0.6161921296296295 0.6085069444444444 0.08915509259259266 0.1234375
0 0.6489756944444445 0.6543402777777778 0.06043981481481477 0.06961805555555553
0 0.647980324074074 0.6764756944444444 0.03111111111111118 0.04027777777777786
0 0.6770833333333333 0.6620659722222222 0.03238425925925927 0.04809027777777786
0 0.6961979166666666 0.67109375 0.035509259259259275 0.0484375
0 0.6949016203703704 0.6348958333333333 0.053136574074074086 0.071875
0 0.6984664351851851 0.5532118055555555 0.11172453703703696 0.14895833333333322
0 0.7351446759259259 0.6370659722222223 0.045902777777777716 0.05572916666666661
0 0.7500752314814815 0.7192708333333334 0.029548611111111 0.04010416666666679
0 0.806886574074074 0.71484375 0.03601851851851841 0.0515625
0 0.8130497685185185 0.634982638888889 0.05731481481481495 0.06927083333333321
0 0.7969907407407407 0.644704861111111 0.035509259259259275 0.0484375
0 0.7883969907407408 0.64375 0.027986111111111177 0.03993055555555554
0 0.8388831018518518 0.5204861111111111 0.142326388888889 0.18611111111111106
0 0.8589583333333334 0.6201388888888889 0.0500115740740739 0.07152777777777786
0 0.8813368055555557 0.5927083333333333 0.07076388888888871 0.0953125
0 0.9069212962962963 0.6131944444444445 0.04561342592592581 0.06336805555555554
0 0.9580960648148148 0.6871527777777777 0.03859953703703702 0.05798611111111107
0 0.9328993055555557 0.5984375 0.045104166666666855 0.060243055555555536
0 0.9425231481481482 0.5680555555555555 0.06062500000000028 0.08958333333333321
0 0.9735619212962963 0.5413194444444445 0.052876157407407476 0.10659722222222215
0 0.9837702546296295 0.5980034722222223 0.03245949074074091 0.06354166666666661
0 0.9920630787037037 0.592013888888889 0.015873842592592523 0.07395833333333321