0 0.0390625 0.4671875 0.078125 0.11171875
0 0.09921875 0.36015625 0.0734375 0.10234375
0 0.1390625 0.27109375 0.0734375 0.08203125
0 0.09453125 0.24140625 0.046875 0.0625
0 0.04296875 0.184375 0.046875 0.065625
0 0.271875 0.41796875 0.0953125 0.11875
0 0.253125 0.315625 0.0578125 0.07890625
0 0.35078125 0.64140625 0.1375 0.20390625
0 0.4859375 0.5671875 0.1359375 0.20703125
0 0.38359375 0.346875 0.0734375 0.0953125
0 0.421875 0.2453125 0.06640625 0.0953125
0 0.3046875 0.20078125 0.03984375 0.065625
0 0.2890625 0.1625 0.03125 0.04296875
0 0.2625 0.13671875 0.03984375 0.0625
0 0.36640625 0.14765625 0.0359375 0.04609375
0 0.39296875 0.184375 0.04453125 0.065625
0 0.446875 0.17890625 0.03984375 0.05625
0 0.4609375 0.21875 0.0421875 0.05625
0 0.51640625 0.0375 0.03359375 0.05625
0 0.51875 0.13671875 0.046875 0.0625
0 0.54453125 0.125 0.03125 0.059375
0 0.53984375 0.19375 0.04453125 0.05234375
0 0.6359375 0.16484375 0.04921875 0.07890625
0 0.603125 0.16640625 0.0375 0.06875
0 0.684375 0.22734375 0.04453125 0.065625
0 0.71328125 0.26953125 0.053125 0.0921875
0 0.65703125 0.45234375 0.121875 0.1609375
0 0.52890625 0.32734375 0.07578125 0.0953125
0 0.73125 0.159375 0.03125 0.04296875
0 0.73671875 0.2125 0.0421875 0.05625
0 0.7796875 0.1515625 0.03984375 0.07265625
0 0.8390625 0.2484375 0.046875 0.0625
0 0.8921875 0.2140625 0.05546875 0.0921875
0 0.8609375 0.159375 0.0375 0.0625
0 0.98125 0.20546875 0.03359375 0.0625