0 0.05859375 0.3359375 0.02890625 0.034375
0 0.04453125 0.3625 0.03984375 0.04140625
0 0.03828125 0.43984375 0.075 0.07265625
0 0.16484375 0.39375 0.0421875 0.0375
0 0.18515625 0.35078125 0.0390625 0.03359375
0 0.24140625 0.39921875 0.0515625 0.04296875
0 0.25546875 0.37890625 0.03515625 0.03671875
0 0.3796875 0.4125 0.05859375 0.05390625
0 0.365625 0.3875 0.0453125 0.03046875
0 0.50390625 0.3921875 0.0515625 0.04921875
0 0.2796875 0.525 0.09296875 0.08359375
0 0.33359375 0.715625 0.17265625 0.140625
0 0.5953125 0.59921875 0.1296875 0.11328125
0 0.66171875 0.48125 0.0859375 0.0671875
0 0.71328125 0.40390625 0.05859375 0.0390625