0 0.005520833333333336 0.5072511574074074 0.011041666666666672 0.1488773148148148
0 0.05778645833333333 0.5975115740740741 0.11557291666666666 0.1662037037037038
0 0.07062500000000001 0.44969328703703704 0.06281249999999998 0.0870486111111111
0 0.16041666666666668 0.5196412037037037 0.08791666666666668 0.1240393518518518
0 0.2185416666666667 0.4848958333333334 0.05479166666666666 0.08508101851851854
0 0.25234375 0.5322743055555555 0.08583333333333334 0.13168981481481482
0 0.2777604166666667 0.5068460648148149 0.053020833333333336 0.08343750000000014
0 0.19427083333333334 0.6905266203703704 0.14885416666666665 0.19702546296296292
0 0.3475520833333333 0.5143981481481481 0.07197916666666666 0.10924768518518527
0 0.35203125 0.6342013888888889 0.09625000000000003 0.13998842592592595
0 0.39598958333333334 0.5523090277777778 0.07312499999999993 0.10620370370370366
0 0.38583333333333336 0.8231770833333334 0.2085416666666667 0.28391203703703705
0 0.4969270833333333 0.7038599537037037 0.12645833333333342 0.18034722222222221
0 0.48552083333333335 0.523912037037037 0.06541666666666668 0.0949421296296297
0 0.58 0.6413020833333334 0.08260416666666667 0.11910879629629623
0 0.6043229166666666 0.5945775462962963 0.06937500000000014 0.10135416666666668
0 0.6842708333333334 0.5672569444444445 0.065625 0.09650462962962969
0 0.7244270833333333 0.6141782407407408 0.0765625 0.12034722222222224
0 0.7474479166666667 0.7011168981481483 0.11958333333333329 0.17533564814814823
0 0.7805208333333333 0.812962962962963 0.17895833333333327 0.22496527777777792
0 0.8099479166666667 0.6099594907407407 0.07749999999999986 0.11574074074074084