0 0.9703559027777778 0.34152777777777776 0.05928819444444429 0.165625
0 0.6797743055555555 0.2520659722222222 0.17760416666666679 0.19506944444444443
0 0.7768229166666666 0.5122916666666667 0.09809027777777786 0.12236111111111114
0 0.6127604166666666 0.48677083333333326 0.103125 0.111076388888889
0 0.6644097222222222 0.5936111111111112 0.06423611111111108 0.08541666666666678
0 0.7061631944444444 0.7848958333333333 0.05399305555555571 0.059687500000000074
0 0.611545138888889 0.6238541666666666 0.04861111111111107 0.05583333333333336
0 0.5927951388888889 0.6548784722222222 0.04375 0.047534722222222214
0 0.562673611111111 0.6720659722222223 0.030729166666666786 0.03645833333333322
0 0.5190104166666666 0.5604340277777778 0.06892361111111107 0.0861458333333335
0 0.5161458333333333 0.6052430555555556 0.058680555555555534 0.07399305555555546
0 0.5083333333333333 0.6515451388888889 0.041319444444444464 0.05017361111111107
0 0.47421875 0.6507638888888889 0.03368055555555553 0.04295138888888879
0 0.40399305555555554 0.6300347222222222 0.04774305555555554 0.05871527777777778
0 0.3875868055555555 0.6410590277777779 0.03663194444444447 0.04944444444444436
0 0.38151041666666663 0.5729861111111111 0.05763888888888884 0.05572916666666661
0 0.38220486111111107 0.5421701388888889 0.06267361111111107 0.07159722222222217
0 0.37473958333333335 0.3999652777777778 0.11059027777777777 0.1378819444444445
0 0.31883680555555555 0.15519097222222222 0.19027777777777785 0.21815972222222219
0 0.13220486111111113 0.35394097222222226 0.1375 0.15715277777777778
0 0.22335069444444447 0.49935763888888884 0.07743055555555556 0.090486111111111
0 0.26015625 0.5563715277777778 0.05729166666666661 0.06774305555555564
0 0.2904513888888889 0.6010590277777779 0.0515625 0.06232638888888893
0 0.2958333333333333 0.6320659722222223 0.04791666666666661 0.05270833333333336
0 0.8096354166666666 0.7210416666666667 0.03454861111111107 0.04006944444444436
0 0.8436631944444445 0.71125 0.040625 0.04704861111111107
0 0.8701388888888889 0.7183854166666667 0.040625 0.04704861111111107
0 0.9202256944444442 0.7163715277777778 0.04149305555555571 0.044166666666666646
0 0.9460069444444444 0.6864409722222222 0.053298611111111074 0.05656250000000007
0 0.9827690972222222 0.7350520833333334 0.03446180555555571 0.050416666666666644
0 0.978125 0.7563020833333333 0.03454861111111107 0.04006944444444436
0 0.9952256944444444 0.7215798611111112 0.009548611111111072 0.050416666666666644