0 0.9084375000000001 0.3453645833333333 0.1177662037037038 0.13895833333333335
0 0.8906192129629631 0.24052083333333335 0.06625000000000014 0.08770833333333332
0 0.978041087962963 0.2365625 0.043917824074074116 0.09343750000000002
0 0.8230729166666666 0.25135416666666666 0.0873495370370371 0.10916666666666668
0 0.7781481481481481 0.56453125 0.17541666666666664 0.20604166666666668
0 0.7026736111111112 0.3780729166666667 0.10063657407407404 0.13010416666666663
0 0.6466377314814815 0.2884375 0.06318287037037038 0.07979166666666666
0 0.5472800925925926 0.3354166666666667 0.07436342592592596 0.08979166666666671
0 0.5369791666666667 0.46270833333333333 0.1383912037037037 0.18197916666666672
0 0.4443113425925926 0.36364583333333333 0.06162037037037038 0.0796875
0 0.42105902777777776 0.3826041666666667 0.0870486111111111 0.10760416666666668
0 0.3182696759259259 0.40765624999999994 0.08206018518518512 0.10572916666666674
0 0.15953703703703703 0.5654166666666667 0.1282870370370371 0.15354166666666663