0 0.2978645833333333 0.4810474537037037 0.09260416666666664 0.11276620370370374
0 0.28088541666666667 0.42822337962962964 0.0578125 0.07621527777777785
0 0.3000173611111111 0.4027141203703704 0.049270833333333285 0.07054398148148149
0 0.22888888888888886 0.4626504629629629 0.06913194444444441 0.08989583333333329
0 0.22734375 0.43735532407407407 0.0578125 0.07621527777777785
0 0.19222222222222224 0.4266435185185185 0.045034722222222226 0.05315972222222225
0 0.17055555555555554 0.48194444444444445 0.07826388888888887 0.08951388888888889
0 0.16012152777777777 0.4251099537037037 0.05093749999999999 0.061562499999999964
0 0.11868055555555554 0.445462962962963 0.047569444444444456 0.05960648148148149
0 0.10418402777777777 0.4751678240740741 0.0588888888888889 0.0732870370370371
0 0.08210069444444446 0.4253761574074074 0.039270833333333324 0.055497685185185164
0 0.07196180555555556 0.4370081018518519 0.016076388888888894 0.05410879629629619
0 0.12486111111111112 0.4032638888888888 0.03986111111111108 0.0494444444444444
0 0.11015625 0.41626736111111107 0.04190972222222222 0.05276620370370377
0 0.21711805555555555 0.39722222222222225 0.05010416666666666 0.06605324074074073
0 0.23039930555555554 0.39554976851851853 0.038541666666666696 0.05081018518518512
0 0.24805555555555553 0.3861574074074074 0.03576388888888893 0.04280092592592588
0 0.26902777777777775 0.3827199074074074 0.03576388888888884 0.04280092592592588
0 0.3067361111111111 0.3588541666666667 0.03517361111111113 0.04885416666666664
0 0.34968750000000004 0.3789351851851852 0.049861111111111175 0.06449074074074072
0 0.38135416666666666 0.4084027777777777 0.06034722222222229 0.08266203703703705
0 0.3752083333333333 0.36377314814814815 0.04565972222222214 0.06702546296296293
0 0.4425694444444444 0.4229976851851852 0.08503472222222222 0.11334490740740737
0 0.4339930555555556 0.3627430555555556 0.05673611111111114 0.07914351851851845
0 0.48267361111111107 0.39405092592592594 0.07034722222222226 0.09770833333333337
0 0.5306076388888888 0.3744733796296297 0.06684027777777786 0.08501157407407404
0 0.5053645833333333 0.34021412037037035 0.056493055555555574 0.07758101851851854
0 0.5269097222222222 0.3199768518518519 0.038541666666666606 0.05081018518518512
0 0.5033680555555555 0.2966550925925926 0.038541666666666786 0.05081018518518512
0 0.45420138888888884 0.33391203703703703 0.039027777777777925 0.05393518518518512
0 0.41131944444444446 0.3552430555555556 0.04371527777777775 0.05452546296296301
0 0.3966840277777778 0.33796875000000004 0.028541666666666642 0.03576388888888893
0 0.38309027777777777 0.3325115740740741 0.029027777777777784 0.03888888888888893
0 0.61796875 0.3523206018518518 0.06347222222222229 0.08305555555555558
0 0.5908854166666667 0.29598958333333336 0.047812500000000036 0.06116898148148149
0 0.6441319444444444 0.29008101851851853 0.039270833333333324 0.05549768518518512
0 0.6841840277777778 0.3017650462962963 0.048298611111111 0.0642939814814815
0 0.7125173611111111 0.27907986111111105 0.04902777777777771 0.06898148148148149
0 0.6851041666666667 0.20526620370370371 0.03746527777777793 0.053738425925925905
0 0.8622048611111112 0.07383680555555555 0.11343749999999986 0.13836805555555556