0 0.9436863425925927 0.35 0.020162037037037096 0.045486111111111074
0 0.9309143518518518 0.3614583333333333 0.02888888888888914 0.040277777777777767
0 0.9268113425925926 0.3935763888888889 0.030613425925925954 0.04201388888888893
0 0.8905439814814816 0.3188368055555556 0.052766203703703954 0.07690972222222223
0 0.820613425925926 0.3080729166666667 0.054328703703703594 0.07708333333333339
0 0.8340335648148148 0.39461805555555557 0.028726851851851976 0.038715277777777765
0 0.810300925925926 0.39262152777777776 0.024039351851851708 0.03819444444444446
0 0.7895081018518518 0.37717013888888895 0.024039351851851798 0.03819444444444446
0 0.7834143518518518 0.3986979166666667 0.024467592592592523 0.027430555555555534
0 0.7722800925925926 0.43159722222222213 0.02075231481481481 0.03628472222222214
0 0.7541666666666667 0.36796875 0.03988425925925938 0.056944444444444464
0 0.7294849537037037 0.3900173611111111 0.02765046296296294 0.043229166666666693
0 0.7280497685185185 0.41875 0.026840277777777644 0.03541666666666661
0 0.69265625 0.4026041666666667 0.027812499999999928 0.044791666666666605
0 0.7071643518518519 0.3446180555555555 0.047106481481481485 0.06701388888888893
0 0.6637268518518519 0.2868923611111111 0.05923611111111118 0.09461805555555554
0 0.6119155092592592 0.3173611111111111 0.06031250000000003 0.0901041666666667
0 0.6446006944444445 0.38940972222222225 0.03363425925925938 0.05625
0 0.6526736111111111 0.42326388888888894 0.02543981481481481 0.036805555555555716
0 0.6209664351851851 0.4236979166666667 0.02436342592592595 0.041319444444444464
0 0.6020601851851852 0.40494791666666663 0.029537037037037094 0.046527777777777814
0 0.5741145833333333 0.44357638888888895 0.022314814814814808 0.03645833333333322
0 0.5586689814814815 0.3765625 0.03659722222222221 0.055034722222222145
0 0.5409780092592593 0.34609375 0.04791666666666679 0.07482638888888893
0 0.5252083333333333 0.38645833333333335 0.02986111111111107 0.04965277777777777
0 0.496556712962963 0.44678819444444445 0.02075231481481481 0.03628472222222214
0 0.4694849537037037 0.43975694444444446 0.02296296296296312 0.042708333333333216
0 0.4451273148148148 0.45868055555555554 0.01918981481481481 0.03611111111111107
0 0.45499999999999996 0.40815972222222224 0.03331018518518523 0.053125
0 0.3960127314814815 0.37378472222222225 0.038969907407407425 0.06302083333333339
0 0.3827951388888889 0.4416666666666667 0.025925925925925953 0.04149305555555553
0 0.36151041666666667 0.4532986111111111 0.02673611111111107 0.04930555555555571
0 0.3446296296296296 0.4150173611111111 0.0367592592592592 0.05659722222222219
0 0.2939525462962963 0.4345486111111111 0.027326388888888876 0.04010416666666679
0 0.3239699074074074 0.4057291666666667 0.026574074074074083 0.04774305555555554
0 0.25157407407407406 0.44852430555555556 0.02387731481481481 0.03663194444444447
0 0.15052662037037037 0.4473958333333334 0.03643518518518518 0.05347222222222214
0 0.059745370370370365 0.4366319444444445 0.03266203703703703 0.046875
0 0.18494212962962964 0.18255208333333334 0.2012037037037037 0.30190972222222223