0 0.2866724537037037 0.39881944444444445 0.10746527777777777 0.17035879629629624
0 0.5672395833333332 0.2899652777777778 0.05370370370370381 0.08127314814814816
0 0.6467071759259259 0.25555555555555554 0.05369212962962955 0.07971064814814817
0 0.6203935185185185 0.18520833333333334 0.04729166666666664 0.05902777777777777
0 0.7117650462962963 0.17510416666666667 0.05686342592592588 0.08614583333333332
0 0.7994444444444444 0.0886226851851852 0.047395833333333394 0.07309027777777777
0 0.8500347222222222 0.05983217592592592 0.04894675925925931 0.07162037037037036
0 0.8692361111111111 0.11965856481481482 0.036342592592592385 0.056817129629629634
0 0.9437615740740741 0.051151620370370375 0.03631944444444457 0.05369212962962964
0 0.9653124999999999 0.11162037037037038 0.04902777777777771 0.08255787037037035
0 0.9926967592592593 0.11151620370370371 0.014606481481481382 0.06655092592592594
0 0.8574594907407407 0.21805555555555559 0.04744212962962955 0.07934027777777777
0 0.8180844907407406 0.28369791666666666 0.04586805555555564 0.07768518518518519
0 0.7776388888888889 0.41583912037037035 0.059965277777777715 0.08320601851851847
0 0.7550694444444445 0.5344155092592593 0.07255787037037038 0.09644675925925927
0 0.6010648148148148 0.4247395833333334 0.05527777777777772 0.08292824074074079
0 0.9308912037037036 0.5294675925925926 0.06155092592592624 0.08642361111111115
0 0.9208275462962963 0.43705439814814817 0.05844907407407405 0.08936342592592598
0 0.9780787037037036 0.35784722222222226 0.04119212962962955 0.07896990740740736