0 0.17765625 0.8702546296296296 0.16937499999999997 0.20011574074074084
0 0.39609375 0.9371961805555555 0.20406250000000004 0.12560763888888893
0 0.50171875 0.756076388888889 0.084375 0.09849537037037023
0 0.5978125000000001 0.705931712962963 0.07281249999999986 0.08478009259259274
0 0.819375 0.7690972222222223 0.11437500000000007 0.13825231481481487
0 0.83375 0.7054976851851853 0.09375 0.10862268518518511
0 0.42328124999999994 0.701388888888889 0.0771875000000001 0.0919560185185185
0 0.32484375 0.7094618055555555 0.08937499999999998 0.10144675925925917
0 0.29734374999999996 0.6938657407407407 0.05437500000000002 0.06608796296296297
0 0.220625 0.6636863425925925 0.0421875 0.04924768518518512
0 0.184375 0.6670138888888889 0.05499999999999998 0.061863425925925954
0 0.16484375 0.6653645833333334 0.04375 0.049710648148148094
0 0.11937500000000001 0.7313368055555556 0.07625000000000001 0.08726851851851851
0 0.0978125 0.6819155092592593 0.05843750000000001 0.06435185185185191
0 0.025078124999999996 0.723582175925926 0.05015624999999999 0.07962962962962976
0 0.010234374999999995 0.6760416666666667 0.02046874999999999 0.0627893518518519