0 0.05546875 0.5484375 0.08203125 0.09765625
0 0.153125 0.52421875 0.06875 0.08359375
0 0.103125 0.34453125 0.07890625 0.09765625
0 0.04921875 0.315625 0.06484375 0.07421875
0 0.01953125 0.35 0.0375 0.07890625
0 0.2234375 0.3328125 0.07421875 0.10078125
0 0.27578125 0.4984375 0.06796875 0.08046875
0 0.3328125 0.37890625 0.06640625 0.0828125
0 0.35390625 0.32734375 0.0609375 0.0734375
0 0.40546875 0.32109375 0.0515625 0.06171875
0 0.44140625 0.35703125 0.05625 0.06484375
0 0.42265625 0.528125 0.059375 0.06875
0 0.50390625 0.4921875 0.0578125 0.0765625
0 0.49921875 0.3234375 0.0515625 0.07734375
0 0.54453125 0.3609375 0.046875 0.0625
0 0.603125 0.4796875 0.05625 0.06953125
0 0.6734375 0.46328125 0.05703125 0.0796875
0 0.58984375 0.31484375 0.0421875 0.0640625
0 0.65234375 0.34140625 0.04609375 0.059375
0 0.70625 0.3234375 0.04375 0.06640625
0 0.74921875 0.44765625 0.05703125 0.0703125
0 0.74765625 0.35234375 0.0421875 0.04296875
0 0.8140625 0.446875 0.04765625 0.05859375
0 0.8421875 0.334375 0.0390625 0.05234375
0 0.96015625 0.3640625 0.05234375 0.06875