0 0.5325578703703704 0.2124189814814815 0.16693287037037036 0.17721064814814816
0 0.5321990740740741 0.3461574074074074 0.12468749999999992 0.13513888888888886
0 0.5007233796296295 0.4206539351851852 0.08136574074074084 0.08384259259259252
0 0.4794675925925926 0.45585069444444437 0.08043981481481488 0.09135416666666671
0 0.573761574074074 0.49381365740740735 0.06178240740740737 0.06827546296296312
0 0.6050752314814816 0.45654513888888887 0.07091435185185198 0.07371527777777764
0 0.6034953703703704 0.48603587962962963 0.06002314814814813 0.06202546296296294
0 0.6836284722222222 0.4169849537037037 0.1258101851851851 0.13372685185185187
0 0.6759953703703704 0.4519733796296297 0.07579861111111104 0.08026620370370381
0 0.7190798611111111 0.6347395833333334 0.03799768518518505 0.043182870370370455
0 0.7810937499999999 0.6498321759259259 0.04356481481481502 0.04675925925925917
0 0.7326099537037037 0.5531944444444444 0.04712962962962965 0.04862268518518516
0 0.8003356481481483 0.5642766203703704 0.06402777777777766 0.06545138888888893
0 0.835758101851852 0.5578067129629629 0.06202546296296276 0.06373842592592585
0 0.8655671296296296 0.5583969907407408 0.0871296296296297 0.09351851851851851
0 0.9179166666666667 0.5877604166666667 0.06002314814814795 0.06202546296296294
0 0.9339525462962964 0.5718229166666667 0.06515046296296276 0.06403935185185183
0 0.9428993055555555 0.6198090277777778 0.06471064814814795 0.06247685185185183
0 0.9771093750000001 0.5332986111111111 0.045781249999999926 0.102986111111111
0 0.9951244212962962 0.6018981481481481 0.009751157407407618 0.07059027777777782
0 0.9864467592592593 0.6088657407407407 0.02710648148148138 0.06202546296296294
0 0.8760937500000001 0.2690625 0.22050925925925924 0.23253472222222218
0 0.31752314814814814 0.4151736111111111 0.06266203703703699 0.07140046296296294
0 0.2905439814814815 0.4057349537037037 0.07467592592592594 0.08167824074074073
0 0.20265046296296294 0.28250000000000003 0.11199074074074071 0.1278356481481481
0 0.16111689814814814 0.25645833333333334 0.11936342592592593 0.12702546296296297
0 0.142818287037037 0.30486111111111114 0.08312499999999998 0.09009259259259261