0 0.7771354166666666 0.4172974537037037 0.1357291666666665 0.17297453703703702
0 0.7897916666666667 0.5185416666666667 0.06781249999999997 0.08570601851851851
0 0.8120833333333334 0.5451157407407408 0.0609375 0.07572916666666671
0 0.8770312499999999 0.5256655092592594 0.05406249999999986 0.06575231481481474
0 0.7397395833333333 0.5707118055555556 0.047812500000000036 0.06515046296296294
0 0.7123437499999999 0.5159085648148147 0.0765625 0.10052083333333321
0 0.6349479166666667 0.5823553240740741 0.05645833333333332 0.07840277777777782
0 0.60078125 0.5941840277777778 0.06885416666666658 0.10133101851851851
0 0.43005208333333333 0.5819039351851851 0.08718749999999993 0.12017361111111118
0 0.4202604166666667 0.635630787037037 0.04791666666666674 0.06671296296296295
0 0.35723958333333333 0.637818287037037 0.059375 0.07557870370370381
0 0.31864583333333335 0.5879745370370371 0.08395833333333336 0.11831018518518518
0 0.27359374999999997 0.658292824074074 0.049687500000000016 0.06998842592592602
0 0.19604166666666667 0.5058564814814815 0.15270833333333336 0.19479166666666678
0 0.09984375000000001 0.7728298611111111 0.06177083333333333 0.08822916666666672
0 0.02611979166666667 0.6519907407407407 0.05223958333333334 0.123298611111111