0 0.045677083333333326 0.7573148148148148 0.08537037037037036 0.11777777777777772
0 0.1295949074074074 0.734375 0.08461805555555553 0.1252199074074074
0 0.12631944444444443 0.5896006944444444 0.09011574074074077 0.13414351851851852
0 0.23003472222222224 0.6770370370370371 0.08898148148148144 0.1232060185185185
0 0.23890625000000001 0.5400520833333333 0.09496527777777777 0.1368171296296296
0 0.3317939814814815 0.6216724537037036 0.0858564814814815 0.12246527777777771
0 0.33783564814814815 0.48993055555555554 0.09890046296296298 0.14537037037037023
0 0.4294791666666667 0.5908969907407406 0.08100694444444442 0.11979166666666678
0 0.45120949074074074 0.4180960648148148 0.08100694444444442 0.1197916666666666
0 0.5170891203703704 0.5617476851851851 0.08337962962962955 0.1279745370370371
0 0.60734375 0.5144444444444445 0.07346064814814816 0.10581018518518519
0 0.5478761574074074 0.3677488425925926 0.08537037037037046 0.11777777777777772
0 0.6769733796296297 0.4308796296296296 0.0786342592592593 0.1116087962962963
0 0.6569328703703704 0.32284722222222223 0.08946759259259256 0.12789351851851852
0 0.7353472222222223 0.4338078703703704 0.07895833333333328 0.11473379629629629
0 0.7457870370370371 0.27435185185185185 0.08946759259259274 0.12789351851851852
0 0.8168055555555556 0.33905671296296297 0.07739583333333329 0.114363425925926
0 0.858130787037037 0.22714699074074077 0.08650462962962954 0.1287152777777778
0 0.8883854166666666 0.3175173611111111 0.08289351851851876 0.1232870370370371