0 0.18671875 0.22734375 0.09140625 0.1671875
0 0.19140625 0.403125 0.08359375 0.14296875
0 0.17578125 0.56015625 0.13671875 0.27421875
0 0.44765625 0.3828125 0.071875 0.165625
0 0.440625 0.30625 0.05078125 0.09453125
0 0.3375 0.26015625 0.0375 0.0609375
0 0.40078125 0.24375 0.03359375 0.07109375
0 0.490625 0.07890625 0.03359375 0.06796875
0 0.621875 0.2515625 0.0375 0.1
0 0.5109375 0.24765625 0.0390625 0.08203125
0 0.578125 0.346875 0.05703125 0.1078125
0 0.81953125 0.390625 0.09453125 0.19609375
0 0.8765625 0.284375 0.05625 0.134375
0 0.77421875 0.234375 0.04140625 0.090625