0 0.20057870370370373 0.33461805555555557 0.05140046296296299 0.07100694444444447
0 0.09425925925925925 0.6768923611111111 0.1498726851851852 0.20621527777777776
0 0.09105324074074074 0.5341145833333334 0.09685185185185186 0.14246527777777765
0 0.2750810185185185 0.6274305555555555 0.10910879629629626 0.13559027777777785
0 0.4804803240740741 0.8069618055555555 0.14656249999999993 0.18902777777777766
0 0.6291956018518519 0.69765625 0.115486111111111 0.1608680555555555
0 0.7324131944444445 0.7071180555555555 0.10381944444444446 0.13163194444444457
0 0.7670196759259259 0.6365104166666666 0.07748842592592595 0.09677083333333343
0 0.8500289351851851 0.5914756944444445 0.054826388888889 0.07312499999999993
0 0.8255439814814816 0.5717708333333333 0.05109953703703703 0.06944444444444446
0 0.7808159722222222 0.51453125 0.04556712962962965 0.05638888888888882
0 0.6956944444444444 0.4824305555555556 0.04712962962962948 0.05666666666666664
0 0.6491550925925926 0.45557291666666666 0.044062500000000074 0.04857638888888882
0 0.5961805555555555 0.4453472222222222 0.03690972222222229 0.04277777777777771
0 0.6278530092592594 0.55359375 0.05668981481481481 0.07496527777777776
0 0.5846238425925926 0.509548611111111 0.04646990740740744 0.061076388888889
0 0.5554513888888889 0.4890104166666666 0.048692129629629655 0.056944444444444464
0 0.5583564814814814 0.41519097222222223 0.03438657407407408 0.04534722222222225
0 0.5063310185185186 0.4503819444444444 0.03655092592592588 0.04875000000000007
0 0.48203703703703704 0.39192708333333337 0.0372106481481481 0.044340277777777805
0 0.4534780092592593 0.43532986111111105 0.038715277777777855 0.052152777777777715
0 0.42039930555555555 0.4140972222222222 0.033483796296296296 0.04065972222222225
0 0.4475462962962963 0.36963541666666666 0.03252314814814809 0.04350694444444443
0 0.36334490740740744 0.37890625 0.03126157407407408 0.044791666666666605
0 0.30183449074074076 0.3752430555555556 0.040879629629629655 0.05555555555555554
0 0.4329108796296296 0.5924652777777778 0.09041666666666667 0.12472222222222236