0 0.8243634259259259 0.11131365740740737 0.15219907407407404 0.18645833333333334
0 0.8529224537037038 0.15694444444444441 0.08512731481481453 0.10023148148148149
0 0.7620659722222223 0.20694444444444443 0.08078703703703702 0.09461805555555554
0 0.7318576388888889 0.18993055555555552 0.08246527777777786 0.1066550925925926
0 0.7015625 0.16212384259259255 0.11857638888888893 0.13466435185185183
0 0.650173611111111 0.1989872685185185 0.07806712962962976 0.09525462962962963
0 0.5967592592592592 0.2241898148148148 0.09577546296296298 0.11348379629629628
0 0.4803819444444445 0.3531539351851852 0.07725694444444446 0.09212962962962967
0 0.21354166666666669 0.4560185185185185 0.08877314814814811 0.11429398148148148
0 0.25121527777777775 0.27175925925925926 0.09103009259259257 0.10630787037037041
0 0.2234375 0.1869502314814815 0.1213541666666667 0.13981481481481478
0 0.22777777777777777 0.11520543981481482 0.2533564814814815 0.23041087962962964
0 0.15520833333333334 0.29155092592592596 0.11122685185185181 0.13969907407407406
0 0.11906828703703702 0.30298032407407405 0.09074074074074073 0.11631944444444446
0 0.059895833333333336 0.300318287037037 0.09577546296296295 0.11348379629629628
0 0.028718171296296297 0.3184606481481481 0.057436342592592594 0.08964120370370372
0 0.05276331018518519 0.2524016203703704 0.10552662037037037 0.15046296296296297
0 0.03758680555555556 0.26817129629629627 0.07517361111111112 0.18709490740740745