0 0.1290625 0.5146412037037036 0.053576388888888896 0.07312499999999993
0 0.15404513888888888 0.37197916666666664 0.0937847222222222 0.1133217592592592
0 0.25138888888888894 0.39965277777777775 0.08993055555555554 0.11700231481481485
0 0.2182638888888889 0.5007407407407407 0.05569444444444445 0.07658564814814817
0 0.1992361111111111 0.5289641203703704 0.05135416666666668 0.06062499999999993
0 0.28465277777777775 0.569855324074074 0.03729166666666668 0.05760416666666668
0 0.32116319444444447 0.5596643518518519 0.04878472222222223 0.0630787037037038
0 0.3512326388888889 0.5428298611111112 0.05107638888888886 0.05906249999999993
0 0.3451388888888889 0.48741898148148144 0.05670138888888889 0.0737962962962964
0 0.3838020833333333 0.4724305555555556 0.05184027777777782 0.08026620370370363
0 0.3328298611111111 0.38859375 0.06885416666666666 0.0914351851851852
0 0.4228298611111111 0.45526620370370374 0.08083333333333335 0.11655092592592595
0 0.49154513888888884 0.5121064814814815 0.05697916666666671 0.07535879629629641
0 0.3982465277777778 0.587494212962963 0.04197916666666668 0.05861111111111104
0 0.45925347222222224 0.6178819444444444 0.039861111111111215 0.05515046296296298
0 0.49265625 0.6197974537037038 0.03802083333333339 0.05325231481481474
0 0.5146180555555555 0.5869444444444445 0.04281249999999996 0.06329861111111104
0 0.5861979166666667 0.6218576388888889 0.04152777777777779 0.06452546296296298
0 0.6353125000000001 0.6572048611111111 0.0391319444444445 0.05950231481481474
0 0.648125 0.619380787037037 0.0469444444444445 0.06118055555555557
0 0.64796875 0.5720081018518519 0.05218749999999996 0.06531249999999993
0 0.6795659722222223 0.563767361111111 0.04659722222222218 0.07613425925925928
0 0.7114930555555555 0.5954224537037037 0.04989583333333325 0.06932870370370381
0 0.6841145833333334 0.6316203703703703 0.0453819444444445 0.060844907407407334
0 0.6904166666666667 0.6712962962962963 0.034791666666666644 0.04354166666666668
0 0.7671527777777778 0.714079861111111 0.04510416666666668 0.05928240740740733
0 0.775 0.6398726851851851 0.04906249999999997 0.06464120370370381
0 0.7417013888888888 0.5455555555555556 0.06923611111111114 0.10203703703703688
0 0.8114583333333334 0.5913483796296296 0.06277777777777764 0.08261574074074077
0 0.8122743055555557 0.7185127314814814 0.04354166666666677 0.058946759259259275
0 0.8697222222222223 0.6992939814814815 0.053576388888888715 0.07312499999999993
0 0.915798611111111 0.7302314814814814 0.03802083333333357 0.05325231481481474
0 0.9152083333333334 0.6677372685185186 0.05614583333333343 0.0706712962962964
0 0.8739930555555556 0.5627025462962962 0.089479166666667 0.1229166666666666
0 0.994375 0.6166898148148148 0.01125000000000007 0.11878472222222207
0 0.9744444444444446 0.6797106481481482 0.04309027777777778 0.06486111111111122
0 0.9930729166666665 0.7586805555555556 0.013854166666666856 0.043206018518518616
0 0.9606076388888889 0.7413599537037037 0.03517361111111121 0.05414351851851862