0 0.6675173611111112 0.86796875 0.385613425925926 0.2640625
0 0.6961863425925926 0.8076041666666667 0.07591435185185187 0.0872916666666665
0 0.6489525462962963 0.7766666666666666 0.08256944444444443 0.0963541666666666
0 0.5352025462962963 0.6788020833333334 0.08570601851851851 0.10302083333333326
0 0.5073784722222221 0.7230729166666666 0.05947916666666657 0.06833333333333336
0 0.46798611111111105 0.6775520833333333 0.05635416666666657 0.06750000000000007
0 0.46689236111111115 0.6322395833333333 0.08374999999999985 0.10104166666666678
0 0.43206597222222226 0.65796875 0.06144675925925931 0.07614583333333336
0 0.43456018518518513 0.6844791666666666 0.05009259259259267 0.05999999999999996
0 0.3933912037037037 0.6493229166666666 0.04539351851851858 0.05291666666666668
0 0.39793402777777775 0.6213541666666667 0.0708333333333333 0.08447916666666658
0 0.3836747685185185 0.7309375 0.04422453703703706 0.054062500000000034
0 0.34617476851851847 0.7209375 0.051261574074074015 0.058854166666666784
0 0.3284490740740741 0.6886979166666667 0.04813657407407401 0.05802083333333332
0 0.33131365740740737 0.6144270833333334 0.04813657407407401 0.05802083333333332
0 0.28667245370370364 0.6658854166666667 0.04422453703703706 0.054062500000000034
0 0.3172858796296296 0.5906770833333332 0.053622685185185225 0.06822916666666679
0 0.34942708333333333 0.5358854166666667 0.07357638888888891 0.08958333333333321
0 0.29207175925925927 0.48223958333333333 0.07396990740740747 0.09114583333333322
0 0.2577835648148148 0.6481770833333333 0.04813657407407401 0.05802083333333332
0 0.2449305555555555 0.6230729166666666 0.047361111111111145 0.06072916666666668
0 0.21677662037037035 0.6322395833333333 0.03991898148148154 0.04854166666666657
0 0.21194444444444444 0.6017708333333334 0.05009259259259258 0.05999999999999996
0 0.19158564814814813 0.6230208333333334 0.04383101851851854 0.05249999999999986
0 0.22163194444444442 0.5368229166666667 0.041875000000000016 0.05052083333333339
0 0.17894097222222222 0.59046875 0.0422685185185185 0.05208333333333322
0 0.1913946759259259 0.5079166666666667 0.06379629629629627 0.0796875
0 0.23884837962962963 0.41218750000000004 0.11622685185185182 0.13739583333333324
0 0.17036458333333332 0.465625 0.06809027777777779 0.07937499999999993
0 0.11003472222222221 0.5495833333333333 0.051655092592592586 0.060416666666666785
0 0.1211284722222222 0.4625 0.05517361111111113 0.06281250000000008
0 0.09368634259259259 0.39932291666666664 0.07865740740740738 0.09239583333333332
0 0.13359375 0.2607291666666667 0.127974537037037 0.15510416666666665
0 0.02967881944444444 0.2930729166666667 0.05935763888888888 0.12510416666666666
0 0.04299768518518518 0.36203124999999997 0.08599537037037036 0.10541666666666671
0 0.012306134259259255 0.3742708333333334 0.02461226851851851 0.09593749999999997
0 0.047378472222222204 0.3978125 0.06927083333333334 0.08406250000000001