0 0.06406828703703704 0.3835243055555556 0.07285879629629628 0.096875
0 0.15542245370370372 0.39730902777777777 0.06959490740740741 0.09170138888888886
0 0.2300925925925926 0.42302083333333335 0.06150462962962964 0.08111111111111105
0 0.18755208333333334 0.46774305555555556 0.038981481481481506 0.05583333333333336
0 0.2581828703703704 0.4723090277777778 0.04224537037037042 0.0610069444444445
0 0.3068576388888889 0.4305208333333333 0.06660879629629628 0.09590277777777775
0 0.3306539351851852 0.4672569444444445 0.04385416666666666 0.06281250000000008
0 0.3931539351851852 0.4575347222222222 0.06646990740740746 0.09121527777777771
0 0.4502199074074074 0.49998263888888894 0.04707175925925924 0.06642361111111121
0 0.46668981481481475 0.5215277777777778 0.03737268518518526 0.054027777777777786
0 0.44814236111111116 0.5438541666666666 0.030798611111111106 0.0421180555555555
0 0.459994212962963 0.5637847222222222 0.02762731481481495 0.04006944444444436
0 0.48283564814814817 0.5540104166666667 0.02923611111111111 0.041874999999999926
0 0.42417245370370366 0.56546875 0.026018518518518618 0.038263888888888785
0 0.4166956018518519 0.6078472222222222 0.02436342592592595 0.034895833333333216
0 0.3627430555555556 0.6177951388888889 0.025972222222222285 0.036701388888888783
0 0.39162037037037034 0.5355381944444444 0.029189814814814773 0.04031249999999993
0 0.3744849537037037 0.5102083333333333 0.03070601851851853 0.0389930555555555
0 0.34759837962962964 0.5252777777777778 0.03396990740740744 0.044166666666666646
0 0.31425925925925924 0.5219097222222222 0.033923611111111106 0.042604166666666644
0 0.30941550925925926 0.5016666666666667 0.0404050925925926 0.05138888888888893
0 0.7497280092592593 0.4961631944444444 0.058379629629629545 0.08062500000000003
0 0.6053703703703703 0.5652777777777779 0.029189814814814773 0.04031249999999993
0 0.6078935185185186 0.5851041666666666 0.019537037037036954 0.029479166666666678