0 0.64765625 0.35703125 0.03125 0.0515625
0 0.021875 0.7640625 0.0390625 0.078125
0 0.0734375 0.77109375 0.05703125 0.08671875
0 0.125 0.71953125 0.04921875 0.065625
0 0.17734375 0.73984375 0.05 0.06953125
0 0.2265625 0.75703125 0.05546875 0.06875
0 0.14453125 0.82421875 0.05078125 0.09296875
0 0.18671875 0.81796875 0.075 0.09921875
0 0.22890625 0.85078125 0.08515625 0.1234375
0 0.28984375 0.7921875 0.0625 0.1
0 0.22734375 0.703125 0.05546875 0.08203125
0 0.37109375 0.7875 0.07578125 0.12421875
0 0.3921875 0.696875 0.05703125 0.08359375
0 0.4609375 0.66875 0.04140625 0.0765625
0 0.45390625 0.8359375 0.08046875 0.115625
0 0.5140625 0.80859375 0.06484375 0.10234375
0 0.50234375 0.7265625 0.05390625 0.0765625
0 0.58828125 0.69453125 0.0421875 0.0671875
0 0.6828125 0.78125 0.07109375 0.09375
0 0.71015625 0.725 0.0734375 0.10078125
0 0.73828125 0.67890625 0.03984375 0.0609375
0 0.76484375 0.6484375 0.0546875 0.075
0 0.746875 0.921875 0.1171875 0.153125
0 0.85546875 0.9296875 0.12890625 0.1390625
0 0.56796875 0.9421875 0.13515625 0.10859375
0 0.43515625 0.95 0.1234375 0.09140625
0 0.88984375 0.78515625 0.08671875 0.11796875
0 0.84453125 0.5734375 0.04609375 0.0625