0 0.9974999999999999 0.9115972222222222 0.005000000000000071 0.08652777777777772
0 0.9899710648148148 0.8392650462962962 0.020057870370370524 0.058946759259259095
0 0.9589496527777778 0.9724797453703704 0.0821006944444445 0.055040509259259095
0 0.9149363425925927 0.8700752314814814 0.06502314814814839 0.08518518518518547
0 0.851099537037037 0.804085648148148 0.06924768518518505 0.09366898148148133
0 0.817366898148148 0.8604803240740739 0.07972222222222233 0.10349537037037067
0 0.7794328703703703 0.7955092592592592 0.06656249999999986 0.09612268518518512
0 0.7248206018518518 0.8004456018518518 0.07369212962962948 0.10371527777777781
0 0.6952893518518518 0.7736458333333334 0.057210648148148205 0.08350694444444429
0 0.6256597222222222 0.7526273148148148 0.07168981481481485 0.10025462962962965
0 0.5950868055555556 0.7937905092592592 0.09127314814814813 0.13173611111111114
0 0.5605902777777778 0.5863657407407408 0.04297453703703713 0.05771990740740733
0 0.5265625 0.7267939814814814 0.08126157407407408 0.11443287037037031
0 0.4450868055555556 0.9399392361111112 0.14701388888888883 0.12012152777777771
0 0.38951967592592596 0.7435706018518518 0.09974537037037035 0.13810185185185198
0 0.39681134259259254 0.6769502314814815 0.07415509259259263 0.09623842592592595
0 0.42868055555555556 0.6557638888888888 0.0634606481481482 0.08484953703703706
0 0.3453819444444444 0.6560532407407408 0.07059027777777782 0.09244212962962947
0 0.35194444444444445 0.616550925925926 0.0630208333333333 0.08172453703703689
0 0.20278935185185185 0.6064814814814815 0.06656250000000001 0.09612268518518512
0 0.1571701388888889 0.6860821759259259 0.1093402777777778 0.1416782407407407