0 0.8933449074074075 0.16944444444444445 0.21331018518518513 0.3388888888888889
0 0.24033564814814815 0.6192708333333334 0.13859953703703703 0.18576388888888892
0 0.3693576388888889 0.4448784722222222 0.1291087962962963 0.18055555555555552
0 0.47821180555555554 0.32144097222222223 0.09826388888888893 0.14270833333333338
0 0.5404803240740741 0.21623263888888888 0.08043981481481488 0.12170138888888893
0 0.6151331018518518 0.12638888888888888 0.0578125 0.09652777777777778
0 0.6730324074074074 0.05208333333333335 0.05920138888888893 0.0921875
0 0.7357349537037037 0.002170138888888895 0.056076388888888926 0.00434027777777779
0 0.6155092592592593 0.010763888888888896 0.039699074074074046 0.02152777777777779
0 0.529542824074074 0.005685763888888895 0.03761574074074083 0.01137152777777779
0 0.5081018518518519 0.08637152777777779 0.04473379629629619 0.078125
0 0.4859085648148148 0.025173611111111115 0.03952546296296298 0.05034722222222223
0 0.4421296296296296 0.008550347222222227 0.04265046296296297 0.017100694444444453
0 0.3945891203703704 0.04149305555555556 0.04282407407407405 0.06840277777777778
0 0.366869212962963 0.01979166666666667 0.029629629629629582 0.03958333333333334
0 0.39701967592592596 0.10711805555555556 0.039699074074074046 0.06770833333333334
0 0.4691840277777778 0.12022569444444445 0.052430555555555536 0.07673611111111112
0 0.397337962962963 0.20078125 0.05920138888888893 0.0921875
0 0.3473090277777778 0.14730902777777777 0.04473379629629628 0.078125
0 0.30538194444444444 0.09991319444444444 0.0390625 0.05052083333333335
0 0.3216435185185185 0.04982638888888889 0.034664351851851904 0.057291666666666664
0 0.2431134259259259 0.07751736111111111 0.034490740740740745 0.05260416666666665
0 0.23313078703703702 0.12699652777777776 0.032754629629629585 0.04756944444444446
0 0.2509548611111111 0.14036458333333332 0.03761574074074074 0.053298611111111116
0 0.18428819444444447 0.12682291666666667 0.034490740740740745 0.05260416666666665
0 0.17421875 0.15269097222222222 0.04091435185185186 0.058680555555555534
0 0.19256365740740738 0.2013888888888889 0.04409722222222223 0.0609375
0 0.27025462962962965 0.1935763888888889 0.055613425925925955 0.07899305555555558
0 0.31915509259259256 0.25911458333333337 0.06423611111111108 0.10260416666666669
0 0.2150173611111111 0.36102430555555554 0.07685185185185181 0.10850694444444446
0 0.20425347222222223 0.2618055555555555 0.06238425925925926 0.09444444444444447
0 0.09675925925925927 0.48576388888888894 0.09780092592592593 0.1302083333333332
0 0.039438657407407415 0.40555555555555556 0.05202546296296297 0.10763888888888892
0 0.035561342592592596 0.3221354166666667 0.04913194444444444 0.07135416666666661
0 0.01961805555555556 0.23194444444444445 0.023842592592592592 0.05798611111111107
0 0.11108217592592592 0.3407986111111111 0.054166666666666655 0.0817708333333333
0 0.12106481481481482 0.24878472222222223 0.05086805555555558 0.07638888888888892
0 0.11608796296296298 0.19947916666666668 0.039525462962962964 0.06302083333333335
0 0.12346643518518519 0.16475694444444444 0.03778935185185186 0.05798611111111111
0 0.06122685185185186 0.20694444444444446 0.040914351851851855 0.058680555555555534
0 0.051041666666666666 0.2509548611111111 0.05873842592592593 0.0796875