0 0.10017939814814814 0.3603877314814815 0.13746527777777778 0.1634837962962962
0 0.7687731481481481 0.7795717592592593 0.061585648148148306 0.07621527777777767
0 0.7047627314814815 0.7555266203703704 0.05341435185185191 0.07262731481481488
0 0.6857349537037036 0.7158275462962963 0.09027777777777786 0.11157407407407405
0 0.6176446759259259 0.752806712962963 0.039016203703703664 0.04832175925925917
0 0.5859085648148149 0.7396122685185185 0.04093750000000007 0.050289351851851904
0 0.6031076388888889 0.6430844907407407 0.10792824074074066 0.13084490740740745
0 0.5378703703703704 0.7072916666666667 0.06158564814814813 0.07621527777777785
0 0.4662384259259259 0.6912037037037037 0.04093750000000007 0.050289351851851904
0 0.48810763888888886 0.635619212962963 0.07190972222222225 0.08917824074074084
0 0.45965856481481476 0.5504340277777777 0.12245370370370376 0.14930555555555552
0 0.43262152777777774 0.6609664351851852 0.031331018518518404 0.040451388888888926
0 0.3957986111111111 0.6663194444444445 0.0344560185185185 0.04126157407407405
0 0.387974537037037 0.6535300925925925 0.03396990740740735 0.04554398148148149
0 0.36082175925925924 0.656423611111111 0.02436342592592595 0.03570601851851869
0 0.3417766203703704 0.6564525462962962 0.026412037037037005 0.03182870370370363
0 0.3171759259259259 0.6302083333333333 0.034942129629629635 0.036979166666666605
0 0.27984375 0.6089409722222222 0.041423611111111126 0.04600694444444446
0 0.2919270833333333 0.5599247685185185 0.06842592592592585 0.08680555555555554
0 0.28532986111111114 0.4588831018518519 0.11597222222222223 0.1402777777777778
0 0.09025462962962963 0.4612847222222222 0.05774305555555555 0.07228009259259256
0 0.14886574074074072 0.5484953703703704 0.044780092592592614 0.05422453703703702
0 0.16888310185185185 0.5586516203703704 0.030127314814814808 0.04160879629629619
0 0.22025462962962963 0.562037037037037 0.04214120370370367 0.049131944444444464
0 0.19232638888888887 0.6259837962962963 0.02136574074074078 0.029050925925925952
0 0.1587847222222222 0.609837962962963 0.02761574074074078 0.03067129629629619
0 0.12535879629629626 0.5895833333333333 0.02917824074074078 0.031076388888888928
0 0.10085069444444443 0.5377025462962963 0.030254629629629638 0.03576388888888893
0 0.07120370370370369 0.5118055555555555 0.03217592592592593 0.03773148148148149
0 0.04766203703703703 0.5206018518518519 0.02905092592592593 0.03692129629629619
0 0.023368055555555545 0.5002314814814814 0.032175925925925906 0.03773148148148149
0 0.00713252314814814 0.4839699074074074 0.01426504629629628 0.03732638888888893
0 0.018622685185185173 0.5569444444444445 0.022569444444444465 0.027893518518518512
0 0.04225115740740739 0.5730034722222221 0.027615740740740736 0.03067129629629619
0 0.07998263888888887 0.5745081018518519 0.027615740740740736 0.03067129629629619