0 0.24730902777777777 0.632638888888889 0.02543981481481481 0.03518518518518512
0 0.8548611111111111 0.7257233796296296 0.027326388888889143 0.03836805555555571
0 0.6556539351851851 0.6728587962962964 0.016655092592592523 0.025520833333333215
0 0.9132581018518519 0.3365451388888889 0.1281134259259261 0.16973379629629629
0 0.6882465277777777 0.37369791666666663 0.092326388888889 0.12482638888888883
0 0.7138078703703703 0.49777199074074074 0.055891203703703596 0.07366898148148149
0 0.7091898148148148 0.5423032407407408 0.047106481481481485 0.06400462962962958
0 0.6180381944444445 0.491087962962963 0.0485069444444445 0.0625
0 0.6044849537037037 0.3949074074074074 0.07814814814814816 0.09317129629629628
0 0.5513599537037037 0.49881365740740746 0.03487268518518523 0.05109953703703703
0 0.48259837962962965 0.43587962962962956 0.05712962962962962 0.0706018518518519
0 0.45869212962962963 0.47734375 0.0461342592592592 0.054629629629629584
0 0.41640046296296296 0.4616608796296296 0.054166666666666606 0.07204861111111108
0 0.33721064814814816 0.09091435185185184 0.15682870370370372 0.16145833333333331
0 0.2903761574074074 0.24759837962962963 0.11738425925925924 0.14131944444444447
0 0.23964120370370373 0.38139467592592596 0.06688657407407402 0.08964120370370363
0 0.050960648148148144 0.3555844907407407 0.052118055555555556 0.06730324074074075
0 0.04475694444444444 0.38515625 0.03891203703703704 0.0450231481481481