0 0.05703125 0.4703125 0.09296875 0.1359375
0 0.0703125 0.6640625 0.13984375 0.3203125
0 0.325 0.4546875 0.0796875 0.13984375
0 0.284375 0.37109375 0.0515625 0.0796875
0 0.26640625 0.33125 0.053125 0.0796875
0 0.21953125 0.29921875 0.03515625 0.046875
0 0.10078125 0.365625 0.0546875 0.09140625
0 0.12734375 0.3578125 0.0453125 0.0625
0 0.13828125 0.3265625 0.03359375 0.04921875
0 0.128125 0.29453125 0.0296875 0.0421875
0 0.0125 0.3375 0.025 0.0578125
0 0.3109375 0.28984375 0.028125 0.05078125
0 0.35859375 0.228125 0.05703125 0.09140625
0 0.44921875 0.33984375 0.03828125 0.04921875
0 0.49296875 0.28203125 0.0265625 0.04453125
0 0.5171875 0.3140625 0.04140625 0.0640625
0 0.5453125 0.271875 0.0296875 0.0421875
0 0.54765625 0.31875 0.03828125 0.05546875
0 0.6125 0.334375 0.0546875 0.08203125
0 0.60859375 0.278125 0.0265625 0.0359375
0 0.66796875 0.29765625 0.0296875 0.0578125
0 0.70703125 0.31328125 0.03984375 0.0796875
0 0.74765625 0.3578125 0.05859375 0.10703125
0 0.73515625 0.2875 0.0296875 0.046875
0 0.7625 0.27421875 0.021875 0.0375
0 0.7953125 0.31796875 0.03671875 0.07578125
0 0.58828125 0.5375 0.18359375 0.26640625
0 0.88671875 0.34921875 0.0703125 0.12421875
0 0.87734375 0.27578125 0.03203125 0.03984375
0 0.9203125 0.2640625 0.0296875 0.04921875
0 0.97734375 0.31640625 0.04140625 0.08203125