0 0.23671875 0.41796875 0.02890625 0.046875
0 0.0953125 0.54296875 0.0671875 0.08359375
0 0.13046875 0.6875 0.1234375 0.18828125
0 0.18046875 0.55859375 0.06875 0.09296875
0 0.23671875 0.51328125 0.0484375 0.0703125
0 0.31015625 0.5828125 0.0671875 0.08515625
0 0.3546875 0.68671875 0.11484375 0.1703125
0 0.3109375 0.53203125 0.0515625 0.06015625
0 0.46484375 0.55859375 0.0703125 0.08984375
0 0.4359375 0.51484375 0.0421875 0.053125
0 0.93828125 0.534375 0.06875 0.075
0 0.97421875 0.56015625 0.04375 0.0765625