0 0.03960069444444443 0.3710706018518518 0.0735763888888889 0.08755787037037041
0 0.06172453703703703 0.4571412037037037 0.07083333333333333 0.08251157407407402
0 0.14691550925925925 0.456869212962963 0.07357638888888891 0.08755787037037024
0 0.20271412037037034 0.5043923611111112 0.07396990740740739 0.08912037037037024
0 0.27302662037037034 0.5205381944444445 0.07475694444444443 0.09224537037037042
0 0.33099537037037036 0.5561631944444445 0.0798379629629629 0.09488425925925928
0 0.38634259259259257 0.6382928240740741 0.06849537037037035 0.08491898148148139
0 0.4443113425925926 0.6739178240740741 0.06535879629629626 0.07831018518518515
0 0.2608622685185185 0.8838541666666666 0.168287037037037 0.20057870370370381
0 0.3452256944444444 0.798269675925926 0.07865740740740738 0.09019675925925927
0 0.5099131944444444 0.7022048611111111 0.06848379629629626 0.07902777777777778
0 0.5852951388888888 0.7244733796296297 0.0798379629629629 0.09488425925925928
0 0.42451388888888886 0.919988425925926 0.14990740740740732 0.16002314814814794
0 0.6488831018518518 0.7870081018518519 0.08297453703703699 0.1014930555555555
0 0.6870659722222222 0.8519733796296297 0.06966435185185187 0.08371527777777779