0 0.955720486111111 0.9353906249999999 0.088559027777778 0.12921875000000008
0 0.8733449074074073 0.9579861111111111 0.07280092592592595 0.08402777777777785
0 0.8111747685185187 0.9097048611111112 0.056898148148148045 0.10458333333333343
0 0.7136574074074075 0.8987962962962964 0.07905092592592596 0.14872685185185192
0 0.6703009259259259 0.8334027777777777 0.047534722222222214 0.10329861111111134
0 0.6047106481481481 0.8181597222222223 0.058506944444444466 0.11130787037037031
0 0.5723958333333334 0.770150462962963 0.05050925925925931 0.0839351851851852
0 0.5514930555555555 0.789525462962963 0.03322916666666664 0.06621527777777772
0 0.45767361111111116 0.7516782407407407 0.050578703703703806 0.09331018518518519
0 0.3827951388888889 0.7453067129629629 0.0506018518518518 0.0964351851851852
0 0.2896006944444444 0.6866030092592592 0.03803240740740747 0.08326388888888889
0 0.05994791666666667 0.6215335648148148 0.11221064814814816 0.2055671296296296