0 0.09633680555555556 0.13395833333333335 0.09774305555555556 0.11815972222222224
0 0.20104166666666665 0.17208912037037036 0.1133912037037037 0.13550925925925927
0 0.33404513888888887 0.18645833333333334 0.1628819444444444 0.17981481481481482
0 0.5340856481481481 0.2060590277777778 0.21524305555555542 0.24594907407407404
0 0.619988425925926 0.23046296296296295 0.09331018518518519 0.09630787037037036
0 0.6909201388888888 0.24419560185185185 0.07355324074074084 0.08667824074074071
0 0.7344444444444445 0.25288773148148147 0.06730324074074083 0.08658564814814813
0 0.7708506944444444 0.2733564814814815 0.1378587962962964 0.1623263888888889
0 0.8129976851851852 0.25016782407407406 0.07100694444444429 0.0944212962962963
0 0.819074074074074 0.2734201388888889 0.055636574074074116 0.07240740740740748
0 0.8902546296296296 0.26069444444444445 0.07980324074074048 0.08677083333333328