0 0.7238483796296296 0.4989988425925926 0.09552083333333332 0.1241087962962963
0 0.561574074074074 0.4598842592592593 0.07856481481481481 0.12975694444444447
0 0.5073148148148148 0.4149131944444445 0.057094907407407545 0.08813657407407409
0 0.3598148148148148 0.585474537037037 0.08136574074074084 0.11921296296296298
0 0.3168344907407407 0.4220601851851852 0.04578703703703706 0.07425925925925933
0 0.2710416666666667 0.4264120370370371 0.03438657407407408 0.0572569444444444
0 0.28685185185185186 0.32955439814814813 0.12190972222222225 0.17413194444444446
0 0.2287962962962963 0.3666087962962963 0.07653935185185183 0.11393518518518526
0 0.17432291666666666 0.3932175925925926 0.0621990740740741 0.10278935185185176
0 0.14304976851851853 0.3885011574074074 0.04280092592592592 0.07855324074074073
0 0.10894675925925927 0.3670833333333333 0.05047453703703705 0.07484953703703709
0 0.05848958333333334 0.3716261574074074 0.04403935185185186 0.06781249999999997