0 0.0890625 0.63046875 0.05 0.06640625
0 0.1234375 0.61328125 0.03828125 0.059375
0 0.2359375 0.77578125 0.203125 0.3375
0 0.3359375 0.6203125 0.0515625 0.07265625
0 0.3390625 0.53046875 0.03828125 0.05703125
0 0.1875 0.6046875 0.04609375 0.06875
0 0.41875 0.6515625 0.03125 0.04765625
0 0.478125 0.61796875 0.0328125 0.04609375
0 0.4796875 0.69140625 0.0828125 0.1390625
0 0.5703125 0.66015625 0.065625 0.10703125
0 0.625 0.6546875 0.04453125 0.06875
0 0.6578125 0.659375 0.0359375 0.05546875
0 0.8125 0.63359375 0.13828125 0.18359375
0 0.97421875 0.671875 0.0484375 0.121875
0 0.9328125 0.68046875 0.0625 0.1046875