0 0.06858796296296296 0.5141145833333333 0.049004629629629634 0.0830208333333335
0 0.13881944444444444 0.40718750000000004 0.050520833333333307 0.07697916666666664
0 0.11302083333333332 0.40140624999999996 0.03326388888888889 0.06531249999999997
0 0.08727430555555556 0.40265625 0.0395486111111111 0.07083333333333339
0 0.1305613425925926 0.34598958333333335 0.06467592592592593 0.09135416666666671
0 0.17160300925925925 0.3022916666666666 0.07569444444444447 0.10374999999999997
0 0.2265277777777778 0.23625 0.11201388888888886 0.1601041666666667
0 0.21538773148148146 0.10208333333333333 0.15890046296296295 0.16791666666666666
0 0.527349537037037 0.17645833333333333 0.13263888888888892 0.205
0 0.3934722222222222 0.3310937500000001 0.09629629629629628 0.14552083333333332
0 0.31555555555555553 0.34880208333333335 0.07732638888888888 0.11333333333333329
0 0.262650462962963 0.37140625 0.0552893518518518 0.0885416666666666
0 0.23953125000000003 0.41125 0.04263888888888889 0.06656250000000004
0 0.2139525462962963 0.43515625 0.04424768518518522 0.07302083333333335
0 0.2212789351851852 0.4759375 0.03628472222222223 0.05166666666666657
0 0.2634490740740741 0.47921874999999997 0.029988425925925898 0.04458333333333329
0 0.27424189814814814 0.4611458333333333 0.03002314814814815 0.049270833333333285
0 0.3007523148148148 0.45765625 0.04266203703703706 0.06968749999999986
0 0.3586168981481482 0.4723958333333333 0.04901620370370363 0.08458333333333332
0 0.4305381944444444 0.4882291666666667 0.044201388888888894 0.06677083333333336
0 0.4843229166666667 0.47901041666666666 0.04584490740740747 0.07791666666666668
0 0.4652951388888889 0.5443749999999999 0.03317129629629623 0.05281249999999993
0 0.5151157407407407 0.5268229166666666 0.044201388888888894 0.06677083333333336
0 0.5318807870370371 0.4720833333333333 0.058333333333333216 0.07802083333333343
0 0.5626331018518519 0.5144270833333333 0.03946759259259256 0.05989583333333322
0 0.5676388888888889 0.5580208333333333 0.030069444444444392 0.05552083333333328
0 0.6370833333333333 0.5555729166666666 0.04574074074074073 0.06385416666666668
0 0.6453356481481481 0.510625 0.04733796296296298 0.06875
0 0.6357175925925926 0.4765625 0.061539351851851797 0.08937500000000007
0 0.789988425925926 0.4409375 0.09143518518518512 0.12145833333333336
0 0.7546469907407407 0.5166145833333333 0.06315972222222221 0.09739583333333321
0 0.7464988425925926 0.5756249999999999 0.041030092592592736 0.060104166666666715
0 0.7396759259259259 0.6028125 0.031608796296296406 0.052604166666666605
0 0.6949826388888889 0.575 0.03472222222222214 0.051458333333333425
0 0.6795023148148148 0.5924479166666667 0.025277777777777642 0.04083333333333332
0 0.6667303240740741 0.5540625 0.026828703703703737 0.03947916666666664
0 0.7802083333333334 0.5957291666666666 0.030069444444444572 0.05552083333333328
0 0.7655439814814814 0.61796875 0.023726851851851905 0.0421875
0 0.8041898148148148 0.5669270833333334 0.03793981481481481 0.06437500000000007
0 0.8144907407407407 0.5878125000000001 0.03474537037037031 0.05458333333333343
0 0.8381886574074073 0.6260937500000001 0.03321759259259238 0.05906249999999993
0 0.860758101851852 0.6173958333333334 0.036342592592592385 0.05947916666666657
0 0.8956539351851852 0.5869270833333333 0.039537037037036885 0.06927083333333321
0 0.9037615740740741 0.6278124999999999 0.0362962962962964 0.05322916666666657
0 0.9513310185185186 0.6224479166666667 0.037951388888888715 0.06593750000000007
0 0.9330092592592593 0.5723958333333333 0.048969907407407476 0.07833333333333332
0 0.9263194444444445 0.5121875 0.07421296296296305 0.11447916666666665
0 0.9788541666666667 0.4022916666666666 0.042291666666666575 0.15583333333333335