0 0.6653993055555555 0.21785300925925927 0.2881828703703704 0.36163194444444446
0 0.6571817129629629 0.06912615740740741 0.17869212962962955 0.13825231481481481
0 0.5149479166666666 0.026909722222222217 0.0866087962962963 0.053819444444444434
0 0.4479861111111111 0.010141782407407401 0.06021990740740737 0.020283564814814803
0 0.4490625 0.08165509259259258 0.10890046296296307 0.13767361111111112
0 0.4104166666666667 0.16435185185185186 0.13275462962962958 0.1695601851851852
0 0.28452546296296294 0.4066550925925926 0.22758101851851853 0.2924189814814815
0 0.22743634259259257 0.2722511574074074 0.145462962962963 0.18564814814814817
0 0.3209027777777778 0.14201388888888888 0.0909143518518519 0.11603009259259256
0 0.38843171296296297 0.07838541666666668 0.0776157407407407 0.09525462962962963
0 0.4062615740740741 0.0240162037037037 0.05395833333333329 0.0480324074074074
0 0.36074074074074075 0.041854745370370365 0.06804398148148146 0.08370949074074073
0 0.3190162037037037 0.07216435185185185 0.06275462962962966 0.07418981481481482
0 0.27956018518518516 0.08252314814814814 0.045358796296296335 0.05723379629629628
0 0.25873842592592594 0.10850694444444445 0.05454861111111118 0.06961805555555553
0 0.2344212962962963 0.11377314814814814 0.05670138888888889 0.07459490740740743
0 0.20196759259259262 0.15335648148148148 0.05826388888888889 0.07488425925925926
0 0.18207175925925925 0.2325810185185185 0.08759259259259258 0.11388888888888893
0 0.14420717592592594 0.2121238425925926 0.08583333333333334 0.11203703703703702
0 0.06193865740740741 0.2716145833333333 0.061979166666666655 0.08015046296296298
0 0.04173900462962963 0.38440393518518523 0.08347800925925926 0.14351851851851852
0 0.07358796296296297 0.5001157407407407 0.14717592592592593 0.24745370370370362
0 0.033903356481481475 0.3336226851851852 0.06780671296296295 0.1445023148148148