0 0.6575694444444444 0.11034432870370367 0.24106481481481482 0.22068865740740734
0 0.8074594907407407 0.12777777777777774 0.10480324074074084 0.15138888888888888
0 0.8435590277777777 0.1516782407407407 0.081527777777778 0.10989583333333335
0 0.8708854166666665 0.1616319444444444 0.058067129629629476 0.07887731481481483
0 0.8968634259259259 0.1524305555555555 0.054548611111111 0.07482638888888889
0 0.8456597222222222 0.20069444444444437 0.04184027777777786 0.057523148148148115
0 0.8219444444444445 0.19192708333333328 0.031481481481481666 0.046932870370370375
0 0.807494212962963 0.19320023148148144 0.036365740740740546 0.04988425925925925
0 0.7913773148148148 0.20173611111111106 0.04164351851851844 0.05596064814814812
0 0.7714699074074074 0.19259259259259257 0.06275462962962948 0.08026620370370371
0 0.7920370370370371 0.22635995370370368 0.0451620370370371 0.06001157407407405
0 0.8084374999999999 0.22751736111111107 0.03636574074074091 0.04988425925925925
0 0.750625 0.24464699074074076 0.04457175925925938 0.055324074074074046
0 0.7163773148148149 0.22395833333333331 0.0735069444444445 0.09398148148148149
0 0.6815914351851852 0.25532407407407404 0.06295138888888889 0.08182870370370372
0 0.588119212962963 0.29881365740740734 0.08113425925925917 0.1067708333333334
0 0.3482986111111111 0.3458043981481481 0.14975694444444443 0.19780092592592596
0 0.4878703703703703 0.3841724537037037 0.05688657407407405 0.0695023148148148
0 0.5491261574074073 0.44123263888888886 0.02893518518518512 0.03865740740740744
0 0.6280208333333334 0.32835648148148144 0.0383217592592592 0.053472222222222233
0 0.6567303240740741 0.32135416666666666 0.03597222222222225 0.04675925925925926
0 0.6005729166666667 0.3432581018518518 0.03049768518518512 0.039120370370370416
0 0.5590624999999999 0.36232638888888885 0.046921296296296336 0.06203703703703702
0 0.5094328703703704 0.3980902777777778 0.032453703703703596 0.04270833333333339
0 0.5147164351851852 0.38599537037037035 0.03186342592592588 0.03802083333333339
0 0.5389351851851851 0.37881944444444443 0.034803240740740725 0.04942129629629628
0 0.46402777777777776 0.4062789351851851 0.05239583333333329 0.0696759259259259
0 0.4600983796296296 0.4315104166666666 0.03597222222222207 0.04675925925925917
0 0.4369502314814815 0.4421296296296296 0.04184027777777786 0.057523148148148094
0 0.40951388888888884 0.444994212962963 0.05943287037037028 0.07777777777777786
0 0.42052662037037036 0.4650462962962963 0.03733796296296301 0.045659722222222324
0 0.3769155092592592 0.4350983796296296 0.06706018518518517 0.09056712962962972
0 0.38147569444444446 0.4645833333333334 0.039293981481481485 0.04924768518518512
0 0.3554918981481482 0.47980324074074066 0.05787037037037042 0.07731481481481488
0 0.3198321759259259 0.5061631944444445 0.04184027777777786 0.057523148148148094
0 0.33316550925925925 0.44806134259259256 0.05336805555555557 0.06545138888888893
0 0.27335069444444443 0.5169270833333334 0.05923611111111109 0.07621527777777785
0 0.2997974537037037 0.5278935185185185 0.036365740740740726 0.04988425925925917
0 0.3405266203703704 0.509056712962963 0.04555555555555557 0.06313657407407405
0 0.25261574074074067 0.5561631944444445 0.03909722222222225 0.04768518518518512
0 0.24171874999999998 0.5172743055555555 0.06900462962962965 0.08211805555555554
0 0.2225347222222222 0.5680844907407407 0.04555555555555557 0.06313657407407405
0 0.1729398148148148 0.5677372685185185 0.06803240740740742 0.08634259259259255
0 0.18806134259259258 0.579050925925926 0.043206018518518484 0.05642361111111107
0 0.1270023148148148 0.6219618055555556 0.046921296296296336 0.06203703703703702
0 0.08975694444444444 0.5713252314814815 0.07174768518518518 0.0919560185185185
0 0.04493634259259259 0.6108506944444445 0.08987268518518518 0.11672453703703703
0 0.06850694444444443 0.6385416666666667 0.06959490740740741 0.08680555555555554
0 0.10609374999999999 0.6386863425925926 0.04359953703703705 0.05954861111111107
0 0.016440972222222218 0.6058159722222223 0.032881944444444436 0.15711805555555552