0 0.7644618055555555 0.17607060185185186 0.06739583333333332 0.08021990740740739
0 0.745451388888889 0.22466435185185185 0.08732638888888893 0.10831018518518523
0 0.6649305555555556 0.24769097222222225 0.06291666666666665 0.0845254629629629
0 0.6365972222222223 0.2805787037037037 0.0838541666666666 0.10024305555555557
0 0.5572048611111111 0.27607060185185184 0.065763888888889 0.07853009259259255
0 0.5442013888888889 0.31868634259259265 0.07406249999999996 0.09010416666666661
0 0.5808333333333333 0.3666666666666667 0.10854166666666672 0.13027777777777771
0 0.45602430555555556 0.3282233796296296 0.07208333333333332 0.08060185185185187
0 0.35335069444444445 0.27621527777777777 0.05569444444444445 0.062141203703703775
0 0.4478472222222223 0.40886574074074067 0.09052083333333343 0.11012731481481483
0 0.34085069444444444 0.4536516203703703 0.09555555555555557 0.11832175925925928
0 0.3247916666666667 0.6039351851851852 0.15749999999999992 0.18097222222222217
0 0.12170138888888889 0.621267361111111 0.1524652777777778 0.17277777777777778