0 0.2265625 0.50390625 0.05 0.09140625
0 0.3453125 0.49296875 0.046875 0.08046875
0 0.3234375 0.4375 0.034375 0.06953125
0 0.4296875 0.528125 0.05625 0.09453125
0 0.4578125 0.4765625 0.04375 0.08046875
0 0.4390625 0.453125 0.034375 0.05546875
0 0.5125 0.4640625 0.034375 0.08359375
0 0.54765625 0.49609375 0.0546875 0.103125
0 0.5734375 0.43203125 0.028125 0.053125
0 0.64296875 0.44453125 0.0296875 0.0609375
0 0.6484375 0.5640625 0.065625 0.1109375
0 0.70859375 0.45859375 0.0484375 0.071875
0 0.80078125 0.5140625 0.0890625 0.15546875
0 0.9109375 0.471875 0.04375 0.09453125
0 0.9796875 0.4890625 0.034375 0.10546875
0 0.97109375 0.678125 0.0546875 0.228125
0 0.9421875 0.4609375 0.0375 0.09453125