0 0.18732060185185184 0.5207465277777777 0.19944444444444445 0.3183796296296297
0 0.24723958333333335 0.3612210648148148 0.13949074074074075 0.2186805555555556
0 0.19608217592592592 0.30691550925925926 0.12196759259259257 0.1940972222222223
0 0.2724594907407408 0.2681076388888889 0.12170138888888893 0.19253472222222218
0 0.39416666666666667 0.220462962962963 0.07903935185185187 0.12475694444444445
0 0.4955439814814815 0.1740625 0.0845254629629629 0.13086805555555553
0 0.6318460648148149 0.12527199074074075 0.0876504629629629 0.13181712962962963
0 0.7429513888888889 0.10221064814814815 0.0848263888888889 0.1413310185185185
0 0.8098900462962962 0.0918894675925926 0.12250000000000014 0.1837789351851852
0 0.7652141203703703 0.03460069444444445 0.060983796296296335 0.0692013888888889
0 0.8963368055555556 0.04681423611111111 0.09370370370370366 0.09362847222222222
0 0.9444444444444444 0.10675925925925926 0.11111111111111108 0.21351851851851852
0 0.9649594907407408 0.0351388888888889 0.07008101851851833 0.0702777777777778