0 0.10078125 0.43203125 0.0328125 0.04140625
0 0.140625 0.43828125 0.03984375 0.0484375
0 0.15 0.39453125 0.02734375 0.0390625
0 0.19765625 0.40546875 0.0328125 0.0390625
0 0.26484375 0.403125 0.03984375 0.053125
0 0.29375 0.39453125 0.02578125 0.034375
0 0.346875 0.4140625 0.04140625 0.05546875
0 0.35078125 0.3828125 0.0328125 0.0296875
0 0.33515625 0.309375 0.01875 0.034375
0 0.05 0.4140625 0.02734375 0.03671875
0 0.07421875 0.42734375 0.02421875 0.03671875
0 0.40859375 0.37265625 0.02421875 0.03203125
0 0.41796875 0.3875 0.02578125 0.034375
0 0.453125 0.38515625 0.02421875 0.0390625
0 0.49375 0.378125 0.0359375 0.0390625
0 0.55546875 0.3703125 0.02734375 0.03203125
0 0.5109375 0.50234375 0.0984375 0.1125
0 0.62578125 0.41640625 0.0859375 0.0921875
0 0.68359375 0.53125 0.1640625 0.21171875
0 0.68125 0.41484375 0.04453125 0.06171875
0 0.72578125 0.375 0.034375 0.04609375
0 0.76640625 0.37578125 0.0296875 0.0390625
0 0.834375 0.36796875 0.06171875 0.0828125
0 0.7828125 0.46875 0.06171875 0.0875
0 0.8015625 0.421875 0.07265625 0.08515625