0 0.014623842592592595 0.5248784722222222 0.02924768518518519 0.11552083333333343
0 0.01731770833333333 0.4657638888888888 0.03463541666666666 0.061076388888889
0 0.0929513888888889 0.3478993055555556 0.06444444444444444 0.08388888888888886
0 0.08453703703703704 0.5561284722222222 0.09817129629629631 0.1336458333333333
0 0.14033564814814814 0.4466145833333333 0.049537037037037025 0.06916666666666664
0 0.16995949074074074 0.4534201388888889 0.05350694444444448 0.08194444444444429
0 0.2 0.47373263888888884 0.06468749999999997 0.09298611111111121
0 0.21420138888888887 0.40782986111111114 0.042743055555555555 0.057395833333333354
0 0.26375000000000004 0.4012847222222223 0.04863425925925924 0.06447916666666664
0 0.2524016203703704 0.47196180555555556 0.06035879629629628 0.08618055555555557
0 0.3259375 0.4309722222222222 0.05386574074074071 0.07597222222222225
0 0.3565277777777778 0.31914930555555554 0.06167824074074071 0.07736111111111113
0 0.40489004629629627 0.3618576388888889 0.05482638888888882 0.07312499999999993
0 0.45080439814814816 0.4525347222222222 0.1289467592592592 0.16024305555555554
0 0.4491782407407408 0.3630381944444444 0.05789351851851841 0.08121527777777775
0 0.4768460648148148 0.38 0.05109953703703703 0.06944444444444446
0 0.5157638888888889 0.35421874999999997 0.055787037037037024 0.07027777777777774
0 0.5292476851851852 0.37822916666666667 0.07033564814814816 0.09097222222222232
0 0.5672685185185184 0.33751736111111114 0.05999999999999996 0.09215277777777775
0 0.5980497685185184 0.3931597222222222 0.11584490740740741 0.15489583333333332
0 0.6490451388888889 0.37126736111111114 0.10592592592592602 0.14256944444444447
0 0.6742361111111111 0.22871527777777775 0.054768518518518584 0.0806597222222222
0 0.7167013888888889 0.29812500000000003 0.07159722222222235 0.08968749999999996
0 0.7693055555555557 0.32272569444444443 0.09660879629629626 0.13336805555555556
0 0.8859664351851851 0.2536979166666667 0.07797453703703709 0.11496527777777779