0 0.10870949074074074 0.2532002314814815 0.052719907407407396 0.09075231481481483
0 0.15940393518518517 0.23527777777777778 0.06585648148148149 0.1076736111111111
0 0.19769675925925925 0.1179513888888889 0.10968749999999998 0.17893518518518517
0 0.2529050925925926 0.1828935185185185 0.0721064814814815 0.10841435185185185
0 0.4449074074074074 0.06334490740740742 0.12731481481481483 0.12668981481481484
0 0.8517592592592592 0.0393113425925926 0.0859259259259261 0.0786226851851852
0 0.1754398148148148 0.4112962962962963 0.032500000000000015 0.04533564814814817
0 0.1482060185185185 0.41531828703703705 0.025590277777777802 0.03990740740740737
0 0.2724247685185185 0.40059606481481486 0.028252314814814827 0.04790509259259253
0 0.2973784722222222 0.41987847222222224 0.021365740740740692 0.03172453703703706
0 0.3415625 0.3669849537037037 0.03181712962962964 0.05140046296296301
0 0.30363425925925924 0.3627430555555556 0.025590277777777802 0.03990740740740737
0 0.31960648148148146 0.40850694444444446 0.01936342592592588 0.028414351851851906
0 0.40120949074074075 0.3900983796296296 0.03049768518518512 0.042025462962962924
0 0.4725636574074074 0.31015625 0.055648148148148203 0.07880787037037038
0 0.51625 0.28194444444444444 0.04226851851851841 0.07107638888888897
0 0.5798842592592592 0.2656655092592593 0.04605324074074062 0.07613425925925928
0 0.6240914351851853 0.30887731481481484 0.03293981481481474 0.04846064814814817
0 0.642505787037037 0.3607060185185185 0.03293981481481474 0.04846064814814817
0 0.6656018518518518 0.2539178240740741 0.03716435185185176 0.056643518518518475
0 0.6997627314814815 0.29911458333333335 0.04893518518518523 0.08569444444444443
0 0.7456828703703704 0.26984375000000005 0.06363425925925928 0.10280092592592593
0 0.7917013888888889 0.24691550925925926 0.05206018518518505 0.08606481481481483
0 0.7730439814814816 0.311875 0.04072916666666657 0.060138888888888874
0 0.747366898148148 0.3721064814814815 0.03760416666666657 0.05976851851851848
0 0.7039351851851852 0.3851967592592593 0.029131944444444356 0.054155092592592526
0 0.6622858796296296 0.39966435185185184 0.03093749999999993 0.04515046296296301
0 0.8543229166666666 0.34195601851851853 0.0418287037037036 0.06795138888888896
0 0.81515625 0.2894097222222222 0.05005787037037033 0.08275462962962958
0 0.8825462962962962 0.23773726851851854 0.06097222222222243 0.09480324074074069
0 0.8370659722222221 0.37736111111111115 0.034942129629629906 0.05177083333333332
0 0.8652199074074074 0.4137384259259259 0.027592592592592523 0.04321759259259252
0 0.8848668981481481 0.3558101851851852 0.027152777777777713 0.04009259259259261
0 0.1899884259259259 0.49773726851851857 0.026712962962962994 0.036967592592592524
0 0.2186400462962963 0.5094328703703704 0.020902777777777715 0.0393518518518519