0 0.56015625 0.34609375 0.0296875 0.04765625
0 0.63828125 0.4578125 0.04296875 0.0703125
0 0.740625 0.4453125 0.0453125 0.06484375
0 0.8046875 0.5203125 0.06015625 0.1046875
0 0.8421875 0.46484375 0.03828125 0.075
0 0.896875 0.47265625 0.053125 0.08984375
0 0.959375 0.4734375 0.0515625 0.0875
0 0.97421875 0.5515625 0.0484375 0.1078125
0 0.49765625 0.50859375 0.071875 0.1078125
0 0.425 0.59765625 0.11015625 0.16484375
0 0.37109375 0.52109375 0.06484375 0.09765625
0 0.3734375 0.4578125 0.03359375 0.06484375
0 0.32578125 0.46875 0.03828125 0.0578125
0 0.2625 0.4671875 0.05859375 0.0796875
0 0.22890625 0.49609375 0.0546875 0.07734375
0 0.15859375 0.52890625 0.0796875 0.09765625
0 0.15390625 0.47890625 0.0546875 0.07265625
0 0.0984375 0.51015625 0.053125 0.0953125
0 0.05078125 0.43984375 0.0484375 0.075
0 0.02109375 0.4921875 0.04140625 0.11484375