0 0.006223958333333335 0.6607291666666667 0.01244791666666667 0.055625000000000036
0 0.005373263888888891 0.6182291666666666 0.010746527777777782 0.036562500000000143
0 0.014201388888888888 0.6428125 0.028402777777777777 0.04875000000000007
0 0.023125 0.6083333333333334 0.034583333333333334 0.04166666666666678
0 0.036857638888888884 0.5841145833333334 0.034444444444444444 0.04010416666666679
0 0.055190972222222225 0.5863020833333333 0.03274305555555555 0.03833333333333329
0 0.07857638888888889 0.5924479166666667 0.05513888888888889 0.06447916666666664
0 0.05253472222222222 0.5727604166666667 0.03246527777777777 0.035208333333333286
0 0.07552083333333333 0.55734375 0.029479166666666678 0.036354166666666646
0 0.09192708333333334 0.5551562499999999 0.03458333333333334 0.04166666666666678
0 0.1006423611111111 0.5786979166666667 0.0364236111111111 0.04499999999999993
0 0.13152777777777777 0.5699479166666667 0.044791666666666695 0.052291666666666715
0 0.12348958333333333 0.5301041666666666 0.03444444444444441 0.04010416666666679
0 0.1342361111111111 0.5047395833333334 0.02791666666666668 0.03614583333333332
0 0.1639409722222222 0.5092708333333333 0.029756944444444412 0.03947916666666664
0 0.1562673611111111 0.5434895833333334 0.04152777777777779 0.05031250000000007
0 0.19288194444444445 0.5571354166666667 0.05684027777777776 0.06624999999999996
0 0.1987847222222222 0.5254687499999999 0.0364236111111111 0.04499999999999993
0 0.17071180555555557 0.48520833333333335 0.02791666666666668 0.03614583333333332
0 0.21390625000000002 0.4856249999999999 0.039687499999999966 0.04697916666666657
0 0.22184027777777776 0.5092708333333333 0.043368055555555604 0.05364583333333339
0 0.2069097222222222 0.4688020833333333 0.029756944444444478 0.03947916666666664
0 0.24449652777777775 0.47151041666666665 0.03642361111111114 0.04499999999999993
0 0.2699652777777778 0.48895833333333333 0.04704861111111107 0.06031250000000003
0 0.23369791666666667 0.4366666666666667 0.0311805555555555 0.038125000000000145
0 0.24190972222222223 0.4224479166666667 0.022951388888888858 0.03239583333333336
0 0.25649305555555557 0.43208333333333326 0.029479166666666678 0.036354166666666646
0 0.2730902777777778 0.45380208333333333 0.03628472222222223 0.04343749999999993
0 0.3013194444444444 0.46624999999999994 0.045208333333333336 0.05697916666666671
0 0.27484375 0.40802083333333333 0.026215277777777768 0.034375
0 0.2869097222222222 0.4025520833333333 0.0313194444444445 0.039687499999999966
0 0.3122916666666667 0.41229166666666667 0.0296180555555555 0.03791666666666664
0 0.3003298611111111 0.39921875 0.020833333333333304 0.025937500000000037
0 0.31095486111111115 0.38390625 0.027777777777777856 0.03458333333333332
0 0.33428819444444446 0.3645833333333333 0.021111111111111035 0.029062500000000036
0 0.3539583333333333 0.36041666666666666 0.025937500000000037 0.03125
0 0.3559201388888889 0.3817708333333333 0.02791666666666668 0.03614583333333332
0 0.36770833333333336 0.3794270833333333 0.031597222222222235 0.04281249999999996
0 0.37979166666666664 0.45192708333333337 0.05513888888888889 0.06447916666666664
0 0.41708333333333336 0.4492708333333333 0.06236111111111118 0.07624999999999993
0 0.4234895833333333 0.42062499999999997 0.046354166666666786 0.05250000000000003
0 0.40640625 0.40437499999999993 0.045069444444444426 0.05541666666666667
0 0.38288194444444446 0.36505208333333333 0.03302083333333332 0.041458333333333285
0 0.37758680555555557 0.34645833333333337 0.020972222222222215 0.027500000000000035
0 0.3672916666666667 0.34937500000000005 0.029479166666666678 0.036354166666666646
0 0.4128298611111111 0.31473958333333335 0.019270833333333393 0.025729166666666713
0 0.4223958333333333 0.33739583333333334 0.03499999999999996 0.046354166666666606
0 0.4347048611111111 0.3465625 0.03458333333333332 0.04166666666666661
0 0.43885416666666666 0.32593750000000005 0.029479166666666678 0.036354166666666646
0 0.4956770833333334 0.2859375 0.03104166666666668 0.03656249999999996
0 0.4964930555555556 0.26807291666666666 0.020833333333333214 0.025937500000000037
0 0.5128298611111111 0.30140625 0.02791666666666668 0.03614583333333332
0 0.4918055555555556 0.3729166666666667 0.039826388888888786 0.048541666666666664
0 0.43407986111111113 0.3883333333333333 0.039270833333333324 0.04229166666666666
0 0.43902777777777774 0.41083333333333333 0.04180555555555543 0.053437499999999895
0 0.5268402777777779 0.3435416666666667 0.045347222222222074 0.058541666666666714
0 0.54609375 0.3440625 0.052291666666666715 0.0671875
0 0.615017361111111 0.35031249999999997 0.09312499999999986 0.10968750000000008
0 0.5705208333333334 0.30375 0.05045138888888889 0.06385416666666668
0 0.5416840277777778 0.27208333333333334 0.03472222222222214 0.04322916666666661
0 0.5305555555555556 0.24963541666666664 0.026076388888888857 0.0328125
0 0.5869444444444445 0.27531249999999996 0.036701388888888964 0.04812499999999993
0 0.6035069444444444 0.28005208333333337 0.03642361111111114 0.04499999999999993
0 0.6050520833333334 0.23661458333333335 0.03486111111111114 0.044791666666666605
0 0.6432118055555556 0.24156249999999999 0.04180555555555543 0.053437499999999985
0 0.6810590277777778 0.30213541666666666 0.07836805555555557 0.1
0 0.6665451388888888 0.22223958333333335 0.03513888888888879 0.04791666666666663
0 0.68234375 0.20083333333333334 0.03486111111111114 0.044791666666666695
0 0.6817361111111111 0.18161458333333333 0.02906249999999986 0.03166666666666669
0 0.6924305555555555 0.16552083333333334 0.02763888888888886 0.03302083333333332
0 0.7051909722222222 0.18697916666666667 0.033159722222222146 0.04302083333333333
0 0.72078125 0.16791666666666666 0.03458333333333332 0.0416666666666667
0 0.7360243055555555 0.15276041666666668 0.026076388888888857 0.0328125
0 0.7494965277777779 0.14015624999999998 0.0294791666666665 0.036354166666666646
0 0.7202430555555555 0.25213541666666667 0.06052083333333336 0.0729166666666666
0 0.7667361111111111 0.2328125 0.06576388888888882 0.07979166666666666
0 0.7774479166666668 0.19046875 0.05017361111111107 0.06072916666666663
0 0.8072569444444444 0.14171875 0.051875000000000074 0.0625
0 0.8412847222222222 0.10630208333333332 0.038125000000000145 0.04677083333333334
0 0.8922569444444445 0.1234375 0.04520833333333343 0.05697916666666667
0 0.8706944444444445 0.07072916666666668 0.036562500000000143 0.04656249999999999
0 0.8870486111111111 0.07781249999999999 0.0314583333333335 0.04125000000000001
0 0.86109375 0.17005208333333335 0.04677083333333343 0.05718750000000004
0 0.9056076388888888 0.25984375000000004 0.121875 0.1552083333333333