0 0.9315104166666668 0.6340104166666667 0.11906249999999971 0.17353009259259267
0 0.9151736111111111 0.7693460648148148 0.07881944444444429 0.11403935185185184
0 0.9179340277777779 0.8215451388888889 0.06246527777777757 0.07868055555555564
0 0.8752256944444443 0.802824074074074 0.0546875 0.07896990740740754
0 0.7777430555555556 0.7085300925925926 0.06746527777777764 0.09350694444444443
0 0.7872743055555556 0.7383101851851851 0.05940972222222225 0.08129629629629634
0 0.7293229166666666 0.699855324074074 0.06260416666666657 0.08493055555555565
0 0.7210243055555555 0.8263078703703703 0.03864583333333336 0.057673611111111
0 0.7155034722222222 0.6160590277777778 0.08000000000000007 0.09710648148148149
0 0.8267361111111111 0.4444386574074074 0.20545138888888906 0.2779050925925926
0 0.6641319444444445 0.6343460648148148 0.06593750000000007 0.09481481481481477
0 0.6269097222222222 0.6510185185185186 0.057916666666666575 0.08416666666666668
0 0.5321875 0.6089236111111112 0.0546875 0.07896990740740736
0 0.5334722222222222 0.5863946759259259 0.051284722222222176 0.06596064814814824
0 0.5247222222222222 0.5567418981481481 0.0641319444444445 0.08362268518518512
0 0.5280555555555555 0.5125925925925926 0.09475694444444435 0.1306481481481482
0 0.51390625 0.3377893518518518 0.18541666666666679 0.28709490740740745
0 0.4488194444444444 0.5851446759259259 0.0483680555555555 0.07482638888888893
0 0.4180034722222222 0.5605208333333334 0.05944444444444445 0.08285879629629633
0 0.4252083333333333 0.5185706018518518 0.06107638888888896 0.08623842592592582
0 0.3775347222222222 0.4763020833333333 0.09156250000000003 0.1270138888888889
0 0.3467013888888889 0.4171759259259259 0.09961805555555561 0.139224537037037
0 0.22071180555555556 0.3002025462962963 0.17347222222222225 0.24000000000000005
0 0.2068923611111111 0.4633912037037037 0.0657986111111111 0.08856481481481478
0 0.15296875000000001 0.42010416666666667 0.06902777777777777 0.09376157407407408
0 0.08347222222222221 0.37192708333333335 0.09135416666666667 0.11763888888888889
0 0.04071180555555556 0.461400462962963 0.04357638888888889 0.06937499999999996