0 0.9015219907407406 0.4554976851851852 0.11163194444444428 0.13565972222222217
0 0.8430844907407407 0.46362847222222225 0.10502314814814824 0.14028935185185193
0 0.825642361111111 0.5132638888888889 0.11434027777777792 0.14972222222222217
0 0.770630787037037 0.5236053240740741 0.12425925925925937 0.1622800925925926
0 0.7040567129629629 0.5517997685185185 0.14072916666666657 0.17769675925925926
0 0.673587962962963 0.44422453703703707 0.0917361111111111 0.11803240740740736
0 0.6959085648148149 0.43160300925925926 0.06907407407407398 0.09383101851851858
0 0.5389814814814814 0.44630787037037034 0.10255787037037045 0.13527777777777777
0 0.5156770833333333 0.3837210648148148 0.07688657407407398 0.09545138888888882
0 0.47533564814814816 0.41960648148148144 0.09197916666666668 0.12708333333333327
0 0.4883506944444444 0.5378125 0.16207175925925926 0.21062499999999992
0 0.4511631944444444 0.46934606481481483 0.0985879629629629 0.12245370370370381
0 0.41989583333333336 0.40435763888888887 0.0856018518518518 0.10175925925925924
0 0.3558912037037037 0.3835821759259259 0.06781249999999997 0.09506944444444443
0 0.3512210648148148 0.4411168981481482 0.09474537037037037 0.13365740740740736
0 0.3115104166666667 0.4763831018518518 0.11938657407407405 0.14476851851851863
0 0.37340856481481477 0.5874768518518518 0.1875 0.24140046296296305
0 0.20947916666666666 0.4957233796296297 0.14662037037037035 0.1849189814814814
0 0.12870949074074073 0.4774710648148148 0.10876157407407408 0.18306712962962965
0 0.1543576388888889 0.43928819444444445 0.09162037037037037 0.13300925925925924
0 0.2391724537037037 0.42012731481481486 0.09847222222222225 0.1374305555555555
0 0.18177083333333333 0.3752199074074074 0.0740625 0.0963657407407407
0 0.14496527777777776 0.37883680555555554 0.06997685185185185 0.09851851851851849
0 0.09983217592592593 0.36647569444444444 0.0572916666666667 0.0793865740740741
0 0.08412037037037037 0.3744675925925926 0.03763888888888887 0.07081018518518523