0 0.24754050925925924 0.2421875 0.48258101851851853 0.484375
0 0.3805324074074074 0.2359375 0.04297453703703704 0.040625
0 0.3884606481481482 0.2046875 0.04640046296296294 0.04375
0 0.5330671296296297 0.20546875 0.04156250000000004 0.0421875
0 0.4835069444444445 0.234375 0.02755787037037045 0.0265625
0 0.4866493055555555 0.25078125 0.031134259259259167 0.03125
0 0.6233912037037037 0.3078125 0.07425925925925939 0.0734375
0 0.6652835648148148 0.3453125 0.09980324074074076 0.0953125
0 0.7192650462962963 0.34609375 0.084236111111111 0.0796875
0 0.8470833333333333 0.4078125 0.09950231481481495 0.0921875
0 0.8657696759259259 0.3828125 0.0705324074074074 0.0671875
0 0.9586371527777778 0.44609375 0.08272569444444429 0.0953125
0 0.9740972222222222 0.4796875 0.05180555555555557 0.153125
0 0.9306944444444444 0.42421875 0.04655092592592567 0.0453125
0 0.8972048611111111 0.4171875 0.04297453703703695 0.040625
0 0.5780787037037036 0.3078125 0.05370370370370381 0.0546875
0 0.5629456018518518 0.28046875 0.039699074074074046 0.0390625
0 0.5313773148148148 0.2609375 0.025995370370370453 0.0265625