0 0.09609375 0.5859375 0.11640625 0.15546875
0 0.2234375 0.37734375 0.05078125 0.0765625
0 0.31875 0.37578125 0.0453125 0.07890625
0 0.31171875 0.31796875 0.034375 0.040625
0 0.3671875 0.28671875 0.0328125 0.06015625
0 0.38671875 0.31015625 0.0421875 0.084375
0 0.415625 0.3671875 0.04921875 0.10078125
0 0.48671875 0.33046875 0.04921875 0.0875
0 0.44609375 0.3015625 0.034375 0.0734375
0 0.4109375 0.259375 0.03671875 0.0765625
0 0.47890625 0.26796875 0.03125 0.06015625
0 0.5234375 0.28984375 0.0328125 0.0765625
0 0.57109375 0.2703125 0.0328125 0.07109375
0 0.56171875 0.38828125 0.0546875 0.0984375
0 0.6 0.3390625 0.0328125 0.08203125
0 0.628125 0.30703125 0.03125 0.07890625
0 0.65 0.29765625 0.03125 0.065625
0 0.66015625 0.2421875 0.03984375 0.07890625
0 0.7234375 0.38515625 0.05078125 0.109375
0 0.75390625 0.34296875 0.034375 0.084375
0 0.75625 0.2921875 0.0328125 0.065625