0 0.5752488425925926 0.3618576388888889 0.0391319444444445 0.04321759259259252
0 0.9724421296296295 0.4335474537037037 0.0551157407407409 0.23219907407407409
0 0.9863512731481482 0.33474537037037033 0.027297453703703668 0.1491898148148148
0 0.9654745370370371 0.23409722222222223 0.06905092592592581 0.08517361111111113
0 0.9466261574074075 0.2297164351851852 0.063784722222222 0.07026620370370369
0 0.9028009259259259 0.30614583333333334 0.0966550925925926 0.10633101851851859
0 0.8609606481481482 0.2896296296296296 0.07591435185185205 0.08300925925925924
0 0.9117592592592594 0.4002604166666666 0.12363425925925924 0.12490740740740738
0 0.8452546296296297 0.35736689814814815 0.08568287037037052 0.08637731481481481
0 0.8034375 0.35395254629629636 0.06847222222222209 0.07116898148148146
0 0.8012499999999999 0.3322569444444444 0.07591435185185195 0.08300925925925924
0 0.8175868055555556 0.40037615740740745 0.10408564814814802 0.11222222222222218
0 0.8352546296296296 0.44776041666666666 0.10291666666666685 0.11348379629629637
0 0.8259490740740741 0.4888715277777777 0.14399305555555558 0.1526157407407407
0 0.925390625 0.6165625 0.14921875 0.3349305555555556
0 0.7106712962962962 0.5970833333333333 0.16982638888888885 0.18435185185185182
0 0.7217824074074074 0.47207175925925926 0.10760416666666668 0.11438657407407397
0 0.7048958333333333 0.42453703703703705 0.06965277777777779 0.07585648148148146
0 0.7382291666666667 0.38125578703703705 0.05869212962962962 0.061851851851851866
0 0.656550925925926 0.48627314814814815 0.08843749999999986 0.09731481481481481
0 0.6670486111111111 0.4564004629629629 0.07473379629629626 0.07832175925925924
0 0.6652430555555556 0.4297164351851851 0.05635416666666657 0.06437500000000003
0 0.5873611111111112 0.4717476851851852 0.06299768518518505 0.06714120370370366
0 0.6261747685185185 0.5445486111111111 0.14438657407407404 0.15417824074074069
0 0.6106423611111111 0.5999652777777778 0.11974537037037045 0.13307870370370373
0 0.5591782407407407 0.5549942129629629 0.09274305555555565 0.10260416666666679
0 0.5475868055555556 0.5187268518518519 0.06495370370370371 0.06900462962962965
0 0.47810185185185183 0.5583217592592593 0.08608796296296291 0.093888888888889
0 0.5280381944444444 0.6232465277777777 0.10996527777777772 0.12376157407407398
0 0.6169675925925926 0.7519270833333334 0.20934027777777792 0.22318287037037016
0 0.5322974537037037 0.7117129629629629 0.15143518518518526 0.1644560185185185
0 0.42428240740740747 0.6178356481481482 0.08725694444444443 0.09262731481481482
0 0.3763946759259259 0.7171643518518518 0.1393055555555555 0.1517129629629629
0 0.45168981481481485 0.8697685185185187 0.21907407407407414 0.2087037037037036
0 0.2829918981481482 0.7105787037037038 0.08881944444444442 0.09292824074074062
0 0.3073611111111111 0.6804918981481481 0.0755208333333334 0.08144675925925923
0 0.37295138888888885 0.6482002314814814 0.06965277777777779 0.07585648148148146
0 0.3321064814814815 0.6421412037037036 0.0559490740740741 0.05686342592592588
0 0.3486342592592593 0.8183506944444445 0.14677083333333335 0.1754513888888888
0 0.24896990740740743 0.6958333333333334 0.056342592592592576 0.05842592592592588