0 0.7823206018518519 0.2549652777777777 0.06921296296296298 0.11340277777777777
0 0.8353587962962964 0.6409722222222222 0.20532407407407405 0.3195023148148149
0 0.5655960648148148 0.5479282407407406 0.13807870370370381 0.21743055555555557
0 0.3804398148148148 0.7826331018518518 0.2818287037037037 0.2954282407407408
0 0.1872685185185185 0.7113194444444445 0.21099537037037042 0.30545138888888895
0 0.41137152777777775 0.5325925925925926 0.12418981481481488 0.17678240740740742
0 0.32355324074074077 0.5005324074074073 0.0885416666666667 0.13375000000000004
0 0.27575231481481477 0.4955439814814815 0.08703703703703702 0.13491898148148138
0 0.19444444444444442 0.47577546296296297 0.08952546296296297 0.11851851851851851
0 0.06364293981481481 0.5908796296296297 0.12728587962962962 0.23972222222222223
0 0.006307870370370369 0.5577835648148148 0.012615740740740738 0.12505787037037042
0 0.034577546296296294 0.3204224537037037 0.06915509259259259 0.11223379629629626