0 0.9104513888888889 0.7700462962962963 0.1790972222222223 0.3805092592592594
0 0.9512499999999999 0.6079803240740741 0.09750000000000014 0.18901620370370367
0 0.9917187500000001 0.5298958333333333 0.01656249999999986 0.09518518518518526
0 0.8112152777777777 0.4338078703703704 0.10145833333333334 0.09090277777777782
0 0.8616840277777778 0.4332696759259259 0.08256944444444443 0.07780092592592584
0 0.9006944444444445 0.4427777777777778 0.058854166666666784 0.05336805555555557
0 0.7213020833333333 0.4171238425925926 0.1408333333333333 0.1372222222222222
0 0.5302083333333333 0.3654861111111111 0.27840277777777783 0.26331018518518523
0 0.6699131944444445 0.33788773148148155 0.10760416666666668 0.10086805555555553
0 0.7355208333333334 0.3706597222222222 0.07076388888888889 0.060995370370370415
0 0.5669444444444445 0.27666666666666667 0.07281250000000003 0.06431712962962965
0 0.4728993055555556 0.2678877314814815 0.11097222222222225 0.10282407407407401
0 0.3888020833333333 0.20980902777777777 0.10013888888888892 0.09226851851851856
0 0.29845486111111114 0.15094328703703702 0.08569444444444443 0.07819444444444441
0 0.24633680555555557 0.20489004629629629 0.1707986111111111 0.16244212962962962
0 0.1747048611111111 0.1284664351851852 0.09041666666666667 0.0987037037037037
0 0.4307986111111111 0.1400347222222222 0.08822916666666672 0.08464120370370369