0 0.1078125 0.3 0.08671875 0.14609375
0 0.06328125 0.25859375 0.07734375 0.11171875
0 0.08671875 0.18984375 0.05703125 0.09453125
0 0.0984375 0.153125 0.0453125 0.071875
0 0.02421875 0.11015625 0.04453125 0.06953125
0 0.1265625 0.096875 0.04765625 0.0640625
0 0.1515625 0.08671875 0.0328125 0.06484375
0 0.2 0.0765625 0.03203125 0.0609375
0 0.21953125 0.040625 0.02890625 0.05
0 0.24453125 0.03359375 0.02421875 0.04609375
0 0.3 0.028125 0.028125 0.04609375
0 0.34375 0.01640625 0.02109375 0.0296875
0 0.30859375 0.21484375 0.06015625 0.09140625
0 0.20234375 0.4390625 0.1109375 0.184375
0 0.459375 0.45078125 0.11015625 0.196875
0 0.51171875 0.3984375 0.06796875 0.121875
0 0.6046875 0.43828125 0.06015625 0.11015625
0 0.7140625 0.43046875 0.06171875 0.128125
0 0.88515625 0.4609375 0.07265625 0.11875
0 0.95859375 0.18984375 0.0546875 0.08515625
0 0.5453125 0.31171875 0.03984375 0.06171875
0 0.50546875 0.3015625 0.03984375 0.0734375
0 0.43671875 0.275 0.05703125 0.090625
0 0.36796875 0.25 0.06171875 0.10078125
0 0.30625 0.16171875 0.0515625 0.06640625
0 0.2984375 0.1234375 0.04296875 0.0515625
0 0.40703125 0.0765625 0.03359375 0.0609375
0 0.4515625 0.075 0.03203125 0.04375
0 0.478125 0.21015625 0.03671875 0.05
0 0.47265625 0.16328125 0.03203125 0.046875
0 0.5046875 0.14921875 0.03671875 0.05625