0 0.008773148148148151 0.5571354166666667 0.017546296296296303 0.0609375
0 0.04707175925925926 0.5359895833333332 0.09414351851851852 0.11750000000000008
0 0.11748263888888891 0.5333333333333334 0.07175925925925926 0.08645833333333322
0 0.1744849537037037 0.5065104166666667 0.05915509259259259 0.07093749999999996
0 0.20973379629629632 0.5010416666666666 0.04729166666666664 0.06166666666666672
0 0.2565914351851852 0.4625 0.13239583333333335 0.16989583333333336
0 0.35288194444444443 0.43505208333333334 0.06164351851851855 0.07895833333333328
0 0.39152199074074073 0.43989583333333326 0.0506018518518518 0.06364583333333336
0 0.4367881944444445 0.38234375 0.04268518518518505 0.04875000000000007
0 0.47512731481481485 0.4156770833333333 0.044166666666666646 0.06125000000000003
0 0.49140046296296297 0.40812500000000007 0.03993055555555554 0.051458333333333384
0 0.5872800925925926 0.37765624999999997 0.09686342592592592 0.1036458333333334
0 0.538605324074074 0.49640625000000005 0.07295138888888886 0.08354166666666671
0 0.644693287037037 0.35385416666666664 0.04903935185185197 0.06343750000000004
0 0.6810011574074075 0.3459375 0.04342592592592602 0.05499999999999998
0 0.7666145833333333 0.3891145833333333 0.13128472222222207 0.16052083333333328
0 0.7430208333333332 0.30921875 0.061273148148148236 0.07583333333333338
0 0.8058912037037038 0.29776041666666664 0.08923611111111107 0.1041666666666666
0 0.866087962962963 0.2958854166666667 0.06770833333333322 0.07822916666666675
0 0.915625 0.29312499999999997 0.09282407407407404 0.21229166666666668