0 0.0703125 0.375 0.04140625 0.065625
0 0.0953125 0.36015625 0.03515625 0.06796875
0 0.15546875 0.3328125 0.03359375 0.0578125
0 0.23046875 0.33203125 0.0265625 0.04375
0 0.3578125 0.3078125 0.025 0.05234375
0 0.41640625 0.30703125 0.02734375 0.03828125
0 0.4578125 0.29296875 0.03125 0.04609375
0 0.51484375 0.303125 0.025 0.04609375
0 0.58671875 0.3171875 0.02890625 0.04609375
0 0.7515625 0.3328125 0.03359375 0.065625
0 0.81640625 0.35625 0.0375 0.06015625
0 0.88203125 0.378125 0.02890625 0.05625
0 0.965625 0.38984375 0.0390625 0.0640625
0 0.6671875 0.77890625 0.0953125 0.15
0 0.43359375 0.896875 0.11484375 0.18984375
0 0.15390625 0.90234375 0.16015625 0.17578125