0 0.07890625 0.48203125 0.06953125 0.13515625
0 0.25234375 0.4015625 0.03046875 0.05859375
0 0.2890625 0.41171875 0.040625 0.090625
0 0.415625 0.44765625 0.0453125 0.1109375
0 0.46796875 0.40546875 0.03359375 0.06640625
0 0.55078125 0.39765625 0.03671875 0.0828125
0 0.53125 0.390625 0.01953125 0.05625
0 0.61484375 0.2984375 0.0265625 0.06640625
0 0.51328125 0.58515625 0.09453125 0.2171875
0 0.74453125 0.45234375 0.05703125 0.125
0 0.684375 0.41640625 0.03359375 0.07265625
0 0.7328125 0.3703125 0.0265625 0.06015625
0 0.96640625 0.3953125 0.0453125 0.0984375