0 0.05078125 0.51484375 0.08203125 0.13515625
0 0.02265625 0.40625 0.0453125 0.07265625
0 0.0609375 0.425 0.04140625 0.0703125
0 0.16953125 0.40859375 0.0453125 0.0671875
0 0.17109375 0.50234375 0.0515625 0.0703125
0 0.26328125 0.51484375 0.05703125 0.0953125
0 0.2625 0.425 0.03515625 0.05
0 0.284375 0.43515625 0.03515625 0.0546875
0 0.31796875 0.4828125 0.03359375 0.0546875
0 0.35 0.475 0.046875 0.0796875
0 0.3734375 0.44375 0.0296875 0.04765625
0 0.4578125 0.425 0.03828125 0.0546875
0 0.46328125 0.2859375 0.0234375 0.0375
0 0.4 0.8046875 0.146875 0.2296875
0 0.5796875 0.62734375 0.11328125 0.16484375
0 0.725 0.575 0.0765625 0.11015625
0 0.8015625 0.4546875 0.05 0.0796875
0 0.884375 0.48125 0.04140625 0.07265625
0 0.865625 0.55625 0.06171875 0.0921875
0 0.9 0.62734375 0.09296875 0.13515625
0 0.78671875 0.7625 0.11015625 0.1546875