0 0.4418171296296297 0.1773148148148148 0.22111111111111117 0.275
0 0.45186921296296295 0.628732638888889 0.10195601851851847 0.12540509259259275
0 0.46528935185185183 0.5701967592592593 0.05717592592592595 0.0706018518518519
0 0.15925347222222222 0.28000578703703705 0.27151620370370366 0.41186342592592595
0 0.9265740740740739 0.5091435185185185 0.08631944444444457 0.10150462962962958
0 0.991507523148148 0.47916666666666663 0.016984953703703808 0.11545138888888892
0 0.9847395833333333 0.39869791666666665 0.030520833333333285 0.057928240740740745
0 0.9466782407407408 0.425 0.05081018518518512 0.06192129629629624
0 0.8779745370370371 0.4190393518518518 0.04891203703703724 0.06006944444444447
0 0.8524247685185184 0.44001736111111106 0.06253472222222242 0.07459490740740726
0 0.8106597222222222 0.40063657407407405 0.034953703703703806 0.04398148148148149
0 0.7345717592592592 0.46996527777777775 0.0425462962962964 0.05138888888888893
0 0.9734085648148149 0.31119791666666663 0.02892361111111086 0.03686342592592586