0 0.06796875 0.58046875 0.0640625 0.06875
0 0.1078125 0.48359375 0.0515625 0.0625
0 0.2453125 0.45625 0.05 0.0578125
0 0.21171875 0.578125 0.05859375 0.05390625
0 0.3578125 0.45703125 0.0453125 0.0515625
0 0.38203125 0.5609375 0.0609375 0.05625
0 0.4796875 0.46796875 0.04609375 0.06875
0 0.540625 0.5796875 0.0515625 0.0703125
0 0.61171875 0.4796875 0.04609375 0.0625
0 0.7328125 0.45 0.05390625 0.06484375
0 0.7015625 0.57578125 0.0546875 0.06640625
0 0.86171875 0.60390625 0.0640625 0.0703125
0 0.9578125 0.6140625 0.06640625 0.0796875