0 0.08113425925925927 0.2999189814814815 0.12564814814814815 0.1540162037037037
0 0.16957754629629632 0.32642361111111107 0.15619212962962964 0.18662037037037038
0 0.2735706018518519 0.38447916666666665 0.11005787037037038 0.13380787037037045
0 0.32048032407407406 0.40825231481481483 0.07144675925925928 0.09726851851851848
0 0.3474305555555556 0.4449247685185185 0.056782407407407386 0.06940972222222222
0 0.4140219907407407 0.41086226851851854 0.11005787037037038 0.1338078703703704
0 0.42603587962962963 0.46646990740740735 0.05611111111111104 0.08018518518518505
0 0.440787037037037 0.4884837962962963 0.06886574074074084 0.08460648148148149
0 0.5252604166666666 0.5153645833333333 0.09497685185185176 0.11984953703703702
0 0.6015046296296296 0.5272106481481481 0.07638888888888892 0.10087962962962962
0 0.6364641203703704 0.49459490740740736 0.05483796296296291 0.06456018518518505
0 0.6594212962962963 0.5899421296296297 0.07820601851851841 0.10416666666666678
0 0.815931712962963 0.5352662037037037 0.1692939814814814 0.21431712962962965
0 0.9000289351851851 0.6054398148148149 0.11770833333333357 0.1516435185185184