0 0.17870370370370373 0.43149305555555556 0.08378472222222219 0.09082175925925924
0 0.3057233796296296 0.5104224537037038 0.15703703703703703 0.16583333333333333
0 0.2807465277777778 0.4221180555555556 0.06586805555555557 0.0763425925925926
0 0.3080787037037037 0.4144039351851852 0.06118055555555557 0.07620370370370377
0 0.35357638888888887 0.44752314814814814 0.0987268518518519 0.11141203703703706
0 0.3640277777777778 0.40366319444444443 0.093738425925926 0.09886574074074073
0 0.551238425925926 0.5099479166666667 0.1776736111111111 0.1958912037037038
0 0.6030381944444445 0.42469328703703707 0.11210648148148153 0.13195601851851854
0 0.5507986111111111 0.3952488425925925 0.0909143518518519 0.11118055555555557
0 0.8098842592592593 0.608275462962963 0.20710648148148145 0.21846064814814808
0 0.9216145833333332 0.4108854166666666 0.14153935185185204 0.15452546296296302
0 0.9551388888888889 0.4610358796296296 0.08972222222222222 0.1660648148148148