0 0.28125 0.25078125 0.0328125 0.075
0 0.36484375 0.26171875 0.03515625 0.0671875
0 0.1109375 0.4171875 0.06015625 0.0984375
0 0.13828125 0.475 0.05859375 0.11328125
0 0.2453125 0.48125 0.0828125 0.13359375
0 0.31640625 0.48046875 0.0625 0.0984375
0 0.36015625 0.6140625 0.1078125 0.190625
0 0.4 0.44765625 0.04765625 0.0875
0 0.47109375 0.53046875 0.0578125 0.1359375
0 0.4703125 0.47890625 0.05 0.0921875
0 0.521875 0.4421875 0.0484375 0.0859375
0 0.6109375 0.51796875 0.07109375 0.11484375
0 0.59375 0.46875 0.06015625 0.0875
0 0.6171875 0.425 0.0453125 0.075
0 0.68203125 0.440625 0.03125 0.06875
0 0.6859375 0.59921875 0.09375 0.165625
0 0.76484375 0.52109375 0.0703125 0.12578125
0 0.8328125 0.46640625 0.03125 0.0671875
0 0.85859375 0.49765625 0.04765625 0.1046875
0 0.90703125 0.5421875 0.08359375 0.16328125
0 0.91015625 0.446875 0.03515625 0.06875
0 0.96796875 0.49921875 0.0484375 0.0984375
0 0.9875 0.44140625 0.02265625 0.04609375