0 0.1139525462962963 0.7124826388888889 0.10437500000000002 0.14737268518518523
0 0.1328125 0.8615393518518518 0.12093749999999996 0.19258101851851847
0 0.2187673611111111 0.711087962962963 0.07099537037037038 0.10472222222222208
0 0.29714699074074075 0.784230324074074 0.10465277777777775 0.15206018518518505
0 0.33921296296296294 0.893130787037037 0.2088425925925926 0.213738425925926
0 0.43178240740740736 0.8825694444444444 0.13418981481481485 0.23399305555555544
0 0.4916261574074074 0.8121238425925927 0.09178240740740744 0.14312499999999995
0 0.4920543981481481 0.741255787037037 0.04975694444444443 0.08473379629629622
0 0.4519849537037038 0.7419039351851853 0.05656250000000007 0.095451388888889
0 0.4065451388888889 0.7560532407407408 0.07255787037037038 0.10505787037037032
0 0.34150462962962963 0.7127719907407407 0.05913194444444443 0.08674768518518512
0 0.3078587962962963 0.6916608796296296 0.047638888888888876 0.07502314814814817
0 0.37495949074074075 0.717644675925926 0.05057870370370372 0.07256944444444446
0 0.566556712962963 0.775 0.06768518518518504 0.10092592592592595
0 0.5717824074074074 0.7460416666666666 0.06418981481481474 0.09400462962962966
0 0.630150462962963 0.7678356481481481 0.05554398148148145 0.078263888888889
0 0.44763310185185184 0.5643402777777777 0.04469907407407412 0.07747685185185187
0 0.8807812500000001 0.7931365740740741 0.06749999999999971 0.09780092592592596
0 0.9220949074074074 0.80046875 0.05131944444444443 0.08506944444444438
0 0.9752054398148149 0.8850462962962963 0.04958912037037031 0.12459490740740727
0 0.9940509259259258 0.7882407407407408 0.01189814814814838 0.09064814814814817